Time,#1角BAGP-II层二次风室入口气动挡板门阀位反馈,#2角BAGP-II层二次风室入口气动挡板门阀位反馈,#3角BAGP-II层二次风室入口气动挡板门阀位反馈,#4角BAGP-II层二次风室入口气动挡板门阀位反馈,#1角BAGP-III层二次风室入口气动挡板门阀位反馈,#2角BAGP-III层二次风室入口气动挡板门阀位反馈,#3角BAGP-III层二次风室入口气动挡板门阀位反馈,#4角BAGP-III层二次风室入口气动挡板门阀位反馈,#1角UAGP-I层二次风室入口气动挡板门阀位反馈,#2角UAGP-I层二次风室入口气动挡板门阀位反馈,#3角UAGP-I层二次风室入口气动挡板门阀位反馈,#4角UAGP-I层二次风室入口气动挡板门阀位反馈,#1角UAGP-II层二次风室入口气动挡板门阀位反馈,#2角UAGP-II层二次风室入口气动挡板门阀位反馈,#3角UAGP-II层二次风室入口气动挡板门阀位反馈,#4角UAGP-II层二次风室入口气动挡板门阀位反馈,#1角UAGP-III层二次风室入口气动挡板门阀位反馈,#2角UAGP-III层二次风室入口气动挡板门阀位反馈,#3角UAGP-III层二次风室入口气动挡板门阀位反馈,#4角UAGP-III层二次风室入口气动挡板门阀位反馈,#1角上层燃尽风流量,#2角上层燃尽风流量,#3角上层燃尽风流量,#4角上层燃尽风流量,#1角下层燃尽风流量,#2角下层燃尽风流量,#3角下层燃尽风流量,#4角下层燃尽风流量,#1角燃烧器摆动喷嘴气动执行机构控制指令,#2角燃烧器摆动喷嘴气动执行机构控制指令,#3角燃烧器摆动喷嘴气动执行机构控制指令,#4角燃烧器摆动喷嘴气动执行机构控制指令,#1角燃烧器摆动喷嘴气动执行机构阀位反馈,#2角燃烧器摆动喷嘴气动执行机构阀位反馈,#3角燃烧器摆动喷嘴气动执行机构阀位反馈,#4角燃烧器摆动喷嘴气动执行机构阀位反馈,#1角下层燃尽风摆动喷嘴气动执行机构控制指令,#2角下层燃尽风摆动喷嘴气动执行机构控制指令,#3角下层燃尽风摆动喷嘴气动执行机构控制指令,#4角下层燃尽风摆动喷嘴气动执行机构控制指令,#1角AA层二次风室入口气动挡板门阀位反馈,#2角AA层二次风室入口气动挡板门阀位反馈,#3角AA层二次风室入口气动挡板门阀位反馈,#4角AA层二次风室入口气动挡板门阀位反馈,#1角AI/AII层二次风室入口气动挡板门阀位反馈,#2角AI/AII层二次风室入口气动挡板门阀位反馈,#3角AI/AII层二次风室入口气动挡板门阀位反馈,#4角AI/AII层二次风室入口气动挡板门阀位反馈,#1角A层二次风室入口气动挡板门阀位反馈,#2角A层二次风室入口气动挡板门阀位反馈,#3角A层二次风室入口气动挡板门阀位反馈,#4角A层二次风室入口气动挡板门阀位反馈,#1角AB层二次风室入口气动挡板门阀位反馈,#2角AB层二次风室入口气动挡板门阀位反馈,#3角AB层二次风室入口气动挡板门阀位反馈,#4角AB层二次风室入口气动挡板门阀位反馈,#1角BI/BII层二次风室入口气动挡板门阀位反馈,#2角BI/BII层二次风室入口气动挡板门阀位反馈,#3角BI/BII层二次风室入口气动挡板门阀位反馈,#4角BI/BII层二次风室入口气动挡板门阀位反馈,#1角B层二次风室入口气动挡板门阀位反馈,#2角B层二次风室入口气动挡板门阀位反馈,#3角B层二次风室入口气动挡板门阀位反馈,#4角B层二次风室入口气动挡板门阀位反馈,#1角BC层二次风室入口气动挡板门阀位反馈,#2角BC层二次风室入口气动挡板门阀位反馈,#3角BC层二次风室入口气动挡板门阀位反馈,#4角BC层二次风室入口气动挡板门阀位反馈,#1角CI/CII层二次风室入口气动挡板门阀位反馈,#2角CI/CII层二次风室入口气动挡板门阀位反馈,#3角CI/CII层二次风室入口气动挡板门阀位反馈,#4角CI/CII层二次风室入口气动挡板门阀位反馈,#1角C层二次风室入口气动挡板门阀位反馈,#2角C层二次风室入口气动挡板门阀位反馈,#3角C层二次风室入口气动挡板门阀位反馈,#4角C层二次风室入口气动挡板门阀位反馈,#1角CD层二次风室入口气动挡板门阀位反馈,#2角CD层二次风室入口气动挡板门阀位反馈,#3角CD层二次风室入口气动挡板门阀位反馈,#4角CD层二次风室入口气动挡板门阀位反馈,#1角DI/DII层二次风室入口气动挡板门阀位反馈,#2角DI/DII层二次风室入口气动挡板门阀位反馈,#3角DI/DII层二次风室入口气动挡板门阀位反馈,#4角DI/DII层二次风室入口气动挡板门阀位反馈,#1角D层二次风室入口气动挡板门阀位反馈,#2角D层二次风室入口气动挡板门阀位反馈,#3角D层二次风室入口气动挡板门阀位反馈,#4角D层二次风室入口气动挡板门阀位反馈,#1角DE层二次风室入口气动挡板门阀位反馈,#2角DE层二次风室入口气动挡板门阀位反馈,#3角DE层二次风室入口气动挡板门阀位反馈,#4角DE层二次风室入口气动挡板门阀位反馈,#1角EI/EII层二次风室入口气动挡板门阀位反馈,#2角EI/EII层二次风室入口气动挡板门阀位反馈,#3角EI/EII层二次风室入口气动挡板门阀位反馈,#4角EI/EII层二次风室入口气动挡板门阀位反馈,#1角E层二次风室入口气动挡板门阀位反馈,#2角E层二次风室入口气动挡板门阀位反馈,#3角E层二次风室入口气动挡板门阀位反馈,#4角E层二次风室入口气动挡板门阀位反馈,#1角EF层二次风室入口气动挡板门阀位反馈,#2角EF层二次风室入口气动挡板门阀位反馈,#3角EF层二次风室入口气动挡板门阀位反馈,#4角EF层二次风室入口气动挡板门阀位反馈,#1角FI/FII层二次风室入口气动挡板门阀位反馈,#2角FI/FII层二次风室入口气动挡板门阀位反馈,#3角FI/FII层二次风室入口气动挡板门阀位反馈,#4角FI/FII层二次风室入口气动挡板门阀位反馈,#1角F层二次风室入口气动挡板门阀位反馈,#2角F层二次风室入口气动挡板门阀位反馈,#3角F层二次风室入口气动挡板门阀位反馈,#4角F层二次风室入口气动挡板门阀位反馈,#1角UAP层二次风室入口气动挡板门阀位反馈,#2角UAP层二次风室入口气动挡板门阀位反馈,#3角UAP层二次风室入口气动挡板门阀位反馈,#4角UAP层二次风室入口气动挡板门阀位反馈,#1角BAGP-I层二次风室入口气动挡板门阀位反馈,#2角BAGP-I层二次风室入口气动挡板门阀位反馈,#3角BAGP-I层二次风室入口气动挡板门阀位反馈,#4角BAGP-I层二次风室入口气动挡板门阀位反馈,#1角下层燃尽风摆动喷嘴气动执行机构阀位反馈,#2角下层燃尽风摆动喷嘴气动执行机构阀位反馈,#3角下层燃尽风摆动喷嘴气动执行机构阀位反馈,#4角下层燃尽风摆动喷嘴气动执行机构阀位反馈,#1角上层燃尽风摆动喷嘴气动执行机构控制指令,#2角上层燃尽风摆动喷嘴气动执行机构控制指令,#3角上层燃尽风摆动喷嘴气动执行机构控制指令,#4角上层燃尽风摆动喷嘴气动执行机构控制指令,#1角上层燃尽风摆动喷嘴气动执行机构阀位反馈,#2角上层燃尽风摆动喷嘴气动执行机构阀位反馈,#3角上层燃尽风摆动喷嘴气动执行机构阀位反馈,#4角上层燃尽风摆动喷嘴气动执行机构阀位反馈,磨煤机3A冷一次风电动调节挡板阀位反馈,磨煤机3A热一次风电动调节挡板阀位反馈,磨煤机3B冷一次风电动调节挡板阀位反馈,磨煤机3B热一次风电动调节挡板阀位反馈,磨煤机3C冷一次风电动调节挡板阀位反馈,磨煤机3C热一次风电动调节挡板阀位反馈,磨煤机3D冷一次风电动调节挡板阀位反馈,磨煤机3D热一次风电动调节挡板阀位反馈,磨煤机3E冷一次风电动调节挡板阀位反馈,磨煤机3E热一次风电动调节挡板阀位反馈,磨煤机3F冷一次风电动调节挡板阀位反馈,磨煤机3F热一次风电动调节挡板阀位反馈,给水流量,总煤量,总风量,#3A磨煤机合闸状态,#3B磨煤机合闸状态,#3C磨煤机合闸状态,#3D磨煤机合闸状态,#3E磨煤机合闸状态,#3F磨煤机合闸状态,给煤机3A瞬时煤量,给煤机3B瞬时煤量,给煤机3C瞬时煤量,给煤机3D瞬时煤量,给煤机3E瞬时煤量,给煤机3F瞬时煤量,磨煤机A进口一次风风量均值计算,磨煤机B进口一次风风量均值计算,磨煤机C进口一次风风量均值计算,磨煤机D进口一次风风量均值计算,磨煤机E进口一次风风量均值计算,磨煤机F进口一次风风量均值计算,磨煤机热一次风母管压力3,UNIT3:SQXN_GRJWSLL,UNIT3:SQXN_1ZJWS,UNIT3:SQXN_2ZJWS,炉膛负压,二级低温省煤器出口烟气温度2,UNIT3:SQXN_BFPH,3A SCR出口NOX浓度(折算),3A SCR入口NOX浓度(折算),3B SCR出口NOX浓度(折算),3B SCR入口NOX浓度(折算),省煤器进口给水温度,过热度,启动分离器壁温高值,过热器一级减温器进口温度A1,过热器一级减温器出口温度A1,过热器二级减温器进口温度A1,过热器二级减温器出口温度A1,高温过热器出口蒸汽温度A2,过热器一级减温器进口温度B1,过热器一级减温器出口温度B1,过热器二级减温器进口温度B1,过热器二级减温器出口温度B1,高温过热器出口蒸汽温度B2,一次再热再热器事故喷水减温器进口温度A,一次再热再热器事故喷水减温器出口温度A1,一次再热再热器微量喷水减温器进口温度A1,一次再热再热器微量喷水减温器出口温度A1,一次再热高温再热器出口蒸汽温度A1,一次再热再热器事故喷水减温器进口温度B,一次再热再热器事故喷水减温器出口温度B1,一次再热再热器微量喷水减温器进口温度B1,一次再热再热器微量喷水减温器出口温度B1,一次再热高温再热器出口蒸汽温度B1,二次再热再热器事故喷水减温器进口温度A,二次再热再热器事故喷水减温器出口温度A1,二次再热再热器微量喷水减温器进口温度A1,二次再热再热器微量喷水减温器出口温度A1,二次再热高温再热器出口蒸汽温度A2,二次再热再热器事故喷水减温器进口温度B,二次再热再热器事故喷水减温器出口温度B1,二次再热再热器微量喷水减温器进口温度B1,二次再热再热器微量喷水减温器出口温度B1,二次再热高温再热器出口蒸汽温度B2,选择后主蒸汽温度A侧,选择后主蒸汽温度B侧,高温过热器出口主蒸汽压力,机组有功,UNIT3:SQXN_ZZQLL
2020-11-22 06:45:50,96.7949,97.6496,97.7106,96.6117,80.9219,81.6545,81.8376,81.8376,29.2125,28.1136,28.5409,30.0672,15.293,15.3541,15.3541,15.4762,15.3541,14.8657,15.1709,15.293,46.8376,19.2918,21.1477,31.5995,92.6496,131.722,89.7192,75.1648,50,50,50,50,50.5189,50.3968,50.3968,50.5189,50,50,50,50,11.3858,11.0195,11.569,11.4469,10.7143,10.7753,11.0195,11.6911,12.0574,11.9963,12.4237,12.1184,54.5482,55.6471,54.7924,55.1587,25.7936,25.0,25.3053,25.6105,43.3761,57.4786,42.7045,43.1929,32.8755,32.9365,33.1807,32.3871,27.6862,27.1367,27.7473,27.5641,41.9719,42.8877,41.7277,42.3993,33.4249,34.0354,33.7302,33.6691,25.0,24.5727,24.8168,25.4274,42.7656,42.1551,41.9109,42.9487,32.5702,32.8755,33.3639,32.9365,25.5495,25.7326,25.7936,29.7619,42.6435,43.8645,41.7888,42.6435,15.8425,14.8046,30.9829,15.7814,15.293,14.3773,38.8584,14.9878,15.6593,15.3541,16.1477,15.232,35.0122,35.5617,36.0501,35.5006,96.7949,98.138,97.2222,98.0159,50.3968,50.0305,50.9463,50.7631,50,50,50,50,50.7021,50.58,50.3968,50.3358,5.6471300000000015,0.396825,1.31258,54.4872,32.9365,53.083,19.8718,55.464,20.3602,52.0452,2.77778,0.396825,1157.17,168.41,1437.3,0.0,1.0,1.0,1.0,1.0,0.0,0.129731,42.2146,41.9032,41.6438,42.007,0.233517,13.1573,96.7326,89.1253,92.0544,97.549,0.0,8.15934,4.92716,0.0,0.0,3.85766,97.3639,95.2946,52.2709,300.2270000000001,55.6688,280.127,291.001,43.675,414.576,420.146,417.72,505.902,503.704,591.909,423.171,419.569,512.415,501.915,601.816,412.137,409.252,531.445,528.94,618.7,411.127,410.406,529.5840000000002,526.865,617.909,432.453,427.271,541.25,536.812,618.053,433.029,431.733,542.18,541.178,617.118,591.5,602.196,22.2589,404.715,1150.41
2020-11-22 06:45:55,96.7949,97.6496,97.7106,96.6117,80.9219,81.105,81.8376,81.8376,28.3578,28.1136,28.5409,29.3346,15.293,15.3541,15.3541,15.4762,15.3541,14.8657,15.1709,15.293,45.9585,19.2918,21.1477,32.5763,93.5287,131.722,91.5751,76.1416,50,50,50,50,50.5189,50.3968,50.3968,50.5189,50,50,50,50,11.3858,11.0195,11.569,11.4469,10.7143,10.7753,11.0195,11.6911,12.0574,11.9963,12.4237,12.1184,54.5482,55.6471,54.7924,55.1587,25.7936,25.0,25.3053,25.6105,43.3761,57.4786,42.1551,43.1929,32.8755,32.9365,33.1807,32.3871,27.6862,27.1367,27.7473,27.5641,41.9719,42.8877,41.7277,42.3993,33.4249,34.0354,33.7302,33.6691,25.0,24.5727,24.8168,25.4274,42.7656,42.1551,41.9109,42.9487,32.5702,32.8755,33.3639,32.9365,25.5495,25.7326,25.7936,29.7619,42.6435,43.8645,41.7888,42.6435,15.8425,14.8046,30.9829,15.7814,15.293,15.1099,38.8584,14.9878,15.6593,15.3541,16.1477,15.232,35.0122,35.5617,36.0501,35.5006,96.7949,98.138,97.2222,98.0159,50.3968,50.0305,50.9463,50.7631,50,50,50,50,50.7021,50.58,50.3968,50.3358,5.6471300000000015,0.396825,1.31258,54.4872,32.9365,53.083,19.8718,55.464,20.3602,52.0452,2.77778,0.396825,1157.25,168.41,1431.85,0.0,1.0,1.0,1.0,1.0,0.0,0.129731,42.2146,41.9032,41.6438,42.007,0.233517,14.4068,97.45,88.3177,92.5084,97.549,0.0,8.06044,6.88571,0.0,0.0,1.37395,97.3639,95.2946,52.2709,305.014,55.6688,283.835,291.001,43.675,414.576,420.146,418.776,504.9,503.704,591.909,423.171,420.578,512.2719999999998,503.275,601.816,412.137,409.252,531.445,528.94,618.7,411.127,410.406,529.5840000000002,526.865,617.909,432.453,427.271,541.25,536.812,618.053,433.029,431.733,542.18,541.178,617.118,591.5,601.191,22.2589,405.244,1152.63
2020-11-22 06:46:00,96.7949,97.6496,97.7106,96.6117,80.9219,81.105,81.8376,81.8376,27.6252,26.6484,27.7473,28.1136,15.293,15.3541,15.3541,15.4762,15.3541,14.8657,15.1709,15.293,46.8376,18.4127,21.1477,33.5531,93.5287,131.722,92.7473,74.5788,50,50,50,50,50.5189,50.3968,50.3968,50.5189,50,50,50,50,11.3858,11.0195,11.569,11.4469,10.7143,10.7753,11.0195,11.6911,12.0574,11.9963,12.4237,12.1184,54.5482,55.6471,54.7924,55.1587,25.7936,25.0,25.3053,25.6105,43.3761,57.4786,42.1551,43.1929,32.8755,32.9365,33.1807,32.3871,27.6862,27.1367,27.7473,27.5641,41.9719,42.8877,41.7277,42.3993,33.4249,34.0354,33.7302,33.6691,25.0,24.5727,24.8168,25.4274,42.7656,42.1551,41.9109,42.9487,32.5702,32.8755,33.3639,32.9365,25.5495,25.7326,25.7936,29.7619,42.6435,43.8645,41.7888,42.6435,15.8425,14.8046,30.9829,15.7814,15.293,15.1099,38.8584,14.9878,15.6593,15.3541,16.1477,15.232,35.0122,35.5617,36.0501,35.5006,96.7949,98.138,97.2222,98.0159,50.3968,50.0305,50.9463,50.7631,50,50,50,50,50.7021,50.58,50.3968,50.3358,5.6471300000000015,0.396825,1.31258,54.4872,34.768,53.083,19.8718,55.464,20.3602,52.0452,2.77778,0.396825,1152.83,168.41,1427.65,0.0,1.0,1.0,1.0,1.0,0.0,0.129731,42.2146,41.9032,41.6438,42.007,0.233517,14.4068,96.8492,87.7018,91.7645,96.9163,0.0,8.06044,6.859610000000001,0.0,0.0,-12.0897,97.3639,95.2946,54.1333,304.742,57.385,287.264,291.001,43.675,414.576,420.146,418.776,504.9,503.704,591.909,423.171,420.578,512.129,504.5630000000001,600.81,411.127,409.252,531.445,528.94,618.7,410.045,409.396,529.5840000000002,526.865,617.909,432.453,428.279,541.25,536.812,618.053,433.029,431.733,542.18,541.178,617.118,590.496,601.191,22.2589,404.715,1154.01
2020-11-22 06:46:05,96.7949,97.6496,97.7106,96.6117,80.9219,81.105,81.8376,81.8376,26.4042,26.6484,26.16,27.381,15.293,15.3541,15.3541,15.4762,15.3541,14.8657,15.1709,15.293,47.8144,18.4127,21.1477,32.674,93.5287,132.796,90.2076,73.5043,50,50,50,50,50.5189,50.3968,50.3968,50.5189,50,50,50,50,11.3858,11.0195,11.0195,11.4469,10.7143,10.7753,11.0195,11.6911,12.0574,11.9963,12.4237,12.1184,54.5482,55.6471,54.7924,55.1587,25.7936,25.0,25.3053,25.6105,43.3761,57.4786,42.1551,43.1929,32.8755,32.9365,33.1807,31.5934,27.6862,27.1367,27.7473,27.5641,41.9719,42.8877,41.7277,42.3993,33.4249,34.0354,33.7302,33.6691,25.0,24.5727,24.8168,25.4274,42.7656,42.1551,41.9109,42.9487,32.5702,32.8755,33.3639,32.9365,25.5495,25.7326,25.7936,29.7619,42.6435,43.8645,41.7888,42.6435,15.8425,14.8046,30.9829,15.7814,15.293,15.1099,38.8584,14.9878,15.6593,15.3541,16.1477,15.232,35.0122,35.5617,36.0501,35.5006,96.7949,98.138,97.2222,98.0159,50.3968,50.0305,50.9463,50.7631,50,50,50,50,50.7021,50.58,50.3968,50.3358,5.6471300000000015,0.396825,1.31258,54.4872,34.768,53.083,19.8718,55.464,21.8864,50.58,2.77778,0.396825,1149.7,168.41,1427.74,0.0,1.0,1.0,1.0,1.0,0.0,0.129731,42.2146,41.9032,41.6438,42.007,0.233517,14.4068,94.7888,88.8195,93.6456,98.5287,0.0,8.06044,6.94004,0.0,0.0,-15.7416,97.3639,95.2946,56.7087,304.713,58.2028,287.264,291.001,43.675,414.576,420.146,418.776,504.9,503.704,591.909,423.171,420.578,511.985,505.565,600.81,411.127,409.252,531.445,528.94,617.693,410.045,409.396,529.5840000000002,526.865,617.909,432.453,428.279,541.25,536.812,618.053,433.029,431.733,542.18,541.178,617.118,590.496,600.185,22.2589,405.244,1154.01
2020-11-22 06:46:10,96.7949,97.6496,97.7106,96.6117,80.9219,81.105,81.8376,81.8376,26.4042,25.1832,26.16,26.3431,15.293,15.3541,15.3541,15.4762,15.3541,14.8657,15.1709,15.293,46.5446,18.4127,20.0733,32.674,93.5287,131.722,91.0867,74.4811,50,50,50,50,50.5189,50.3968,50.3968,50.5189,50,50,50,50,11.3858,11.0195,11.0195,11.4469,10.7143,10.7753,11.0195,11.6911,12.0574,11.9963,12.4237,12.1184,54.5482,55.6471,54.7924,55.1587,25.7936,25.0,25.3053,25.6105,43.3761,58.0281,41.6056,43.1929,32.8755,32.9365,33.1807,31.5934,27.6862,27.1367,27.7473,27.5641,41.9719,42.8877,41.7277,42.3993,33.4249,34.0354,33.7302,33.6691,25.0,24.5727,24.8168,25.4274,42.7656,42.1551,41.9109,42.3993,32.5702,32.8755,33.3639,32.9365,25.5495,25.7326,25.7936,29.7619,42.6435,43.8645,41.7888,42.6435,15.8425,14.8046,30.9829,15.7814,15.293,15.1099,38.8584,14.9878,15.6593,15.3541,16.1477,15.232,35.0122,35.5617,36.0501,35.5006,96.7949,98.138,97.2222,98.0159,50.3968,50.0305,50.9463,50.7631,50,50,50,50,50.7021,50.58,50.3968,50.3358,5.6471300000000015,0.396825,1.31258,54.4872,34.768,53.083,19.8718,55.464,21.8864,50.58,2.77778,0.396825,1146.43,168.41,1429.77,0.0,1.0,1.0,1.0,1.0,0.0,0.129731,42.2146,41.9032,41.6438,42.007,0.233517,14.4068,95.3555,87.6346,92.2459,96.924,0.0,8.06044,4.56585,0.0,0.0,-19.4172,97.3639,95.2946,57.8735,307.425,58.2028,287.39,289.968,43.675,414.576,420.146,418.776,504.9,503.704,590.905,423.171,420.578,511.842,505.565,599.805,411.127,409.252,531.445,528.94,617.693,410.045,409.396,529.5840000000002,527.867,616.9019999999998,432.453,428.279,540.248,536.812,617.0459999999998,433.029,431.733,542.18,541.178,617.118,590.496,600.185,22.2589,404.715,1154.01
2020-11-22 06:46:15,96.7949,97.6496,97.7106,96.6117,80.9219,81.105,81.105,81.8376,25.3663,25.1832,25.6105,25.4884,15.293,15.3541,15.3541,15.4762,15.3541,14.8657,15.1709,15.293,46.5446,18.4127,20.0733,32.674,93.5287,131.722,89.6215,75.5556,50,50,50,50,50.5189,50.3968,50.3968,50.5189,50,50,50,50,11.3858,11.0195,11.0195,11.4469,10.7143,10.7753,11.0195,11.6911,12.0574,11.9963,11.8742,12.1184,54.5482,55.6471,54.7924,55.1587,25.7936,25.0,25.3053,25.6105,43.3761,58.0281,42.7656,43.1929,32.8755,32.9365,33.1807,31.5934,27.6862,27.1367,27.7473,27.5641,41.9719,42.8877,41.7277,42.3993,33.4249,34.0354,33.7302,33.6691,25.0,24.5727,24.8168,25.4274,42.7656,42.1551,41.9109,42.3993,32.5702,32.8755,33.3639,32.9365,25.5495,25.7326,25.7936,29.7619,42.6435,43.8645,41.7888,42.6435,15.8425,14.8046,30.9829,15.7814,15.293,15.1099,38.8584,14.9878,15.6593,15.3541,16.1477,15.232,35.0122,35.5617,36.0501,35.5006,96.7949,98.138,97.2222,98.0159,50.3968,50.0305,50.9463,50.7631,50,50,50,50,50.7021,50.58,50.3968,50.3358,5.6471300000000015,0.396825,1.31258,54.4872,34.768,53.083,19.8718,55.464,21.8864,50.58,2.77778,0.396825,1147.66,168.41,1431.21,0.0,1.0,1.0,1.0,1.0,0.0,0.129731,42.2146,41.9032,41.6438,42.007,0.233517,14.4068,95.8862,88.9064,92.2459,97.9465,0.0,8.06044,4.56619,0.0,0.0,-14.6696,97.3639,95.2946,57.8735,309.969,58.2028,290.309,289.968,43.675,414.576,420.146,418.776,504.9,503.704,590.905,423.171,420.578,511.842,506.639,599.805,411.127,408.169,531.445,528.94,617.693,410.045,409.396,529.5840000000002,527.867,616.9019999999998,432.453,429.358,540.248,536.812,617.0459999999998,433.029,431.733,541.178,541.178,616.111,590.496,599.1080000000002,22.2589,404.715,1154.01
2020-11-22 06:46:20,96.7949,97.6496,97.7106,96.6117,80.9219,81.105,81.105,81.8376,24.3895,23.7179,23.4737,25.4884,15.293,15.3541,15.3541,14.9267,15.3541,14.8657,15.1709,15.293,45.3724,18.4127,20.0733,32.674,93.5287,131.722,90.8913,75.5556,50,50,50,50,50.5189,50.3968,50.3968,50.5189,50,50,50,50,11.3858,11.0195,11.0195,11.4469,10.7143,10.7753,11.0195,11.6911,12.0574,11.9963,11.8742,12.1184,54.5482,55.6471,54.7924,55.1587,25.7936,25.0,25.3053,25.6105,43.3761,58.0281,42.7656,43.1929,32.8755,32.9365,33.1807,31.5934,27.6862,27.1367,27.7473,27.5641,41.9719,42.8877,41.7277,42.3993,33.4249,34.0354,33.7302,33.6691,25.0,24.5727,24.8168,25.4274,42.7656,42.1551,41.9109,42.3993,32.5702,32.8755,33.3639,32.9365,25.5495,25.7326,25.7936,29.7619,42.6435,43.8645,41.7888,42.6435,15.8425,14.8046,30.9829,15.7814,15.293,15.1099,38.8584,14.9878,15.6593,15.3541,16.1477,15.232,35.0122,35.5617,36.0501,35.5006,96.7949,98.138,97.2222,98.0159,50.3968,50.0305,50.9463,50.7631,50,50,50,50,50.7021,50.58,50.3968,50.3358,5.6471300000000015,0.396825,1.31258,54.4872,36.4164,53.083,19.8718,55.464,21.8864,50.58,2.77778,0.396825,1146.66,168.41,1427.64,0.0,1.0,1.0,1.0,1.0,0.0,0.129731,42.2146,42.3703,41.6438,42.007,0.233517,14.4068,96.5279,88.9064,92.2021,97.0932,0.0,8.06044,6.42124,0.0,0.0,-15.2249,97.3639,95.2946,60.0082,312.837,58.837,294.0540000000001,289.968,43.675,414.576,420.146,418.776,504.9,502.702,590.905,423.171,420.578,511.842,506.639,598.7280000000002,411.127,408.169,531.445,528.94,617.693,410.045,409.396,529.5840000000002,527.867,616.9019999999998,432.453,429.358,540.248,536.812,617.0459999999998,433.029,431.733,541.178,541.178,616.111,590.496,599.1080000000002,22.0879,404.715,1154.01
2020-11-22 06:46:25,96.7949,97.6496,97.7106,96.6117,80.9219,81.105,81.105,81.8376,23.1685,22.3748,23.4737,23.7179,15.293,15.3541,15.3541,14.9267,15.3541,14.8657,15.1709,15.293,45.3724,18.4127,20.0733,31.4041,93.5287,131.722,88.54700000000003,75.5556,50,50,50,50,50.5189,50.3968,50.3968,50.5189,50,50,50,50,11.3858,11.0195,11.0195,11.4469,10.7143,10.7753,11.0195,11.6911,12.0574,11.9963,11.8742,12.1184,54.5482,55.6471,54.7924,55.1587,25.7936,25.0,25.3053,25.6105,43.3761,58.0281,42.7656,43.1929,32.8755,32.9365,33.1807,31.5934,27.6862,27.1367,27.7473,27.5641,41.9719,42.8877,41.7277,42.3993,33.4249,34.0354,33.7302,33.6691,25.0,24.5727,24.8168,25.4274,42.7656,42.1551,41.9109,42.3993,32.5702,32.8755,33.3639,32.9365,25.5495,25.7326,25.7936,29.7619,42.6435,43.8645,41.7888,42.6435,15.8425,14.8046,30.9829,15.7814,15.293,15.1099,38.8584,14.9878,15.6593,15.3541,16.1477,15.232,35.0122,35.5617,36.0501,35.5006,96.7949,98.138,97.2222,98.0159,50.3968,50.0305,50.9463,50.7631,50,50,50,50,50.7021,50.58,50.3968,50.3358,5.6471300000000015,0.396825,1.31258,54.4872,36.4164,53.083,19.8718,55.464,21.8864,50.58,2.77778,0.396825,1147.88,169.81099999999995,1423.81,0.0,1.0,1.0,1.0,1.0,0.0,0.129731,42.6816,42.8373,42.1627,42.993,0.233517,15.2301,97.0567,88.9064,92.2021,97.0932,0.0,8.06044,8.9453,0.0,0.0,-31.8273,97.3639,95.2946,61.4393,315.374,59.3523,296.698,289.968,43.675,414.576,420.146,418.776,504.9,502.702,590.905,423.171,420.578,511.842,506.639,598.7280000000002,410.117,408.169,530.443,528.94,616.686,410.045,409.396,529.5840000000002,527.867,616.9019999999998,432.453,429.358,540.248,536.812,617.0459999999998,433.029,431.733,541.178,541.178,616.111,589.494,597.935,22.0879,404.186,1154.01
2020-11-22 06:46:30,96.7949,97.6496,97.7106,96.6117,80.9219,81.105,81.105,80.8608,22.3138,22.3748,22.6801,22.9243,15.293,15.3541,15.3541,15.5983,15.3541,14.8657,15.1709,15.293,46.3492,18.4127,19.0965,31.4041,91.6728,131.722,86.2027,75.5556,50,50,50,50,50.5189,50.3968,50.3968,50.5189,50,50,50,50,11.3858,11.0195,11.0195,11.4469,10.7143,10.7753,11.0195,11.6911,12.0574,11.9963,12.4237,12.1184,54.5482,55.6471,54.7924,55.1587,25.7936,25.0,25.3053,25.6105,43.3761,58.0281,42.7656,43.1929,32.8755,32.9365,33.1807,30.9829,27.6862,27.1367,27.7473,27.5641,41.9719,42.8877,41.7277,42.3993,33.4249,34.0354,33.7302,33.6691,25.0,24.5727,24.8168,25.4274,42.7656,42.1551,41.9109,42.3993,32.5702,32.8755,33.3639,32.9365,25.5495,25.7326,25.7936,29.7619,42.6435,43.8645,41.7888,42.6435,15.8425,14.8046,30.9829,15.7814,15.293,15.1099,38.8584,14.9878,15.6593,15.3541,16.1477,15.232,35.0122,35.5617,36.0501,35.5006,96.7949,98.138,97.2222,98.0159,50.3968,50.0305,50.9463,50.7631,50,50,50,50,50.7021,50.58,50.3968,50.3358,5.6471300000000015,0.396825,1.31258,54.4872,36.4164,53.083,19.8718,55.464,21.8864,50.58,2.77778,0.396825,1149.16,170.476,1427.86,0.0,1.0,1.0,1.0,1.0,0.0,0.129731,42.6816,42.8373,42.1627,42.993,0.233517,15.2301,93.7283,89.0051,91.0662,95.7021,0.0,8.06044,6.89838,0.0,0.0,-9.70106,97.3639,95.2946,62.2194,318.195,59.4463,297.969,289.968,43.675,414.576,420.146,418.776,504.9,502.702,590.905,423.171,420.578,511.842,507.641,597.675,410.117,408.169,530.443,528.94,616.686,409.035,408.386,529.5840000000002,527.867,616.9019999999998,432.453,430.366,540.248,536.812,617.0459999999998,433.029,431.733,541.178,541.178,616.111,589.494,597.935,22.0879,404.186,1154.01
2020-11-22 06:46:35,96.7949,97.6496,97.7106,96.6117,80.9219,81.105,79.5177,80.0672,21.337,20.7875,21.6422,22.9243,15.293,15.3541,15.3541,15.5983,15.3541,14.8657,15.1709,15.293,46.3492,18.4127,19.0965,31.4041,93.6264,132.69799999999998,85.3236,76.4347,50,50,50,50,50.5189,50.3968,50.3968,50.5189,50,50,50,50,11.3858,11.0195,11.0195,11.4469,10.7143,11.3248,11.0195,11.6911,12.0574,11.9963,12.4237,12.1184,54.5482,55.6471,54.7924,55.1587,25.7936,25.0,25.3053,25.6105,43.3761,58.0281,42.7656,43.1929,32.8755,32.9365,33.1807,30.9829,27.6862,27.1367,27.7473,27.5641,41.9719,42.8877,41.7277,42.3993,33.4249,34.0354,33.7302,33.6691,25.0,24.5727,24.8168,25.4274,42.7656,42.1551,41.9109,42.3993,32.5702,32.8755,33.3639,32.9365,25.5495,25.7326,25.7936,29.7619,42.6435,43.8645,41.7888,42.6435,15.8425,14.8046,30.9829,15.7814,15.293,15.1099,38.8584,14.9878,15.6593,15.3541,16.1477,15.232,35.0122,35.5617,36.0501,35.5006,96.7949,98.138,97.2222,98.0159,50.3968,50.0305,50.9463,50.7631,50,50,50,50,50.7021,50.58,50.3968,50.3358,5.6471300000000015,0.396825,1.31258,55.2808,36.4164,53.083,19.8718,55.464,24.0232,51.4957,2.77778,0.396825,1149.24,171.00799999999995,1430.39,0.0,1.0,1.0,1.0,1.0,0.0,0.129731,42.6816,42.8373,42.1627,42.993,0.233517,15.8769,95.4873,89.7442,91.7728,95.7021,0.0,8.06044,7.257160000000002,0.0,1.23393,-9.61651,97.3639,95.2946,63.214,322.08,59.4463,302.163,289.968,43.675,414.576,420.146,418.776,504.9,502.702,589.8530000000002,423.171,420.578,512.01,507.641,597.675,410.117,408.169,530.443,528.94,616.686,409.035,408.386,529.5840000000002,527.867,615.895,432.453,430.366,540.248,536.812,616.039,433.029,431.733,541.178,541.178,616.111,589.494,597.935,22.0879,405.244,1154.01
2020-11-22 06:46:40,96.7949,97.6496,97.7106,96.6117,79.4567,81.105,79.5177,80.0672,21.337,20.7875,21.6422,21.2149,15.293,15.3541,15.3541,15.5983,15.3541,14.8657,15.1709,15.293,46.3492,18.4127,19.0965,31.4041,94.7985,132.69799999999998,87.5702,76.4347,50,50,50,50,50.5189,50.3968,50.3968,50.5189,50,50,50,50,11.3858,11.0195,11.0195,11.4469,10.7143,11.3248,11.0195,11.6911,12.0574,11.9963,12.4237,12.1184,54.5482,55.6471,54.7924,55.1587,25.7936,25.0,25.3053,25.6105,43.3761,58.0281,42.7656,43.1929,32.8755,32.9365,33.1807,30.9829,27.6862,27.6862,27.7473,27.5641,41.9719,42.8877,42.3993,42.3993,33.4249,34.0354,33.1807,33.6691,25.0,24.5727,24.8168,25.4274,42.7656,42.1551,41.9109,42.3993,32.5702,32.8755,33.3639,32.9365,25.5495,25.7326,25.7936,29.7619,42.6435,43.8645,42.3993,42.6435,15.8425,14.8046,30.9829,15.7814,15.293,15.1099,38.8584,14.9878,15.6593,15.3541,16.1477,15.232,35.0122,35.5617,36.0501,35.5006,96.7949,98.138,97.2222,98.0159,50.3968,50.0305,50.9463,50.7631,50,50,50,50,50.7021,50.58,50.3968,50.3358,5.6471300000000015,0.396825,1.31258,55.2808,36.4164,53.083,19.8718,55.464,24.0232,51.4957,2.77778,0.396825,1150.55,171.554,1426.89,0.0,1.0,1.0,1.0,1.0,0.0,0.129731,43.1487,42.8373,42.1627,42.993,0.233517,16.6708,96.3799,89.0551,93.1379,95.0822,0.0,8.06044,6.81142,0.0,0.0,-12.4614,97.3639,95.2946,63.214,323.6790000000001,58.9144,308.678,289.968,43.675,414.576,420.146,418.776,504.9,502.702,589.8530000000002,423.171,420.578,512.01,507.641,596.67,410.117,408.169,530.443,528.94,616.686,409.035,408.386,529.5840000000002,527.867,615.895,432.453,430.366,540.248,535.81,616.039,433.029,431.733,541.178,540.1759999999998,615.104,589.494,596.883,22.0879,404.715,1154.63
2020-11-22 06:46:45,96.7949,97.6496,97.7106,96.6117,79.4567,81.105,79.5177,79.1514,20.2991,19.9939,19.2002,20.116,15.293,15.3541,15.3541,15.5983,15.3541,14.8657,15.1709,15.293,46.3492,18.4127,19.0965,30.3297,93.9194,131.819,88.4493,75.3602,50,50,50,50,50.5189,50.3968,50.3968,50.5189,50,50,50,50,11.3858,11.0195,11.0195,11.4469,10.1648,10.7753,11.0195,11.6911,12.0574,11.9963,12.4237,12.1184,54.5482,55.6471,54.7924,55.1587,25.7936,25.0,25.3053,25.6105,43.3761,58.0281,42.7656,43.1929,32.8755,32.9365,33.1807,30.4335,27.6862,27.6862,27.7473,27.5641,43.0098,42.8877,42.3993,42.3993,33.4249,34.0354,33.1807,33.6691,25.0,24.5727,24.8168,25.4274,42.7656,42.1551,41.9109,42.3993,32.5702,32.8755,33.3639,32.9365,25.5495,25.7326,25.7936,29.7619,42.6435,43.8645,42.3993,42.6435,15.8425,14.8046,30.9829,15.7814,15.293,15.1099,38.8584,14.9878,15.6593,15.3541,16.1477,15.232,35.0122,35.5617,36.0501,35.5006,96.7949,98.138,97.2222,98.0159,50.3968,50.0305,50.9463,50.7631,50,50,50,50,50.7021,50.58,50.3968,50.3358,5.6471300000000015,0.396825,1.31258,55.2808,36.4164,53.083,19.8718,55.464,24.0232,51.4957,2.77778,0.396825,1156.12,172.105,1426.51,0.0,1.0,1.0,1.0,1.0,0.0,0.129731,43.1487,42.8373,42.6297,42.993,0.233517,16.6708,97.4737,90.8621,92.3217,95.7658,0.0,8.06044,6.78482,0.0,0.0,-32.5213,97.3639,95.2946,63.214,321.983,59.6547,314.445,289.968,43.675,414.576,419.089,417.72,504.9,502.702,589.8530000000002,423.171,420.578,512.153,507.641,596.67,410.117,407.159,530.443,528.94,616.686,409.035,408.386,529.5840000000002,527.867,615.895,432.453,430.366,540.248,535.81,616.039,433.029,431.733,541.178,540.1759999999998,615.104,589.494,596.883,22.0879,404.715,1155.32
2020-11-22 06:46:50,96.7949,97.6496,97.7106,96.6117,79.4567,77.9915,78.2967,79.1514,19.2613,18.6508,19.2002,20.116,15.293,15.3541,15.3541,15.5983,15.3541,14.8657,15.1709,15.293,46.3492,17.5336,18.2173,30.3297,93.9194,130.745,89.5238,74.3834,50,50,50,50,50.5189,50.3968,50.3968,50.5189,50,50,50,50,11.3858,11.0195,11.0195,11.4469,10.7143,10.7753,11.0195,11.6911,12.0574,11.9963,12.4237,12.1184,54.5482,55.6471,54.7924,55.1587,25.7936,25.0,25.3053,25.6105,43.3761,58.0281,42.7656,43.1929,32.8755,32.9365,33.1807,33.3028,27.6862,27.6862,27.7473,27.5641,43.0098,42.8877,42.3993,42.3993,33.4249,34.0354,33.1807,33.6691,25.0,24.5727,24.8168,25.4274,42.7656,42.1551,41.9109,42.3993,32.5702,32.8755,33.3639,32.9365,25.5495,25.7326,25.7936,29.7619,42.6435,43.8645,42.3993,42.6435,15.8425,14.8046,30.9829,15.7814,15.293,15.1099,38.8584,14.9878,15.6593,15.3541,16.1477,15.232,35.0122,35.5617,36.0501,35.5006,96.7949,98.138,97.2222,98.0159,50.3968,50.0305,50.9463,50.7631,50,50,50,50,50.7021,50.58,50.3968,50.3358,5.6471300000000015,0.396825,1.31258,55.2808,38.1258,53.083,20.4823,55.464,24.0232,51.4957,2.77778,0.396825,1156.26,172.105,1425.26,0.0,1.0,1.0,1.0,1.0,0.0,0.129731,43.1487,43.3043,42.6297,42.993,0.233517,16.6708,93.9375,89.1459,92.7754,96.5836,0.0,8.06044,4.54188,0.0,0.0,-21.9668,97.3639,95.2946,63.214,324.483,60.7176,318.51,289.968,42.6439,414.576,419.089,417.72,504.9,502.702,589.8530000000002,422.115,419.521,512.2959999999998,507.641,596.67,410.117,407.159,530.443,528.94,615.679,409.035,408.386,529.5840000000002,527.867,615.895,432.453,430.366,540.248,535.81,616.039,433.029,431.733,541.178,540.1759999999998,615.104,589.494,595.854,22.0879,405.244,1156.52
2020-11-22 06:46:55,96.7949,97.6496,97.7106,96.6117,77.5641,77.9915,78.2967,78.4799,18.7118,17.9182,17.7961,18.1013,15.293,15.3541,15.3541,15.5983,15.3541,14.8657,15.1709,15.293,46.3492,17.5336,18.2173,30.3297,93.9194,129.866,89.4261,74.3834,50,50,50,50,50.5189,50.3968,50.3968,50.5189,50,50,50,50,11.3858,11.0195,11.0195,11.4469,10.7143,10.7753,11.0195,11.6911,12.0574,11.9963,11.8742,12.1184,54.5482,55.6471,54.7924,55.1587,25.7936,25.0,25.3053,25.6105,43.3761,58.0281,42.7656,43.1929,32.8755,32.9365,33.1807,33.3028,27.6862,27.6862,27.7473,27.5641,43.0098,42.8877,42.3993,42.3993,33.4249,34.0354,33.1807,33.6691,25.0,24.5727,24.8168,25.4274,42.7656,42.1551,41.9109,42.3993,32.5702,32.8755,33.3639,32.9365,25.5495,26.3431,25.7936,29.7619,42.6435,43.8645,42.3993,42.6435,15.8425,14.8046,30.9829,15.7814,15.293,15.1099,38.8584,14.9878,15.6593,15.3541,16.1477,15.232,35.0122,35.5617,36.0501,35.5006,96.7949,98.138,97.2222,98.0159,50.3968,50.0305,50.9463,50.7631,50,50,50,50,50.7021,50.58,50.3968,50.3358,5.6471300000000015,0.396825,1.31258,55.2808,38.1258,53.083,21.8864,55.464,24.0232,51.4957,2.77778,0.396825,1155.22,172.68099999999995,1426.93,0.0,1.0,1.0,1.0,1.0,0.0,0.129731,43.1487,43.3043,42.6297,42.993,0.233517,15.921,97.3442,89.8744,91.1623,95.8088,0.0,8.06044,4.31915,0.0,0.0,-27.5786,97.3639,95.2946,63.214,329.985,62.9875,319.265,289.968,42.6439,414.576,419.089,417.72,504.9,502.702,589.8530000000002,422.115,419.521,512.439,507.641,595.594,409.107,407.159,530.443,528.94,615.679,409.035,408.386,529.5840000000002,527.867,615.895,432.453,431.374,540.248,535.81,616.039,433.029,431.733,541.178,540.1759999999998,615.104,589.494,595.854,22.0879,404.715,1157.14
2020-11-22 06:47:00,96.7949,97.6496,97.7106,96.6117,76.8926,77.9915,78.2967,78.4799,17.0024,17.0024,16.2088,18.1013,15.293,15.3541,15.3541,15.5983,15.3541,14.8657,15.1709,15.293,45.2747,17.5336,19.4872,29.0598,92.9426,127.717,92.2588,75.3602,50,50,50,50,50.5189,50.3968,50.3968,50.5189,50,50,50,50,11.3858,11.0195,11.0195,11.4469,10.7143,10.7753,11.0195,11.6911,12.0574,11.9963,11.8742,12.1184,54.5482,55.6471,54.7924,55.1587,25.7936,25.0,25.3053,25.6105,43.3761,58.0281,42.7656,43.1929,32.8755,32.9365,33.1807,33.3028,27.6862,27.6862,27.7473,27.5641,43.0098,42.8877,42.3993,42.3993,33.4249,34.0354,33.1807,33.6691,25.0,25.1221,24.8168,25.4274,42.7656,42.1551,41.9109,42.3993,32.5702,32.8755,33.3639,32.9365,25.5495,25.7326,25.7936,29.7619,42.6435,43.8645,42.3993,42.6435,15.8425,14.8046,30.9829,15.7814,15.293,15.1099,38.8584,14.9878,15.6593,15.3541,16.1477,15.232,35.0122,35.5617,36.0501,35.5006,96.7949,98.138,97.2222,98.0159,50.3968,50.0305,50.9463,50.7631,50,50,50,50,50.7021,50.58,50.3968,50.3358,5.6471300000000015,0.396825,1.31258,55.2808,38.1258,53.083,21.8864,55.464,24.0232,51.4957,2.77778,0.396825,1154.0,172.68099999999995,1428.36,0.0,1.0,1.0,1.0,1.0,0.0,0.129731,43.1487,43.3043,42.6297,43.46,0.233517,15.2007,96.256,90.7105,91.1623,96.4161,0.0,8.06044,6.08548,0.0,0.0,-13.2521,97.3639,95.2946,63.214,335.649,63.5179,318.651,289.968,42.6439,414.576,418.08,416.71,504.9,502.702,589.8530000000002,422.115,419.521,512.439,508.69,595.594,409.107,407.159,530.443,528.94,615.679,408.025,407.375,529.5840000000002,527.867,615.895,432.453,431.374,539.246,535.81,616.039,433.029,431.733,541.178,540.1759999999998,615.104,588.49,594.849,22.0879,404.715,1157.14
2020-11-22 06:47:05,96.7949,97.6496,97.7106,96.6117,76.8926,77.9915,78.2967,78.4799,16.2088,16.2698,16.2088,18.1013,15.293,15.3541,15.3541,15.5983,15.3541,14.8657,15.1709,15.293,44.2002,17.5336,19.4872,28.1807,92.9426,125.568,94.9939,75.3602,50,50,50,50,50.5189,50.3968,50.3968,50.5189,50,50,50,50,11.3858,11.0195,11.0195,11.4469,10.7143,10.7753,11.0195,11.6911,12.0574,11.9963,11.8742,12.1184,54.5482,55.6471,54.7924,55.1587,25.7936,25.0,25.3053,25.6105,43.3761,58.0281,43.4982,43.1929,32.8755,32.9365,33.1807,33.3028,27.6862,27.6862,27.7473,27.5641,43.0098,42.8877,42.3993,42.3993,33.4249,34.0354,33.1807,33.6691,25.0,25.1221,24.8168,25.4274,42.7656,42.1551,41.9109,42.9487,32.5702,32.8755,33.3639,32.3871,25.5495,25.7326,25.7936,29.7619,42.6435,43.8645,42.3993,42.6435,15.8425,14.8046,30.9829,15.7814,15.293,15.1099,38.8584,14.9878,15.6593,15.3541,16.1477,15.232,35.0122,35.5617,36.0501,35.5006,96.7949,98.138,97.2222,98.0159,50.3968,50.0305,50.9463,50.7631,50,50,50,50,50.7021,50.58,50.3968,50.3358,5.6471300000000015,0.396825,1.31258,55.2808,38.1258,53.083,21.8864,55.464,24.0232,51.4957,2.77778,0.396825,1151.74,172.68099999999995,1427.55,0.0,1.0,1.0,1.0,1.0,0.0,0.129731,43.1487,43.3043,42.6297,43.46,0.233517,15.2007,95.1898,89.9641,92.0179,95.1306,0.0,8.06044,3.56721,0.0,0.0,-7.247039999999998,97.3639,95.2946,63.214,340.1790000000001,63.3959,317.814,289.968,42.6439,414.576,418.08,416.71,504.9,502.702,589.8530000000002,421.107,419.521,512.582,508.69,594.589,409.107,407.159,530.443,528.94,615.679,408.025,407.375,529.5840000000002,527.867,614.888,432.453,431.374,539.246,535.81,615.0319999999998,433.029,431.733,541.178,540.1759999999998,615.104,588.49,594.849,22.0879,404.715,1157.14
2020-11-22 06:47:10,96.7949,97.6496,97.7106,96.6117,76.8926,77.9915,78.2967,77.7473,16.2088,16.2698,16.2088,15.4151,15.293,15.3541,15.3541,15.5983,15.3541,14.8657,15.1709,15.293,43.1258,16.5568,19.4872,28.1807,94.7985,126.447,94.9939,75.3602,50,50,50,50,50.5189,50.3968,50.3968,50.5189,50,50,50,50,11.3858,11.0195,11.0195,11.4469,10.7143,10.7753,11.0195,11.6911,12.0574,11.9963,12.4237,12.1184,54.5482,55.6471,54.7924,55.1587,25.7936,25.0,25.3053,25.6105,43.3761,58.0281,43.4982,43.1929,32.8755,32.9365,33.1807,33.3028,27.6862,27.6862,27.7473,27.5641,43.0098,42.8877,42.3993,42.3993,33.9744,34.0354,33.1807,33.6691,25.0,25.1221,24.8168,25.4274,43.5592,42.1551,41.9109,42.9487,32.5702,32.8755,33.3639,32.3871,25.5495,25.7326,25.7936,29.7619,42.6435,43.8645,42.3993,42.6435,15.8425,14.8046,30.9829,15.7814,15.293,15.1099,38.8584,14.9878,15.6593,15.3541,16.1477,15.232,35.0122,35.5617,36.0501,35.5006,96.7949,98.138,97.2222,98.0159,50.3968,50.0305,50.9463,50.7631,50,50,50,50,50.7021,50.58,50.3968,50.3358,5.6471300000000015,0.396825,1.31258,55.2808,38.1258,53.083,21.8864,55.464,25.4274,51.4957,2.77778,0.396825,1148.3,173.735,1426.8,0.0,1.0,1.0,1.0,1.0,0.0,0.129731,43.6157,43.3043,43.0968,43.46,0.233517,15.8622,95.1898,89.3817,90.3208,95.7372,0.0,8.06044,3.70333,0.0,0.0,4.16594,97.3639,95.2946,63.8157,341.281,62.8894,317.204,289.968,41.6329,414.576,418.08,416.71,504.9,502.702,589.8530000000002,421.107,419.521,512.582,508.69,594.589,409.107,407.159,530.443,528.94,615.679,408.025,407.375,529.5840000000002,527.867,614.888,432.453,431.374,539.246,535.81,615.0319999999998,433.029,431.733,541.178,540.1759999999998,614.097,588.49,594.849,22.0879,404.715,1157.14
2020-11-22 06:47:15,96.7949,97.6496,97.7106,96.6117,76.8926,77.9915,76.9536,77.7473,16.2088,16.2698,14.5604,15.4151,15.293,15.3541,15.3541,14.9267,15.3541,14.8657,15.1709,15.293,43.1258,15.6777,19.4872,27.1062,94.7985,127.717,97.4359,76.2393,50,50,50,50,50.5189,50.3968,50.3968,50.5189,50,50,50,50,11.3858,11.0195,11.0195,11.4469,10.7143,10.7753,11.0195,11.6911,12.0574,11.9963,12.4237,12.1184,54.5482,55.6471,54.7924,55.1587,25.7936,25.0,25.3053,25.6105,43.3761,58.5775,43.4982,43.1929,32.8755,32.9365,33.1807,33.3028,28.2357,27.6862,27.7473,27.5641,43.0098,42.8877,42.3993,42.3993,33.9744,34.0354,32.6313,33.6691,25.0,25.1221,25.3663,25.4274,43.5592,42.7045,41.9109,42.9487,32.5702,32.8755,33.3639,32.3871,25.5495,26.2821,25.7936,29.7619,42.6435,43.8645,42.3993,42.6435,15.8425,14.8046,30.9829,15.7814,15.293,15.1099,38.8584,14.9878,15.6593,15.3541,16.1477,15.232,35.0122,35.5617,36.0501,35.5006,96.7949,98.138,97.2222,98.0159,50.3968,50.0305,50.9463,50.7631,50,50,50,50,50.7021,50.58,50.3968,50.3358,5.6471300000000015,0.396825,1.31258,55.2808,38.1258,53.083,21.8864,55.464,25.4274,51.4957,2.77778,0.396825,1148.39,173.735,1427.08,0.0,1.0,1.0,1.0,1.0,0.0,0.129731,43.6157,43.7714,43.0968,43.46,0.233517,15.8622,95.1898,89.4745,91.0007,95.0428,0.0,8.06044,6.07863,0.0,0.0,-31.2132,97.3639,95.2946,64.6499,341.908,62.0389,316.675,289.968,41.6329,414.576,417.071,416.71,504.9,502.702,589.8530000000002,421.107,418.512,512.725,508.69,594.589,409.107,407.159,530.443,528.94,615.679,408.025,407.375,529.5840000000002,527.867,614.888,432.453,431.374,539.246,535.81,615.0319999999998,433.029,431.733,540.1759999999998,540.1759999999998,614.097,588.49,593.844,22.0879,405.244,1156.55
2020-11-22 06:47:20,96.7949,97.6496,97.7106,96.6117,76.8926,77.9915,76.9536,77.7473,16.2088,16.2698,14.5604,15.4151,15.293,15.3541,15.3541,15.5372,15.3541,14.8657,15.1709,15.293,43.1258,15.6777,18.315,25.348000000000006,93.6264,126.838,97.4359,77.2161,50,50,50,50,50.5189,50.3968,50.3968,50.5189,50,50,50,50,11.3858,11.0195,11.0195,11.4469,11.3858,10.7753,11.0195,11.6911,12.0574,11.9963,12.4237,12.1184,54.5482,55.6471,54.7924,55.1587,25.7936,25.0,25.3053,25.6105,44.475,58.5775,43.4982,43.1929,32.8755,32.9365,33.1807,33.3028,28.2357,27.6862,27.7473,27.5641,43.0098,42.8877,42.3993,42.3993,33.9744,34.0354,32.6313,33.6691,25.0,25.1221,25.3663,25.4274,43.5592,43.254,42.8877,42.9487,32.5702,32.8755,33.3639,32.3871,25.5495,26.2821,25.7936,29.7619,42.6435,43.8645,42.3993,43.6203,15.8425,14.8046,30.9829,15.7814,15.293,15.1099,38.8584,14.9878,15.6593,15.3541,16.1477,15.232,35.0122,35.5617,36.0501,35.5006,96.7949,98.138,97.2222,98.0159,50.3968,50.0305,50.9463,50.7631,50,50,50,50,50.7021,50.58,50.3968,50.3358,5.6471300000000015,0.396825,1.31258,55.2808,38.1258,53.083,23.779,55.464,25.4274,51.4957,2.77778,0.396825,1147.25,174.40900000000005,1427.98,0.0,1.0,1.0,1.0,1.0,0.0,0.129731,43.6157,43.7714,43.0968,43.46,0.233517,15.8622,96.8658,90.8101,91.0007,95.6627,0.0,8.06044,8.69882,0.0,0.0,-50.3936,97.3639,95.2946,65.2574,344.036,63.0705,317.773,289.968,41.6329,414.576,417.071,415.701,504.9,502.702,588.849,420.098,418.512,512.868,508.69,593.5840000000002,409.107,406.148,530.443,528.94,615.679,408.025,407.375,529.5840000000002,527.867,614.888,432.453,431.374,539.246,535.81,615.0319999999998,433.029,431.733,540.1759999999998,540.1759999999998,614.097,588.49,593.844,22.0879,405.244,1156.0
2020-11-22 06:47:25,96.7949,97.6496,97.7106,96.6117,76.8926,77.9915,76.9536,77.7473,16.2088,16.2698,15.5372,15.4151,15.293,15.3541,15.3541,15.5372,15.3541,14.8657,15.1709,15.293,42.2466,14.7985,19.2918,26.6178,93.6264,127.814,98.8034,78.0952,50,50,50,50,50.5189,50.3968,50.3968,50.5189,50,50,50,50,11.3858,11.0195,11.0195,11.4469,11.3858,10.7753,11.0195,11.6911,12.0574,11.9963,12.4237,12.1184,54.5482,55.6471,54.7924,55.1587,25.7936,25.0,25.3053,25.6105,44.475,58.5775,43.4982,43.1929,32.8755,32.9365,33.1807,33.3028,28.2357,27.6862,27.7473,27.5641,43.0098,42.8877,42.3993,42.9487,33.9744,34.0354,33.6081,33.6691,25.0,25.1221,25.3663,25.4274,43.5592,43.254,42.8877,42.9487,32.5702,32.8755,33.3639,32.3871,25.5495,26.2821,25.7936,29.7619,42.6435,43.8645,43.1319,43.6203,15.8425,14.8046,30.9829,15.7814,15.293,15.1099,38.8584,14.9878,15.6593,15.3541,16.1477,15.232,35.0122,35.5617,36.0501,35.5006,96.7949,98.138,97.2222,98.0159,50.3968,50.0305,50.9463,50.7631,50,50,50,50,50.7021,50.58,50.3968,50.3358,5.6471300000000015,0.396825,1.31258,55.2808,38.1258,53.083,23.779,55.464,25.4274,51.4957,2.77778,0.396825,1146.17,175.00099999999995,1429.36,0.0,1.0,1.0,1.0,1.0,0.0,0.129731,44.0827,43.7714,43.0968,43.927,0.233517,15.8622,95.5373,91.4326,91.6024,95.6627,0.0,8.06044,4.1443699999999986,0.0,0.0,-15.7852,97.3639,95.2946,66.0173,344.726,63.0705,318.303,289.968,40.5677,414.576,417.071,415.701,504.9,502.702,588.849,420.098,418.512,513.012,508.69,593.5840000000002,409.107,406.148,530.443,528.94,614.673,408.025,407.375,528.582,527.867,614.888,432.453,431.374,539.246,535.81,615.0319999999998,433.029,431.733,540.1759999999998,540.1759999999998,614.097,588.49,592.795,22.0879,404.715,1155.47
2020-11-22 06:47:30,96.7949,97.6496,97.7106,96.6117,76.8926,77.9915,76.9536,77.1978,16.2088,16.2698,15.5372,15.4151,15.293,15.3541,15.3541,15.5372,15.3541,14.8657,15.1709,15.293,41.3675,14.7985,21.2454,27.5946,93.6264,128.694,96.9475,79.072,50,50,50,50,50.5189,50.3968,50.3968,50.5189,50,50,50,50,11.3858,11.0195,11.0195,11.4469,11.3858,10.7753,11.0195,11.6911,12.0574,11.9963,12.4237,12.1184,54.5482,55.6471,54.7924,55.1587,25.7936,25.0,25.3053,25.6105,44.475,58.5775,43.4982,43.1929,32.8755,32.9365,33.1807,33.3028,28.2357,27.6862,27.7473,27.5641,44.3529,43.4982,42.3993,42.9487,33.9744,34.0354,33.6081,33.6691,25.6716,25.1221,25.3663,25.4274,43.5592,43.8034,42.8877,42.9487,32.5702,32.8755,33.3639,32.3871,25.5495,26.2821,25.7936,29.7619,43.1929,43.8645,43.1319,43.6203,15.8425,14.8046,30.9829,15.7814,15.293,15.1099,38.8584,14.9878,15.6593,15.3541,16.1477,15.232,35.0122,35.5617,36.0501,35.5006,96.7949,98.138,97.2222,98.0159,50.3968,50.0305,50.9463,50.7631,50,50,50,50,50.7021,50.58,50.3968,50.3358,5.6471300000000015,0.396825,1.31258,55.2808,40.0794,53.083,23.779,55.464,25.4274,51.4957,2.77778,0.396825,1150.63,175.597,1429.69,0.0,1.0,1.0,1.0,1.0,0.0,0.129731,44.0827,43.7714,43.0968,43.927,0.233517,15.8622,96.6141,90.697,91.3478,95.4842,0.0,8.06044,6.26717,0.0,0.0,-26.2925,97.3639,95.2946,66.0173,344.036,61.0711,317.571,289.968,40.5677,414.576,416.061,415.701,504.9,502.702,588.849,419.089,418.512,513.155,508.69,593.5840000000002,408.097,406.148,529.441,528.94,614.673,408.025,407.375,528.582,527.867,614.888,432.453,431.374,539.246,535.81,615.0319999999998,433.029,431.733,540.1759999999998,540.1759999999998,614.097,588.49,592.795,22.0879,404.715,1154.95
2020-11-22 06:47:35,96.7949,97.6496,97.7106,96.6117,76.8926,77.9915,76.9536,77.1978,16.2088,16.2698,15.5372,15.4151,15.293,15.3541,15.3541,15.5372,15.3541,14.8657,15.1709,15.293,41.3675,14.7985,21.2454,27.5946,92.2588,128.694,97.1429,80.7326,50,50,50,50,50.5189,50.3968,50.3968,50.5189,50,50,50,50,11.3858,11.0195,11.0195,11.4469,11.3858,10.7753,11.0195,11.6911,12.0574,11.9963,12.4237,12.1184,54.5482,55.6471,54.7924,55.1587,25.7936,25.0,25.3053,25.6105,44.475,58.5775,43.4982,43.1929,32.8755,32.9365,33.1807,33.3028,28.2357,27.6862,27.7473,27.5641,44.3529,43.4982,43.7424,42.9487,33.9744,34.0354,33.6081,33.6691,25.6716,25.1221,25.3663,25.4274,43.5592,43.8034,42.8877,43.4982,32.5702,32.8755,33.3639,33.0586,26.221,26.2821,25.7936,29.7619,43.1929,43.8645,43.1319,43.6203,15.8425,14.8046,30.9829,15.7814,15.293,15.1099,38.8584,14.9878,15.6593,15.3541,16.1477,15.232,35.0122,35.5617,36.0501,35.5006,96.7949,98.138,97.2222,98.0159,50.3968,50.0305,50.9463,50.7631,50,50,50,50,50.7021,50.58,50.3968,50.3358,5.6471300000000015,0.396825,1.31258,55.2808,40.0794,53.083,23.779,55.464,25.4274,51.4957,2.77778,0.396825,1150.54,175.597,1429.53,0.0,1.0,1.0,1.0,1.0,0.0,0.129731,44.0827,44.2384,43.5638,43.927,0.233517,15.8622,96.6141,90.1386,90.6744,95.4842,0.0,8.06044,4.4603,0.0,0.0,-49.7513,97.3639,95.2946,66.0173,343.417,61.8401,317.571,289.968,40.5677,414.576,416.061,414.692,504.9,502.702,588.849,419.089,417.503,513.441,509.764,592.5790000000002,408.097,406.148,529.441,528.94,614.673,408.025,406.365,528.582,527.867,614.888,432.453,431.374,539.246,535.81,615.0319999999998,433.029,431.733,540.1759999999998,539.174,614.097,588.49,592.795,22.0879,404.715,1154.95
2020-11-22 06:47:40,96.7949,97.6496,97.7106,96.6117,76.8926,77.9915,76.9536,77.1978,16.2088,16.2698,15.5372,14.8657,15.293,15.3541,15.3541,15.5372,15.3541,14.8657,15.1709,15.293,43.1258,15.6777,22.2222,28.4737,92.2588,131.917,98.7057,79.072,50,50,50,50,50.5189,50.3968,50.3968,50.5189,50,50,50,50,11.3858,11.0195,11.0195,11.4469,11.3858,10.7753,11.0195,11.6911,12.0574,11.9963,11.8742,12.1184,54.5482,55.6471,54.7924,55.1587,25.7936,25.0,25.9158,25.6105,44.475,58.5775,43.4982,44.5971,32.8755,32.9365,33.1807,33.3028,28.2357,27.6862,27.7473,27.5641,44.3529,43.4982,43.7424,42.9487,33.9744,34.0354,33.6081,33.6691,25.6716,25.1221,25.3663,25.4274,43.5592,43.8034,42.8877,43.4982,32.5702,32.8755,33.3639,33.0586,26.221,26.2821,25.7936,29.7619,43.1929,43.8645,43.1319,43.6203,15.8425,14.8046,30.9829,15.7814,15.293,15.1099,38.8584,14.9878,15.6593,15.3541,16.1477,15.232,35.0122,35.5617,36.0501,35.5006,96.7949,98.138,97.2222,98.0159,50.3968,50.0305,50.9463,50.7631,50,50,50,50,50.7021,50.58,50.3968,50.3358,5.6471300000000015,0.396825,1.31258,55.2808,40.0794,53.083,23.779,55.464,25.4274,51.4957,2.77778,0.396825,1151.67,176.19299999999996,1433.19,0.0,1.0,1.0,1.0,1.0,0.0,0.129731,44.0827,44.2384,43.5638,44.44600000000001,0.233517,15.8622,94.07,90.7956,90.7941,96.1673,0.0,8.06044,4.26197,0.0,0.0,-51.1088,97.3639,95.2946,65.1699,341.436,63.49800000000001,319.331,289.968,39.5203,414.576,415.052,414.692,504.9,503.752,588.849,419.089,417.503,513.5840000000002,509.764,592.5790000000002,408.097,406.148,529.441,528.94,614.673,408.025,406.365,528.582,526.865,614.888,432.453,431.374,539.246,535.81,614.026,433.029,431.733,540.1759999999998,539.174,613.091,588.49,592.795,22.0879,405.244,1154.95
2020-11-22 06:47:45,96.7949,97.6496,97.7106,96.6117,76.8926,77.9915,76.9536,77.1978,16.2088,16.2698,15.5372,14.8657,15.293,15.3541,15.3541,15.5372,15.3541,14.8657,15.1709,15.293,43.1258,15.6777,22.2222,28.2784,93.431,131.917,99.6825,79.072,50,50,50,50,50.5189,50.3968,50.3968,50.5189,50,50,50,50,11.3858,11.0195,11.0195,11.4469,11.3858,10.7753,11.0195,11.6911,12.0574,11.9963,11.8742,12.1184,54.5482,55.6471,54.7924,55.1587,26.8315,25.7936,25.9158,25.6105,44.475,59.127,43.4982,44.5971,32.8755,32.9365,33.1807,33.3028,28.2357,27.6862,27.7473,27.5641,44.3529,43.4982,43.7424,43.4982,33.9744,34.0354,33.6081,33.6691,25.6716,25.1221,26.3431,25.4274,43.5592,43.8034,42.8877,43.4982,33.2418,32.8755,33.3639,33.0586,26.221,26.2821,25.7936,29.7619,43.1929,43.8645,43.6813,43.6203,15.8425,14.8046,30.9829,15.7814,15.293,15.1099,38.8584,14.9878,15.6593,15.3541,16.1477,15.232,35.0122,35.5617,36.0501,35.5006,96.7949,98.138,97.2222,98.0159,50.3968,50.0305,50.9463,50.7631,50,50,50,50,50.7021,50.58,50.3968,50.3358,5.6471300000000015,0.396825,1.31258,56.4408,40.0794,53.083,23.779,55.464,25.4274,51.4957,2.77778,0.396825,1152.81,176.77900000000002,1436.94,0.0,1.0,1.0,1.0,1.0,0.0,0.129731,44.5498,44.2384,43.5638,44.44600000000001,0.233517,15.8622,95.7593,90.6966,90.943,96.1673,0.0,8.06044,4.2035800000000005,0.0,0.0,-57.187,97.3639,95.2946,65.721,340.7580000000001,64.3483,320.119,289.968,39.5203,414.576,415.052,414.692,504.9,503.752,588.849,418.08,417.503,513.87,509.764,592.5790000000002,408.097,406.148,529.441,528.94,614.673,407.014,406.365,528.582,526.865,614.888,432.453,431.374,538.244,535.81,614.026,433.029,431.733,540.1759999999998,539.174,613.091,588.49,591.79,22.0879,405.244,1154.95
2020-11-22 06:47:50,96.7949,97.6496,97.7106,96.6117,76.8926,77.9915,76.9536,77.1978,15.6593,15.7204,15.5372,14.8657,15.293,15.3541,15.3541,15.5372,15.3541,14.8657,15.1709,15.293,44.1026,15.6777,23.4921,28.2784,94.7985,131.917,100.757,78.1929,50,50,50,50,50.5189,50.3968,50.3968,50.5189,50,50,50,50,11.3858,11.0195,11.0195,11.4469,11.3858,10.7753,11.0195,11.6911,12.0574,11.9963,12.4237,12.1184,54.5482,55.6471,54.7924,55.1587,26.8315,25.7936,25.9158,25.6105,44.475,59.127,43.4982,44.5971,32.8755,32.9365,33.1807,33.3028,28.2357,28.2357,27.7473,27.5641,44.3529,43.4982,43.7424,43.4982,33.9744,34.0354,33.6081,34.707,25.6716,25.1221,26.3431,25.4274,44.1697,43.8034,42.8877,43.4982,33.2418,32.8755,33.3639,33.0586,26.221,26.2821,25.7936,30.3724,43.1929,43.8645,43.6813,44.1697,15.8425,14.8046,30.9829,15.7814,15.293,15.1099,38.8584,14.9878,15.6593,15.3541,16.1477,15.232,35.0122,35.5617,36.0501,35.5006,96.7949,98.138,97.2222,98.0159,50.3968,50.0305,50.9463,50.7631,50,50,50,50,50.7021,50.58,50.3968,50.3358,5.6471300000000015,0.396825,1.31258,56.4408,40.0794,53.083,23.779,55.464,25.4274,51.4957,2.77778,0.396825,1151.76,176.77900000000002,1435.21,0.0,1.0,1.0,1.0,1.0,0.0,0.129731,44.5498,44.2384,43.5638,44.44600000000001,0.233517,15.8622,94.6113,90.6966,92.4169,95.5447,0.0,8.06044,3.70378,0.0,0.0,-68.1834,97.3639,95.2946,64.4722,343.017,63.7218,319.509,289.968,39.5203,414.576,415.052,413.682,505.926,503.752,588.849,418.08,416.494,514.2280000000002,510.766,592.5790000000002,408.097,406.148,529.441,528.94,614.673,407.014,406.365,528.582,526.865,614.888,432.453,431.374,538.244,535.81,614.026,433.029,431.733,540.1759999999998,539.174,613.091,588.49,591.79,22.0879,405.244,1155.46
2020-11-22 06:47:55,96.7949,97.6496,97.7106,96.6117,76.8926,77.9915,76.9536,78.0525,15.6593,15.7204,15.5372,14.8657,15.293,15.3541,15.3541,15.5372,15.3541,14.8657,15.1709,15.293,45.0794,15.6777,23.4921,28.2784,95.873,131.917,100.757,77.3138,50,50,50,50,50.5189,50.3968,50.3968,50.5189,50,50,50,50,11.3858,11.0195,11.0195,11.4469,11.3858,11.3248,11.0195,11.6911,12.0574,11.9963,12.4237,12.1184,54.5482,55.6471,54.7924,55.1587,26.8315,25.7936,25.9158,25.6105,44.475,59.127,44.1087,44.5971,32.8755,32.9365,33.1807,33.3028,28.2357,28.2357,27.7473,27.5641,44.3529,44.0476,43.7424,43.4982,33.9744,34.0354,33.6081,34.1575,25.6716,25.1221,26.3431,25.4274,44.1697,43.8034,42.8877,43.4982,33.2418,32.8755,33.3639,33.0586,26.221,26.2821,25.7936,30.3724,43.1929,43.8645,43.6813,44.1697,15.8425,14.8046,30.9829,15.7814,15.293,15.1099,38.8584,14.9878,15.6593,15.3541,16.1477,15.232,35.0122,35.5617,36.0501,35.5006,96.7949,98.138,97.2222,98.0159,50.3968,50.0305,50.9463,50.7631,50,50,50,50,50.7021,50.58,50.3968,50.3358,5.6471300000000015,0.396825,1.31258,56.4408,40.0794,53.083,23.779,55.464,27.6862,51.4957,2.77778,0.396825,1156.28,176.77900000000002,1443.34,0.0,1.0,1.0,1.0,1.0,0.0,0.129731,44.5498,44.2384,43.5638,44.44600000000001,0.233517,15.8622,95.3672,88.1371,90.9613,95.5644,0.0,8.06044,8.81546,0.0,0.0,-71.8856,97.3639,95.2946,64.4722,343.017,64.8912,318.902,289.968,38.457,414.576,415.052,413.682,505.926,503.752,588.849,418.08,416.494,514.371,510.766,591.575,408.097,405.137,529.441,528.94,614.673,407.014,406.365,528.582,526.865,614.888,432.453,431.374,538.244,535.81,614.026,433.029,431.733,540.1759999999998,539.174,613.091,588.49,591.79,22.0879,404.715,1156.03
2020-11-22 06:48:00,96.7949,97.6496,97.7106,96.6117,77.6252,77.9915,76.9536,79.1514,15.6593,15.7204,15.5372,14.8657,15.293,15.3541,15.3541,15.5372,15.3541,14.8657,15.1709,15.293,44.0049,15.6777,23.4921,28.2784,95.873,130.549,100.757,78.2906,50,50,50,50,50.5189,50.3968,50.3968,50.5189,50,50,50,50,11.3858,11.0195,11.0195,11.4469,11.3858,10.5922,11.0195,11.6911,12.0574,11.9963,12.4237,12.1184,54.5482,55.6471,54.7924,55.1587,26.8315,25.7936,25.9158,25.6105,44.475,59.127,44.1087,44.5971,32.8755,32.9365,33.1807,33.3028,28.2357,28.2357,27.7473,27.5641,44.3529,44.0476,43.7424,43.4982,33.9744,34.0354,33.6081,34.1575,25.6716,25.1221,26.3431,25.4274,44.1697,43.8034,42.8877,44.0476,33.2418,32.8755,33.3639,33.0586,26.7705,26.2821,25.7936,30.3724,43.1929,43.8645,43.6813,44.1697,15.8425,14.8046,30.9829,15.7814,15.293,15.1099,38.8584,14.9878,15.6593,15.3541,16.1477,15.232,35.0122,35.5617,36.0501,35.5006,96.7949,98.138,97.2222,98.0159,50.3968,50.0305,50.9463,50.7631,50,50,50,50,50.7021,50.58,50.3968,50.3358,5.6471300000000015,0.396825,1.31258,56.4408,40.0794,53.083,23.779,55.464,27.6862,51.4957,2.77778,0.396825,1152.81,176.77900000000002,1443.01,0.0,1.0,1.0,1.0,1.0,0.0,0.129731,44.5498,44.2384,43.5638,44.44600000000001,0.233517,15.8622,93.745,89.6049,90.9613,94.6423,0.0,8.06044,6.42598,0.0,0.0,-61.4626,97.3639,95.2946,63.92,343.017,63.8446,319.467,289.968,38.457,414.576,414.043,413.682,505.926,504.778,588.849,417.071,416.494,514.658,510.766,591.575,408.097,405.137,529.441,528.94,614.673,407.014,406.365,528.582,526.865,614.888,432.453,431.374,538.244,535.81,614.026,433.029,431.733,540.1759999999998,539.174,613.091,588.49,591.79,22.0879,404.715,1156.63
2020-11-22 06:48:05,96.7949,97.6496,97.7106,96.6117,77.6252,77.9915,76.9536,79.1514,15.6593,15.7204,15.5372,14.8657,15.293,15.3541,15.3541,14.9878,15.3541,14.8657,15.1709,15.293,44.0049,15.6777,23.4921,27.3993,96.7521,130.745,99.6825,79.3651,50,50,50,50,50.5189,50.3968,50.3968,50.5189,50,50,50,50,11.3858,11.0195,11.0195,11.4469,11.3858,10.8364,11.0195,11.6911,12.0574,11.9963,12.4237,12.1184,54.5482,55.6471,54.7924,55.1587,26.8315,25.7936,25.9158,25.6105,44.475,59.127,44.1087,44.5971,32.8755,32.9365,33.1807,33.3028,28.2357,28.2357,27.7473,27.5641,44.3529,44.0476,43.7424,43.4982,33.9744,34.0354,33.6081,34.2186,25.6716,25.1221,26.3431,25.4274,44.1697,43.8034,43.4982,44.0476,33.2418,32.8755,33.3639,33.0586,26.7705,27.1978,25.7936,30.3724,43.1929,43.8645,43.6813,44.1697,15.8425,14.8046,30.9829,15.7814,15.293,15.1099,38.8584,14.9878,15.6593,15.3541,16.1477,15.232,35.0122,35.5617,36.0501,35.5006,96.7949,98.138,97.2222,98.0159,50.3968,50.0305,50.9463,50.7631,50,50,50,50,50.7021,50.58,50.3968,50.3358,5.6471300000000015,0.396825,1.31258,56.4408,40.0794,53.083,23.779,55.464,27.6862,51.4957,2.77778,0.396825,1155.15,177.30900000000003,1441.73,0.0,1.0,1.0,1.0,1.0,0.0,0.129731,44.5498,44.2384,43.5638,44.44600000000001,0.233517,15.8622,94.3468,89.8957,90.2069,94.9191,0.0,8.06044,3.96174,0.0,0.0,-72.2411,97.3639,95.2946,63.92,343.765,63.8446,322.138,289.968,38.457,414.576,414.043,412.672,505.926,504.778,588.849,417.071,416.494,514.944,510.766,591.575,408.097,405.137,529.441,528.94,614.673,407.014,406.365,528.582,526.865,613.882,432.453,431.374,538.244,535.81,614.026,433.029,431.733,540.1759999999998,539.174,613.091,588.49,591.79,22.0879,405.244,1157.15
2020-11-22 06:48:10,96.7949,97.6496,97.7106,96.6117,78.2967,77.9915,77.6862,79.1514,15.6593,15.7204,15.5372,14.8657,15.293,15.3541,15.3541,15.5372,15.3541,14.8657,15.1709,15.293,43.1258,15.6777,23.4921,27.3993,98.022,131.819,100.757,79.3651,50,50,50,50,50.5189,50.3968,50.3968,50.5189,50,50,50,50,11.3858,11.0195,11.0195,11.4469,11.3858,10.8364,11.0195,11.6911,12.0574,11.9963,12.4237,12.1184,54.5482,55.6471,54.7924,55.1587,26.8315,25.7936,25.9158,25.6105,44.475,59.127,44.1087,44.5971,32.8755,32.9365,33.1807,33.3028,28.2357,28.2357,27.7473,27.5641,44.3529,44.0476,43.7424,43.4982,33.9744,34.0354,33.6081,35.1954,25.6716,25.1221,26.3431,25.4274,44.1697,43.8034,43.4982,44.0476,33.2418,32.8755,33.3639,33.0586,26.7705,26.5263,25.7936,30.3724,43.1929,43.8645,43.6813,44.1697,15.8425,14.8046,30.9829,15.7814,15.293,15.1099,38.8584,14.9878,15.6593,15.3541,16.1477,15.232,35.0122,35.5617,36.0501,35.5006,96.7949,98.138,97.2222,98.0159,50.3968,50.0305,50.9463,50.7631,50,50,50,50,50.7021,50.58,50.3968,50.3358,5.6471300000000015,0.396825,1.31258,56.4408,40.0794,53.083,23.779,55.464,27.6862,51.4957,2.77778,0.396825,1151.76,177.30900000000003,1451.59,0.0,1.0,1.0,1.0,1.0,0.0,0.129731,44.5498,44.2384,43.5638,44.44600000000001,0.233517,15.2595,96.3569,89.0254,91.6917,95.7013,0.0,8.06044,5.83886,0.0,0.0,-73.6083,97.3639,95.2946,64.1507,343.218,62.7092,322.138,289.968,38.457,414.576,414.043,412.672,505.926,504.778,588.849,417.071,415.485,515.206,511.792,591.575,408.097,405.137,529.441,527.938,614.673,407.014,406.365,528.582,526.865,613.882,432.453,431.374,538.244,535.81,614.026,433.029,431.733,540.1759999999998,539.174,613.091,588.49,591.79,22.0879,404.715,1157.15
2020-11-22 06:48:15,96.7949,97.6496,97.7106,96.6117,79.3346,79.5177,78.2967,79.1514,15.6593,15.7204,15.5372,14.8657,15.293,15.3541,15.3541,15.5372,15.3541,14.8657,15.1709,15.293,43.1258,15.6777,24.3712,28.4737,98.022,132.796,100.757,79.1697,50,50,50,50,50.5189,50.3968,50.3968,50.5189,50,50,50,50,11.3858,11.0195,11.0195,11.4469,11.3858,10.8364,11.0195,11.6911,12.0574,11.9963,12.4237,12.1184,54.5482,55.6471,54.7924,55.1587,26.8315,25.7936,25.9158,25.6105,44.475,60.409,44.1087,44.5971,32.8755,32.9365,33.1807,33.3028,28.2357,28.2357,27.7473,28.1746,44.3529,44.0476,43.7424,43.4982,33.9744,34.0354,33.6081,34.6459,25.6716,25.1221,26.3431,25.4274,44.1697,43.8034,43.4982,44.0476,33.2418,32.8755,33.3639,33.0586,26.7705,26.5263,25.7936,30.3724,43.1929,43.8645,43.6813,44.1697,15.8425,14.8046,30.9829,15.7814,15.293,15.1099,38.8584,14.9878,15.6593,15.3541,16.1477,15.232,35.0122,35.5617,36.0501,35.5006,96.7949,98.138,97.2222,98.0159,50.3968,50.0305,50.9463,50.7631,50,50,50,50,50.7021,50.58,50.3968,50.3358,5.6471300000000015,0.396825,1.31258,56.4408,40.0794,53.083,23.779,55.464,27.6862,51.4957,2.77778,0.396825,1151.67,177.30900000000003,1446.12,0.0,1.0,1.0,1.0,1.0,0.0,0.129731,44.5498,44.2384,43.5638,44.44600000000001,0.233517,15.2595,96.3569,90.0612,91.6097,95.7013,0.0,8.06044,3.67026,0.0,0.0,-62.725,97.3639,95.2946,64.1507,343.969,62.2087,319.151,289.968,37.4232,414.576,414.043,412.672,506.975,504.778,588.849,417.071,415.485,515.564,511.792,591.575,408.097,405.137,529.441,527.938,614.673,407.014,406.365,528.582,526.865,613.882,432.453,431.374,538.244,535.81,614.026,433.029,431.733,539.174,539.174,613.091,588.49,590.761,22.0879,405.244,1157.15
2020-11-22 06:48:20,96.7949,97.6496,97.7106,96.6117,79.884,79.5177,78.9683,80.3724,15.6593,15.7204,15.5372,14.8657,15.293,15.3541,15.3541,15.5372,15.3541,14.8657,15.1709,15.293,43.0281,15.6777,24.3712,28.4737,97.1429,130.64700000000002,102.32,80.0488,50,50,50,50,50.5189,50.3968,50.3968,50.5189,50,50,50,50,11.3858,11.0195,11.0195,11.4469,10.8364,10.8364,11.0195,11.6911,12.0574,11.9963,12.4237,12.1184,54.5482,55.6471,54.7924,55.1587,26.8315,25.7936,25.9158,25.6105,44.475,59.7375,44.1087,44.5971,32.8755,32.9365,33.1807,33.3028,28.2357,28.2357,27.7473,28.1746,44.3529,44.0476,43.7424,43.4982,33.9744,34.0354,33.6081,33.3028,25.6716,25.6716,26.3431,25.4274,44.1697,43.8034,43.4982,44.0476,33.2418,32.8755,33.3639,33.0586,26.7705,27.0757,25.7936,30.3724,43.9866,43.8645,43.6813,44.1697,15.8425,14.8046,30.9829,15.7814,15.293,15.1099,38.8584,14.9878,15.6593,15.3541,16.1477,15.232,35.0122,35.5617,36.0501,35.5006,96.7949,98.138,97.2222,98.0159,50.3968,50.0305,50.9463,50.7631,50,50,50,50,50.7021,50.58,50.3968,50.3358,5.6471300000000015,0.396825,1.31258,56.4408,41.8498,53.083,23.779,55.464,27.6862,51.4957,2.77778,0.396825,1148.27,177.30900000000003,1452.43,0.0,1.0,1.0,1.0,1.0,0.0,0.129731,44.5498,44.2384,43.5638,44.44600000000001,0.233517,15.2595,96.3049,90.938,90.9659,94.8969,0.0,8.06044,4.17397,0.0,0.0,-55.9608,97.3639,95.2946,64.0485,346.649,62.8381,315.605,289.968,37.4232,414.576,414.043,412.672,506.975,504.778,588.849,416.037,415.485,515.707,511.792,591.575,407.086,405.137,529.441,527.938,614.673,407.014,405.354,528.582,526.865,613.882,432.453,431.374,538.244,535.81,614.026,433.029,431.733,539.174,539.174,613.091,588.49,590.761,22.0879,405.244,1157.15
2020-11-22 06:48:25,96.7949,97.6496,97.7106,96.6117,79.884,79.5177,78.9683,81.3492,15.6593,15.7204,15.5372,14.8657,15.293,15.3541,15.3541,15.5372,15.3541,14.8657,15.1709,15.293,43.0281,14.7985,24.3712,28.4737,97.1429,130.64700000000002,103.98,80.0488,50,50,50,50,50.5189,50.3968,50.3968,50.5189,50,50,50,50,11.3858,11.0195,11.0195,11.4469,10.8364,10.8364,11.0195,11.6911,12.0574,11.9963,11.8742,12.1184,54.5482,55.6471,54.7924,55.1587,26.8315,25.7936,25.9158,25.6105,44.475,59.7375,44.1087,44.5971,32.8755,32.9365,33.1807,33.3028,28.2357,28.2357,27.7473,28.1746,44.3529,44.0476,43.7424,44.1697,33.9744,34.0354,33.6081,34.9512,25.6716,25.6716,26.3431,25.4274,44.1697,43.8034,43.4982,44.0476,33.2418,32.8755,33.3639,33.0586,26.7705,26.2821,25.7936,30.3724,43.9866,43.8645,43.6813,44.1697,15.8425,14.8046,30.9829,15.7814,15.293,15.1099,38.8584,14.9878,15.6593,15.3541,16.1477,15.232,35.0122,35.5617,36.0501,35.5006,96.7949,98.138,97.2222,98.0159,50.3968,50.0305,50.9463,50.7631,50,50,50,50,50.7021,50.58,50.3968,50.3358,5.6471300000000015,0.396825,1.31258,56.4408,41.8498,53.083,23.779,55.464,27.6862,51.4957,2.77778,0.396825,1147.14,177.30900000000003,1454.02,0.0,1.0,1.0,1.0,1.0,0.0,0.129731,44.5498,44.2384,43.5638,44.44600000000001,0.233517,14.5979,96.3049,90.8505,90.6312,94.2852,0.0,8.06044,6.2749,0.0,0.0,-51.8827,97.3639,95.2946,64.0485,346.649,61.1613,314.711,289.968,37.4232,414.576,414.043,412.672,506.975,504.778,588.849,416.037,415.485,515.993,512.794,591.575,407.086,405.137,529.441,527.938,614.673,407.014,405.354,528.582,526.865,613.882,432.453,431.374,538.244,535.81,614.026,433.029,431.733,539.174,539.174,613.091,588.49,590.761,22.0879,405.772,1156.02
2020-11-22 06:48:30,96.7949,97.6496,97.7106,96.6117,79.884,79.5177,78.9683,81.3492,15.6593,15.7204,15.5372,14.8657,15.293,15.3541,15.3541,15.5372,15.3541,14.8657,15.1709,15.293,44.0049,15.7753,24.3712,26.3248,97.1429,130.64700000000002,103.98,80.0488,50,50,50,50,50.5189,50.3968,50.3968,50.5189,50,50,50,50,11.3858,11.0195,11.0195,11.4469,10.8364,10.8364,11.0195,11.6911,12.0574,11.9963,11.8742,12.1184,54.5482,55.6471,54.7924,55.1587,26.8315,25.7936,25.9158,26.16,44.475,59.7375,44.1087,44.5971,32.8755,32.9365,33.1807,33.3028,28.2357,28.2357,27.7473,28.1746,44.3529,44.0476,43.7424,44.1697,33.9744,34.0354,33.6081,34.9512,25.6716,25.6716,26.3431,25.9768,44.1697,44.3529,43.4982,44.0476,33.2418,32.8755,33.3639,33.0586,26.7705,27.0147,25.7936,30.3724,43.9866,43.8645,43.6813,44.1697,15.8425,14.8046,30.9829,15.7814,15.293,15.1099,38.8584,14.9878,15.6593,15.3541,16.1477,15.232,35.0122,35.5617,36.0501,35.5006,96.7949,98.138,97.2222,98.0159,50.3968,50.0305,50.9463,50.7631,50,50,50,50,50.7021,50.58,50.3968,50.3358,5.6471300000000015,0.396825,1.31258,56.4408,41.8498,53.083,25.0,55.464,27.6862,51.4957,2.77778,0.396825,1142.55,177.30900000000003,1460.61,0.0,1.0,1.0,1.0,1.0,0.0,0.129731,44.5498,44.2384,43.5638,44.44600000000001,0.233517,14.5979,95.0823,89.9395,91.8342,94.2852,0.0,8.06044,11.9167,0.0,0.0,-34.9594,97.3639,95.2946,63.4531,341.51199999999994,61.1613,318.46,289.968,37.4232,414.576,413.009,412.672,506.975,504.778,588.849,416.037,414.451,516.279,512.794,591.575,407.086,405.137,529.441,527.938,614.673,407.014,405.354,528.582,526.865,613.882,432.453,431.374,538.244,535.81,614.026,433.029,431.733,539.174,539.174,612.0840000000002,588.49,590.761,22.0879,405.772,1156.02
2020-11-22 06:48:35,96.7949,97.6496,97.7106,96.6117,79.884,79.5177,78.9683,81.3492,15.6593,15.7204,15.5372,14.8657,15.293,15.3541,15.3541,15.5372,15.3541,14.8657,15.1709,15.293,44.0049,15.7753,23.3944,27.8877,97.1429,133.089,103.98,80.0488,50,50,50,50,50.5189,50.3968,50.3968,50.5189,50,50,50,50,11.3858,11.0195,11.0195,11.4469,10.8364,10.8364,11.0195,11.6911,12.0574,11.9963,11.8742,12.1184,54.5482,55.6471,54.7924,55.1587,26.8315,25.7936,25.9158,26.16,44.475,59.7375,44.1087,44.5971,32.8755,32.9365,33.1807,33.3028,28.2357,28.2357,27.7473,28.1746,44.3529,44.0476,43.7424,44.1697,33.9744,34.0354,33.6081,34.4017,25.6716,25.6716,26.3431,25.9768,44.1697,44.3529,43.4982,44.0476,33.2418,32.8755,33.3639,33.0586,26.7705,27.0147,25.7936,30.3724,43.9866,43.8645,44.2918,44.1697,15.8425,14.8046,30.9829,15.7814,15.293,15.1099,38.8584,14.9878,15.6593,15.3541,16.1477,15.232,35.0122,35.5617,36.0501,35.5006,96.7949,98.138,97.2222,98.0159,50.3968,50.0305,50.9463,50.7631,50,50,50,50,50.7021,50.58,50.3968,50.3358,5.6471300000000015,0.396825,1.31258,56.4408,41.8498,52.1062,25.6105,55.464,27.6862,51.4957,2.77778,0.396825,1143.6,177.30900000000003,1458.57,0.0,1.0,1.0,1.0,1.0,0.0,0.129731,44.5498,44.2384,43.5638,44.44600000000001,0.233517,14.5979,95.6082,89.8958,91.3786,94.2456,0.0,8.06044,6.2104,0.0,0.0,-24.0605,97.3639,95.2946,62.9497,337.4430000000001,58.9351,321.127,289.968,37.4232,414.576,413.009,411.638,506.975,504.778,588.849,416.037,414.451,516.566,512.794,591.575,407.086,405.137,529.441,527.938,614.673,406.004,405.354,528.582,526.865,613.882,432.453,431.374,538.244,535.81,614.026,433.029,431.733,539.174,538.172,612.0840000000002,588.49,590.761,22.0879,405.244,1154.92
2020-11-22 06:48:40,96.7949,97.6496,97.7106,96.6117,79.884,79.5177,78.9683,81.3492,15.6593,15.7204,15.5372,14.8657,15.293,15.3541,15.3541,15.5372,15.3541,14.8657,15.1709,15.293,44.0049,15.7753,23.3944,27.8877,97.1429,133.968,100.073,80.0488,50,50,50,50,50.5189,50.3968,50.3968,50.5189,50,50,50,50,11.3858,11.0195,11.0195,11.4469,10.2869,10.8364,11.0195,11.6911,12.0574,11.9963,11.8742,12.1184,54.5482,55.6471,54.7924,55.1587,26.8315,25.7936,25.9158,26.16,44.475,59.7375,44.1087,44.5971,32.8755,33.547,33.1807,33.3028,28.2357,28.2357,27.7473,28.1746,44.3529,44.0476,43.7424,44.1697,33.9744,34.0354,33.6081,33.1197,25.6716,25.6716,26.3431,25.9768,44.1697,43.6813,43.4982,44.0476,33.2418,32.8755,33.3639,33.0586,26.7705,26.4042,25.7936,30.3724,43.9866,43.8645,44.2918,44.1697,15.8425,14.8046,30.9829,15.7814,15.293,15.1099,38.8584,14.9878,15.6593,15.3541,16.1477,15.232,35.0122,35.5617,36.0501,35.5006,96.7949,98.138,97.2222,98.0159,50.3968,50.0305,50.9463,50.7631,50,50,50,50,50.7021,50.58,50.3968,50.3358,5.6471300000000015,0.396825,1.31258,56.4408,41.8498,52.1062,25.6105,55.464,27.6862,51.4957,2.77778,0.396825,1141.32,177.30900000000003,1456.07,0.0,1.0,1.0,1.0,1.0,0.0,0.129731,44.5498,44.2384,43.5638,44.44600000000001,0.233517,13.8923,95.5611,90.8548,91.3786,94.8957,0.0,8.06044,8.416,0.0,0.0,-41.2852,97.3639,95.2946,62.2445,335.207,58.1545,321.655,289.968,37.4232,414.576,413.009,411.638,506.975,504.778,588.849,416.037,414.451,516.7090000000002,512.794,591.575,407.086,405.137,528.439,527.938,614.673,406.004,405.354,527.581,526.865,613.882,432.453,431.374,538.244,535.81,614.026,433.029,431.733,539.174,538.172,612.0840000000002,588.49,590.761,22.0879,405.772,1154.26
2020-11-22 06:48:45,96.7949,97.6496,97.7106,96.6117,79.884,79.5177,78.9683,81.3492,15.6593,15.7204,15.5372,14.8657,15.293,15.3541,15.3541,15.5372,15.3541,14.8657,15.1709,15.293,44.9817,15.7753,24.6642,27.8877,98.2173,133.968,99.1941,81.0256,50,50,50,50,50.5189,50.3968,50.3968,50.5189,50,50,50,50,11.3858,11.0195,11.0195,11.4469,10.2869,10.8364,11.0195,11.6911,12.0574,11.9963,11.8742,12.1184,54.5482,55.6471,54.7924,55.1587,26.8315,25.7936,25.9158,26.16,44.475,59.7375,44.1087,44.5971,32.8755,33.547,33.1807,33.3028,28.2357,28.2357,27.7473,28.1746,44.3529,44.0476,43.7424,44.1697,33.9744,34.0354,33.6081,33.6691,25.6716,25.6716,26.3431,25.9768,44.1697,43.6813,43.4982,44.0476,33.2418,32.8755,33.3639,33.0586,26.7705,26.4042,25.7936,30.3724,43.9866,43.8645,44.2918,44.1697,15.8425,14.8046,30.9829,15.7814,15.293,15.1099,38.8584,14.9878,15.6593,15.3541,16.1477,15.232,35.0122,35.5617,36.0501,35.5006,96.7949,98.138,97.2222,98.0159,50.3968,50.0305,50.9463,50.7631,50,50,50,50,50.7021,50.58,50.3968,50.3358,5.6471300000000015,0.396825,1.31258,56.4408,41.8498,52.1062,25.6105,55.464,27.6862,51.4957,2.77778,0.396825,1141.41,177.30900000000003,1460.67,0.0,1.0,1.0,1.0,1.0,0.0,0.129731,44.5498,44.2384,43.5638,44.44600000000001,0.233517,13.1867,95.5611,91.7698,90.9428,94.9855,0.0,8.06044,4.17397,0.0,0.0,-35.8236,97.3639,95.2946,60.8004,335.751,56.2269,319.772,289.968,37.4232,414.576,413.009,411.638,506.975,504.778,588.849,416.037,414.451,516.995,512.794,591.575,407.086,405.137,528.439,527.938,614.673,406.004,405.354,527.581,526.865,613.882,432.453,431.374,538.244,535.81,613.019,433.029,431.733,539.174,538.172,612.0840000000002,588.49,590.761,22.0879,405.244,1152.71
2020-11-22 06:48:50,96.7949,97.6496,97.7106,96.6117,79.884,79.5177,79.5177,81.3492,15.6593,15.7204,15.5372,14.8657,15.293,15.3541,15.3541,15.5372,15.3541,14.8657,15.1709,15.293,44.0049,15.7753,24.6642,27.8877,97.3382,136.11700000000002,100.073,79.9512,50,50,50,50,50.5189,50.3968,50.3968,50.5189,50,50,50,50,11.3858,11.0195,11.0195,11.4469,10.8364,10.8364,11.0195,11.6911,12.0574,11.9963,11.8742,12.1184,54.5482,55.6471,54.7924,55.1587,26.8315,25.7936,25.9158,26.16,44.475,59.7375,44.1087,44.5971,32.8755,33.547,33.1807,32.7534,28.2357,28.2357,27.7473,28.1746,44.3529,44.0476,43.7424,44.1697,33.9744,34.0354,33.6081,33.6691,25.6716,25.6716,26.3431,25.9768,44.1697,43.6813,43.4982,44.0476,33.2418,32.8755,33.3639,33.0586,26.7705,26.4042,25.7936,30.3724,43.9866,43.8645,44.2918,44.1697,15.8425,14.8046,30.9829,15.7814,15.293,15.1099,38.8584,14.9878,15.6593,15.3541,16.1477,15.232,35.0122,35.5617,36.0501,35.5006,96.7949,98.138,97.2222,98.0159,50.3968,50.0305,50.9463,50.7631,50,50,50,50,50.7021,50.58,50.3968,50.3358,5.6471300000000015,0.396825,1.31258,56.4408,41.8498,52.1062,25.6105,55.464,27.6862,51.4957,2.77778,0.396825,1132.14,177.30900000000003,1459.1,0.0,1.0,1.0,1.0,1.0,0.0,0.129731,44.5498,44.2384,43.5638,44.44600000000001,0.233517,13.1867,95.6808,89.484,90.9428,94.9855,0.0,8.06044,12.1872,0.0,0.0,-70.0861,97.3639,95.2946,60.026,335.751,55.5525,315.567,289.968,37.4232,414.576,413.009,411.638,506.975,504.778,588.849,416.037,414.451,517.138,512.794,591.575,407.086,404.127,528.439,527.938,614.673,406.004,405.354,527.581,526.865,613.882,432.453,431.374,538.244,534.809,613.019,433.029,431.733,539.174,538.172,612.0840000000002,588.49,590.761,21.917,405.772,1151.16
2020-11-22 06:48:55,96.7949,97.6496,97.7106,96.6117,79.884,79.5177,79.5177,81.3492,15.6593,15.7204,15.5372,14.8657,15.293,15.3541,15.3541,15.5372,15.3541,14.8657,15.1709,15.293,44.0049,15.7753,25.5433,26.6178,97.3382,136.11700000000002,100.073,78.779,50,50,50,50,50.5189,50.3968,50.3968,50.5189,50,50,50,50,11.3858,11.0195,11.0195,11.4469,10.8364,10.8364,11.0195,11.6911,12.0574,11.9963,11.8742,12.1184,54.5482,55.6471,54.7924,55.1587,26.8315,25.7936,25.9158,26.16,44.475,59.7375,44.1087,44.5971,32.8755,33.547,33.1807,32.7534,28.2357,28.2357,27.7473,28.1746,44.3529,44.0476,43.7424,44.1697,33.9744,34.0354,33.6081,33.6691,25.6716,25.6716,26.3431,25.9768,44.1697,44.2308,43.4982,44.0476,33.2418,32.8755,33.3639,33.0586,26.7705,26.4042,25.7936,30.3724,43.9866,43.8645,44.2918,44.1697,15.8425,14.8046,30.9829,15.7814,15.293,15.1099,38.8584,14.9878,15.6593,15.3541,16.1477,15.232,35.0122,35.5617,36.0501,35.5006,96.7949,98.138,97.2222,98.0159,50.3968,50.0305,50.9463,50.7631,50,50,50,50,50.7021,50.58,50.3968,50.3358,5.6471300000000015,0.396825,1.31258,56.4408,41.8498,52.1062,25.6105,55.464,27.6862,51.4957,2.77778,0.396825,1127.5,177.30900000000003,1460.96,0.0,1.0,1.0,1.0,1.0,0.0,0.129731,44.5498,44.2384,43.5638,44.44600000000001,0.233517,13.1867,93.9837,91.3024,92.0527,94.9855,0.0,8.06044,15.4083,0.0,0.0,-86.1917,97.3639,95.2946,60.026,336.415,54.3542,312.8540000000001,289.968,37.4232,414.576,413.009,411.638,506.975,504.778,588.849,416.037,414.451,517.281,512.794,591.575,407.086,404.127,528.439,527.938,614.673,406.004,405.354,527.581,526.865,613.882,432.453,431.374,537.242,534.809,613.019,433.029,431.733,539.174,538.172,612.0840000000002,588.49,590.761,21.917,405.244,1149.88
2020-11-22 06:49:00,96.7949,97.6496,97.7106,96.6117,79.884,79.5177,79.5177,81.3492,15.6593,15.7204,15.5372,14.8657,15.293,15.3541,15.3541,14.9267,15.3541,14.8657,15.1709,15.293,44.0049,15.7753,25.5433,25.7387,95.9707,137.289,101.245,79.7558,50,50,50,50,50.5189,50.3968,50.3968,50.5189,50,50,50,50,11.3858,11.0195,11.0195,11.4469,10.8364,10.8364,11.0195,11.6911,12.0574,11.9963,11.8742,12.1184,54.5482,55.6471,54.7924,55.1587,26.8315,25.7936,25.9158,26.16,45.0244,59.7375,44.1087,44.5971,32.8755,33.547,33.1807,32.7534,28.2357,28.2357,27.7473,28.1746,44.3529,44.0476,43.7424,44.1697,33.9744,34.0354,33.6081,33.6691,25.6716,25.6716,26.3431,25.9768,44.1697,44.2308,43.4982,44.0476,33.2418,32.8755,33.3639,33.0586,26.7705,26.4042,25.7936,30.3724,43.9866,43.8645,44.2918,44.1697,15.8425,14.8046,30.9829,15.7814,15.293,15.1099,38.8584,14.9878,15.6593,15.3541,16.1477,15.232,35.0122,35.5617,36.0501,35.5006,96.7949,98.138,97.2222,98.0159,50.3968,50.0305,50.9463,50.7631,50,50,50,50,50.7021,50.58,50.3968,50.3358,5.6471300000000015,0.396825,1.31258,56.4408,41.8498,52.1062,25.6105,55.464,27.6862,51.4957,2.77778,0.396825,1119.37,177.30900000000003,1463.45,0.0,1.0,1.0,1.0,1.0,0.0,0.129731,44.5498,44.2384,43.5638,44.44600000000001,0.233517,13.1867,95.141,90.4826,92.9483,95.632,0.0,8.06044,22.7533,0.0,0.0,-88.1344,97.3639,95.2946,60.026,337.11,53.687,309.573,289.968,37.4232,414.576,413.009,411.638,506.975,504.778,588.849,416.037,414.451,517.281,511.338,591.575,407.086,404.127,528.439,527.938,614.673,406.004,405.354,527.581,526.865,613.882,432.453,431.374,537.242,534.809,613.019,433.029,431.733,539.174,538.172,612.0840000000002,588.49,590.761,21.917,405.244,1148.47
2020-11-22 06:49:05,96.7949,97.6496,97.7106,96.6117,79.884,79.5177,79.5177,81.3492,15.6593,15.7204,15.5372,14.8657,15.293,15.3541,15.3541,15.9646,15.3541,14.8657,15.1709,15.293,44.0049,15.7753,25.5433,25.7387,93.5287,138.266,102.125,79.7558,50,50,50,50,50.5189,50.3968,50.3968,50.5189,50,50,50,50,11.3858,11.0195,11.0195,11.4469,10.8364,10.8364,11.0195,11.6911,12.0574,11.9963,11.8742,12.1184,54.5482,55.6471,54.7924,55.1587,26.8315,25.7936,25.9158,26.16,45.0244,59.7375,45.0855,44.5971,32.8755,33.547,33.1807,32.7534,28.2357,28.2357,27.7473,28.1746,44.3529,44.5971,43.7424,44.1697,33.9744,34.0354,33.6081,33.6691,25.6716,25.6716,26.3431,25.9768,44.1697,44.7802,43.4982,44.0476,33.2418,32.8755,33.3639,33.0586,26.7705,26.9536,25.7936,30.3724,43.9866,43.8645,44.2918,44.1697,15.8425,14.8046,30.9829,15.7814,15.293,15.1099,38.8584,14.9878,15.6593,15.3541,16.1477,15.232,35.0122,35.5617,36.0501,35.5006,96.7949,98.138,97.2222,98.0159,50.3968,50.0305,50.9463,50.7631,50,50,50,50,50.7021,50.58,50.3968,50.3358,5.6471300000000015,0.396825,1.31258,56.4408,41.8498,52.1062,25.6105,55.464,27.6862,51.4957,2.77778,0.396825,1124.11,177.30900000000003,1468.39,0.0,1.0,1.0,1.0,1.0,0.0,0.129731,44.5498,44.2384,43.5638,44.44600000000001,0.233517,13.1867,95.141,90.8334,91.3468,95.8885,0.0,7.9615399999999985,22.6338,0.0,0.0,-73.2506,97.3639,95.2946,58.6382,337.199,53.5288,306.0370000000001,289.968,37.4232,414.576,413.009,411.638,506.975,503.752,588.849,415.028,414.451,517.424,508.929,591.575,407.086,404.127,528.439,527.938,614.673,406.004,405.354,527.581,525.863,613.882,432.453,431.374,537.242,534.809,613.019,433.029,431.733,539.174,538.172,612.0840000000002,588.49,590.761,21.917,404.715,1147.95
2020-11-22 06:49:10,96.7949,97.6496,97.7106,96.6117,79.884,79.5177,79.5177,81.3492,15.6593,15.7204,15.5372,14.8657,15.293,15.3541,15.3541,15.9646,15.3541,14.8657,15.1709,15.293,44.0049,16.6545,25.5433,25.7387,91.4774,139.145,102.125,80.6349,50,50,50,50,50.5189,50.3968,50.3968,50.5189,50,50,50,50,11.3858,11.0195,11.0195,11.4469,10.8364,10.8364,11.0195,11.6911,12.0574,11.9963,11.8742,12.1184,54.5482,55.6471,54.7924,55.1587,26.8315,25.7936,25.9158,26.16,45.0244,59.7375,45.0855,44.5971,32.8755,33.547,33.1807,32.7534,28.2357,28.2357,28.4188,28.1746,44.3529,44.5971,43.7424,44.1697,33.9744,34.0354,33.6081,33.1197,25.6716,25.6716,26.3431,25.9768,44.1697,44.7802,43.4982,44.0476,33.2418,32.8755,33.3639,33.0586,26.7705,26.9536,25.7936,30.3724,43.9866,43.8645,44.2918,44.1697,15.8425,14.8046,30.9829,15.7814,15.293,15.1099,38.8584,14.9878,15.6593,15.3541,16.1477,15.232,35.0122,35.5617,36.0501,35.5006,96.7949,98.138,97.2222,98.0159,50.3968,50.0305,50.9463,50.7631,50,50,50,50,50.7021,50.58,50.3968,50.3358,5.6471300000000015,0.396825,1.31258,56.4408,41.8498,52.1062,25.6105,55.464,27.6862,51.4957,2.77778,0.396825,1124.02,176.771,1465.31,0.0,1.0,1.0,1.0,1.0,0.0,0.129731,44.5498,44.2384,43.5638,44.44600000000001,0.233517,13.1867,95.2862,89.6951,91.3468,93.9739,0.0,7.9615399999999985,14.9963,0.0,0.0,-69.6503,97.3639,95.2946,59.2232,335.691,51.9934,303.438,289.968,37.4232,414.576,413.009,411.638,506.975,502.75,588.849,415.028,413.441,517.424,507.856,591.575,407.086,404.127,528.439,527.938,614.673,406.004,405.354,527.581,525.863,613.882,432.453,431.374,537.242,534.809,613.019,433.029,431.733,539.174,538.172,612.0840000000002,588.49,590.761,21.917,405.244,1147.39
2020-11-22 06:49:15,96.7949,97.6496,97.7106,96.6117,79.884,79.5177,80.0672,81.3492,15.6593,15.7204,15.5372,14.8657,15.293,15.3541,15.3541,15.9646,15.3541,14.8657,15.1709,15.293,44.88399999999999,16.6545,24.6642,25.7387,91.4774,138.071,101.05,81.8071,50,50,50,50,50.5189,50.3968,50.3968,50.5189,50,50,50,50,11.3858,11.0195,11.0195,11.4469,11.5079,10.8364,11.0195,11.6911,12.0574,11.9963,12.4237,12.1184,54.5482,55.6471,54.7924,55.1587,26.8315,25.7936,25.9158,26.16,45.0244,59.7375,45.0855,44.5971,32.8755,33.547,33.1807,32.2039,28.2357,28.2357,28.4188,28.1746,44.3529,44.5971,43.7424,44.1697,33.9744,34.0354,33.6081,34.6459,25.6716,25.6716,26.3431,25.9768,44.1697,44.1087,43.4982,44.0476,33.2418,32.8755,33.3639,33.0586,26.7705,26.9536,25.7936,30.3724,43.9866,43.8645,44.2918,44.1697,15.8425,14.8046,30.9829,15.7814,15.293,15.1099,38.8584,14.9878,15.6593,15.3541,16.1477,15.232,35.0122,35.5617,36.0501,35.5006,96.7949,98.138,97.2222,98.0159,50.3968,50.0305,50.9463,50.7631,50,50,50,50,50.7021,50.58,50.3968,50.3358,5.6471300000000015,0.396825,1.31258,56.4408,41.8498,52.1062,25.6105,55.464,29.6398,51.4957,2.77778,0.396825,1124.02,176.771,1469.29,0.0,1.0,1.0,1.0,1.0,0.0,0.129731,44.5498,44.2384,43.5638,44.44600000000001,0.233517,13.1867,96.017,90.0292,92.3298,96.254,0.0,7.9615399999999985,17.9648,0.0,0.0,-85.0858,97.3639,95.2946,58.6382,336.415,53.2437,301.43,289.968,37.4232,414.576,413.009,411.638,506.975,502.75,588.849,415.028,413.441,517.424,506.829,591.575,407.086,404.127,528.439,527.938,614.673,406.004,405.354,527.581,525.863,613.882,432.453,431.374,537.242,534.809,613.019,433.029,431.733,539.174,538.172,612.0840000000002,588.49,590.761,21.917,405.772,1146.76
2020-11-22 06:49:20,96.7949,97.6496,97.7106,96.6117,79.884,79.5177,80.0672,81.3492,15.6593,15.7204,15.5372,14.8657,15.293,15.3541,15.3541,15.1709,15.3541,14.8657,15.1709,15.293,44.88399999999999,17.5336,24.6642,26.7155,90.5006,139.048,103.101,79.8535,50,50,50,50,50.5189,50.3968,50.3968,50.5189,50,50,50,50,11.3858,11.0195,11.0195,11.4469,11.5079,10.8364,11.0195,11.6911,12.0574,11.9963,12.4237,12.1184,54.5482,55.6471,54.7924,55.1587,26.8315,25.7936,25.9158,26.16,45.0244,59.7375,45.0855,44.5971,32.8755,33.547,33.1807,32.2039,28.2357,28.2357,28.4188,28.1746,44.3529,44.5971,43.7424,44.1697,33.9744,34.0354,33.6081,34.6459,25.6716,25.6716,26.3431,25.9768,44.1697,44.1087,43.4982,44.0476,33.2418,33.486,33.3639,33.0586,26.7705,26.9536,25.7936,30.3724,43.9866,43.8645,44.2918,44.1697,15.8425,14.8046,30.9829,15.7814,15.293,15.1099,38.8584,14.9878,15.6593,15.3541,16.1477,15.232,35.0122,35.5617,36.0501,35.5006,96.7949,98.138,97.2222,98.0159,50.3968,50.0305,50.9463,50.7631,50,50,50,50,50.7021,50.58,50.3968,50.3358,5.6471300000000015,0.396825,1.31258,56.4408,41.8498,52.1062,25.6105,55.464,29.6398,51.4957,2.77778,0.396825,1125.24,176.771,1463.82,0.0,1.0,1.0,1.0,1.0,0.0,0.129731,44.5498,44.2384,43.5638,44.44600000000001,0.233517,13.1867,95.3597,92.787,90.6002,95.8371,0.0,7.9615399999999985,17.7701,0.0,0.0,-64.6185,97.3639,95.2946,56.2836,337.504,52.6174,298.877,289.968,37.4232,414.576,413.009,411.638,506.975,503.776,588.849,415.028,413.441,517.305,505.61300000000006,591.575,407.086,404.127,528.439,527.938,614.673,406.004,405.354,527.581,525.863,613.882,432.453,431.374,537.242,534.809,613.019,433.029,431.733,539.174,538.172,612.0840000000002,588.49,590.761,21.917,405.244,1145.58
2020-11-22 06:49:25,96.7949,97.6496,97.7106,96.6117,79.884,79.5177,80.0672,81.3492,15.6593,15.7204,15.5372,14.8657,15.293,15.3541,15.3541,15.1709,15.3541,14.8657,15.1709,15.293,44.88399999999999,17.5336,24.6642,27.5946,90.5006,139.048,102.125,81.0256,50,50,50,50,50.5189,50.3968,50.3968,50.5189,50,50,50,50,11.3858,11.0195,11.0195,11.4469,11.5079,10.8364,11.0195,11.6911,12.0574,11.9963,12.4237,12.1184,54.5482,55.6471,54.7924,55.1587,26.8315,25.7936,26.4652,26.16,45.0244,59.7375,45.0855,44.5971,32.8755,33.547,33.1807,32.2039,28.2357,28.2357,28.4188,28.1746,44.3529,44.5971,43.7424,44.1697,33.9744,34.0354,33.6081,34.6459,25.6716,25.6716,26.3431,25.9768,44.1697,44.1087,43.4982,44.0476,33.2418,33.486,33.3639,33.0586,26.7705,26.9536,25.7936,30.3724,43.9866,43.8645,44.2918,44.1697,15.8425,14.8046,30.9829,15.7814,15.293,15.1099,38.8584,14.9878,15.6593,15.3541,16.1477,15.232,35.0122,35.5617,36.0501,35.5006,96.7949,98.138,97.2222,98.0159,50.3968,50.0305,50.9463,50.7631,50,50,50,50,50.7021,50.58,50.3968,50.3358,5.6471300000000015,0.396825,1.31258,56.4408,41.8498,52.1062,25.6105,55.464,29.6398,51.4957,2.77778,0.396825,1122.92,176.771,1466.31,0.0,1.0,1.0,1.0,1.0,0.0,0.129731,44.5498,44.2384,43.5638,44.44600000000001,0.233517,13.1867,95.3597,90.8266,90.6002,95.1817,0.0,7.9615399999999985,17.5338,0.0,0.0,-66.2722,97.3639,95.2946,55.6834,337.504,51.6823,297.825,289.968,37.4232,414.576,413.009,411.638,506.975,503.776,588.849,415.028,413.441,517.1619999999998,504.539,591.575,407.086,404.127,528.439,527.938,614.673,406.004,405.354,527.581,525.863,613.882,432.453,431.374,537.242,534.809,613.019,433.029,431.733,539.174,538.172,612.0840000000002,588.49,590.761,21.917,405.244,1145.58
2020-11-22 06:49:30,96.7949,97.6496,97.7106,96.6117,80.6166,79.5177,80.0672,81.3492,15.6593,15.7204,15.5372,14.8657,15.293,15.3541,15.3541,15.1709,15.3541,14.8657,15.1709,15.293,44.88399999999999,16.3614,24.6642,27.5946,90.5006,137.97299999999998,102.125,79.9512,50,50,50,50,50.5189,50.3968,50.3968,50.5189,50,50,50,50,11.3858,11.0195,11.0195,11.4469,11.5079,10.8364,11.0195,11.6911,12.0574,11.9963,12.4237,12.1184,54.5482,55.6471,54.7924,55.1587,26.8315,25.7936,26.4652,26.16,45.0244,59.7375,45.0855,44.5971,32.8755,33.547,33.1807,32.2039,28.2357,28.2357,28.4188,28.1746,44.3529,44.5971,43.7424,44.1697,33.9744,34.0354,33.6081,34.6459,25.6716,25.6716,26.3431,25.9768,44.1697,44.1087,43.4982,44.0476,33.2418,33.486,33.3639,33.0586,26.7705,26.9536,25.7936,30.3724,43.9866,43.8645,44.2918,44.1697,15.8425,14.8046,30.9829,15.7814,15.293,15.1099,38.8584,14.9878,15.6593,15.3541,16.1477,15.232,35.0122,35.5617,36.0501,35.5006,96.7949,98.138,97.2222,98.0159,50.3968,50.0305,50.9463,50.7631,50,50,50,50,50.7021,50.58,50.3968,50.3358,5.6471300000000015,0.396825,1.31258,56.4408,41.8498,52.1062,25.6105,55.464,29.6398,51.4957,2.77778,0.396825,1122.83,176.771,1466.78,0.0,1.0,1.0,1.0,1.0,0.0,0.129731,44.5498,44.2384,43.5638,44.44600000000001,0.233517,13.8629,95.3066,92.9165,90.6002,94.5529,0.0,7.9615399999999985,14.8833,0.0,0.0,-71.7439,97.3639,95.2946,54.3757,336.446,51.6823,297.29,289.968,37.4232,414.576,413.009,411.638,506.975,503.776,588.849,415.028,413.441,516.995,504.539,591.575,407.086,404.127,528.439,527.938,614.673,406.004,405.354,527.581,525.863,613.882,432.453,431.374,537.242,534.809,613.019,433.029,431.733,539.174,538.172,612.0840000000002,588.49,590.761,21.917,404.715,1144.95
2020-11-22 06:49:35,96.7949,97.6496,97.7106,96.6117,80.6166,79.5177,80.0672,81.3492,15.6593,15.7204,15.5372,14.8657,15.293,15.3541,15.3541,15.1709,15.3541,14.8657,15.1709,15.293,44.88399999999999,16.3614,24.6642,28.5714,92.6496,137.97299999999998,101.831,79.9512,50,50,50,50,50.5189,50.3968,50.3968,50.5189,50,50,50,50,11.3858,11.0195,11.0195,11.4469,11.5079,10.8364,11.0195,11.6911,12.0574,11.9963,12.4237,12.1184,54.5482,55.6471,54.7924,55.1587,26.8315,25.7936,26.4652,26.16,45.5739,59.7375,45.0855,44.5971,32.8755,33.547,33.1807,31.6545,28.2357,28.2357,28.4188,28.1746,44.3529,44.5971,43.7424,44.1697,33.9744,34.0354,33.6081,34.6459,25.6716,25.6716,26.3431,25.9768,44.1697,44.1087,43.4982,44.0476,33.2418,33.486,33.3639,33.0586,26.7705,26.9536,25.7936,30.3724,43.9866,43.8645,44.2918,44.1697,15.8425,14.8046,30.9829,15.7814,15.293,15.1099,38.8584,14.9878,15.6593,15.3541,16.1477,15.232,35.0122,35.5617,36.0501,35.5006,96.7949,98.138,97.2222,98.0159,50.3968,50.0305,50.9463,50.7631,50,50,50,50,50.7021,50.58,50.3968,50.3358,5.6471300000000015,0.396825,1.31258,56.4408,41.8498,52.1062,25.6105,55.464,29.6398,51.4957,2.77778,0.396825,1119.31,176.771,1466.34,0.0,1.0,1.0,1.0,1.0,0.0,0.129731,44.5498,44.2384,43.5638,44.44600000000001,0.233517,14.4656,95.269,92.5266,90.6002,95.3944,0.0,7.9615399999999985,23.3211,0.0,0.0,-63.9973,97.3639,95.2946,52.129,334.95,49.6148,297.29,289.968,37.4232,414.576,413.009,411.638,506.975,503.776,588.849,415.028,413.441,516.852,504.539,591.575,407.086,404.127,528.439,527.938,614.673,406.004,405.354,527.581,525.863,614.888,432.453,431.374,537.242,534.809,613.019,433.029,431.733,539.174,538.172,612.0840000000002,588.49,590.761,21.917,405.244,1143.9
2020-11-22 06:49:40,96.7949,97.6496,97.7106,96.6117,80.6166,79.5177,80.6166,81.3492,15.6593,15.7204,15.5372,14.8657,15.293,15.3541,15.3541,15.1709,15.3541,14.8657,15.1709,15.293,45.7631,16.3614,24.6642,28.5714,93.9194,136.41,101.831,79.9512,50,50,50,50,50.5189,50.3968,50.3968,50.5189,50,50,50,50,11.3858,11.0195,11.0195,11.4469,11.5079,10.8364,11.0195,11.6911,12.0574,11.9963,12.4237,12.1184,54.5482,55.6471,54.7924,55.1587,26.8315,25.7936,26.4652,26.16,45.5739,59.7375,45.0855,44.5971,32.8755,33.547,33.1807,31.6545,28.2357,28.2357,28.4188,28.1746,44.3529,44.5971,43.7424,44.1697,33.9744,34.0354,33.6081,34.6459,25.6716,25.6716,26.3431,25.9768,44.1697,44.1087,43.4982,44.0476,33.2418,33.486,33.3639,33.0586,26.7705,26.8926,25.7936,30.3724,43.9866,43.8645,44.2918,44.1697,15.8425,14.8046,30.9829,15.7814,15.293,15.1099,38.8584,14.9878,15.6593,15.3541,16.1477,15.232,35.0122,35.5617,36.0501,35.5006,96.7949,98.138,97.2222,98.0159,50.3968,50.0305,50.9463,50.7631,50,50,50,50,50.7021,50.58,50.3968,50.3358,5.6471300000000015,0.396825,1.31258,56.4408,41.8498,50.9463,27.3199,55.464,29.6398,51.4957,2.77778,0.396825,1125.12,176.771,1471.31,0.0,1.0,1.0,1.0,1.0,0.0,0.129731,44.5498,44.2384,43.5638,44.44600000000001,0.233517,14.4656,94.5746,92.4821,89.9266,95.3944,0.0,8.06044,22.7473,0.0,0.0,-54.8336,97.3639,95.2946,50.8033,331.122,49.7781,295.965,289.968,37.4232,414.576,413.009,411.638,506.975,502.702,589.9,415.028,413.441,516.7090000000002,503.418,591.575,407.086,404.127,528.439,527.938,614.673,406.004,405.354,527.581,525.863,614.888,432.453,431.374,537.242,534.809,613.019,433.029,431.733,539.174,538.172,612.0840000000002,588.49,590.761,21.917,405.772,1143.9
2020-11-22 06:49:45,96.7949,97.6496,97.7106,96.6117,80.6166,79.5177,80.6166,81.3492,15.6593,15.7204,15.5372,14.8657,15.293,15.3541,15.3541,15.1709,15.3541,14.8657,15.1709,15.293,45.7631,16.3614,25.5433,27.0085,96.4591,135.336,99.7802,79.9512,50,50,50,50,50.5189,50.3968,50.3968,50.5189,50,50,50,50,11.3858,11.0195,11.0195,11.4469,11.5079,10.8364,11.0195,11.6911,12.0574,11.9963,12.4237,12.1184,54.5482,55.6471,54.7924,55.1587,26.8315,25.7936,26.4652,26.16,45.5739,59.7375,45.0855,44.5971,32.8755,33.547,33.1807,31.6545,28.2357,28.2357,28.4188,28.1746,44.3529,44.5971,43.7424,44.1697,33.9744,34.0354,33.6081,34.0965,25.6716,25.6716,26.3431,25.9768,44.1697,44.1087,43.4982,44.0476,33.2418,33.486,33.3639,33.0586,26.7705,26.8926,25.7936,30.3724,43.9866,43.8645,44.2918,44.1697,15.8425,14.8046,30.9829,15.7814,15.293,15.1099,38.8584,14.9878,15.6593,15.3541,16.1477,15.232,35.0122,35.5617,36.0501,35.5006,96.7949,98.138,97.2222,98.0159,50.3968,50.0305,50.9463,50.7631,50,50,50,50,50.7021,50.58,50.3968,50.3358,5.6471300000000015,0.396825,1.31258,56.4408,41.8498,50.9463,27.3199,55.464,29.6398,51.4957,2.77778,0.396825,1127.43,176.771,1468.88,0.0,1.0,1.0,1.0,1.0,0.0,0.129731,44.5498,44.2384,43.5638,44.44600000000001,0.233517,14.4656,96.1392,92.5579,90.8867,96.3812,0.0,8.06044,14.7147,0.0,0.0,-35.0919,97.3639,95.2946,50.8033,325.957,49.7781,295.414,289.968,37.4232,414.576,413.009,411.638,506.975,502.702,589.9,415.028,413.441,516.566,503.418,591.575,407.086,404.127,528.439,527.938,614.673,406.004,405.354,527.581,525.863,614.888,432.453,431.374,537.242,534.809,613.019,433.029,431.733,538.172,538.172,612.0840000000002,589.5419999999998,591.766,21.917,405.772,1143.9
2020-11-22 06:49:50,96.7949,97.6496,97.7106,96.6117,80.6166,79.5177,80.6166,81.3492,15.6593,15.7204,14.9878,14.8657,15.293,15.3541,15.3541,15.1709,15.3541,14.8657,15.1709,15.293,45.7631,16.3614,24.6642,27.0085,98.4127,136.41,98.9011,78.9743,50,50,50,50,50.5189,50.3968,50.3968,50.5189,50,50,50,50,11.3858,11.0195,11.0195,11.4469,11.5079,10.8364,11.0195,11.6911,12.0574,11.9963,11.8742,12.1184,54.5482,55.6471,54.7924,55.1587,26.8315,25.7936,26.4652,26.16,45.5739,59.7375,45.0855,44.5971,32.8755,33.547,33.1807,33.2418,28.2357,28.2357,28.4188,28.1746,44.3529,44.5971,43.7424,44.1697,33.9744,34.0354,33.6081,33.547,25.6716,25.6716,26.3431,25.9768,44.1697,44.1087,43.4982,44.0476,33.2418,33.486,33.3639,33.0586,26.7705,26.8926,25.7936,30.3724,43.9866,43.8645,44.2918,44.1697,15.8425,14.8046,30.9829,15.7814,15.293,15.1099,38.8584,14.9878,15.6593,15.3541,16.1477,15.232,35.0122,35.5617,36.0501,35.5006,96.7949,98.138,97.2222,98.0159,50.3968,50.0305,50.9463,50.7631,50,50,50,50,50.7021,50.58,50.3968,50.3358,5.6471300000000015,0.396825,1.31258,56.4408,41.8498,50.9463,27.3199,55.464,29.6398,51.4957,2.77778,0.396825,1126.28,176.771,1468.96,0.0,1.0,1.0,1.0,1.0,0.0,0.129731,44.5498,44.2384,43.5638,44.44600000000001,0.233517,14.4656,96.836,89.00200000000002,91.7891,95.0138,0.0,8.06044,14.7147,0.0,0.0,-63.0123,97.3639,95.2946,50.8033,323.471,51.5835,298.921,289.968,37.4232,414.576,413.009,411.638,506.975,502.702,589.9,415.028,413.441,516.423,503.418,591.575,407.086,404.127,528.439,527.938,614.673,406.004,405.354,527.581,525.863,614.888,432.453,431.374,537.242,534.809,613.019,433.029,431.733,538.172,538.172,612.0840000000002,589.5419999999998,591.766,21.917,405.772,1143.9
2020-11-22 06:49:55,96.7949,97.6496,97.7106,96.6117,80.6166,79.5177,80.6166,81.3492,15.6593,15.7204,14.9878,14.8657,15.293,15.3541,15.3541,15.1709,15.3541,14.8657,15.1709,15.293,45.7631,16.3614,23.4921,26.1294,98.4127,134.945,98.9011,78.9743,50,50,50,50,50.5189,50.3968,50.3968,50.5189,50,50,50,50,11.3858,11.0195,11.0195,11.4469,11.5079,10.8364,11.0195,11.6911,12.0574,11.9963,11.8742,12.1184,54.5482,55.6471,54.7924,55.1587,26.8315,25.7936,26.4652,26.16,45.5739,59.7375,45.0855,44.5971,32.8755,33.547,33.1807,33.2418,28.2357,28.2357,28.4188,28.1746,44.3529,44.5971,43.7424,44.1697,33.9744,34.0354,33.6081,33.547,25.6716,25.6716,26.3431,25.9768,44.1697,44.1087,43.4982,44.0476,33.2418,33.486,33.3639,33.0586,26.7705,26.8315,25.7936,30.3724,43.9866,43.8645,44.2918,44.1697,15.8425,14.8046,30.9829,15.7814,15.293,15.1099,38.8584,14.9878,15.6593,15.3541,16.1477,15.232,35.0122,35.5617,36.0501,35.5006,96.7949,98.138,97.2222,98.0159,50.3968,50.0305,50.9463,50.7631,50,50,50,50,50.7021,50.58,50.3968,50.3358,5.6471300000000015,0.396825,1.31258,56.4408,41.8498,52.1062,27.3199,55.464,29.6398,51.4957,2.77778,0.396825,1129.75,176.771,1461.06,0.0,1.0,1.0,1.0,1.0,0.0,0.129731,44.5498,44.2384,43.5638,44.44600000000001,0.233517,14.4656,94.6874,91.3668,91.7891,94.298,0.0,8.06044,16.9869,0.0,0.0,-41.7425,97.3639,95.2946,50.0401,325.9840000000001,51.5835,302.247,289.968,37.4232,414.576,413.009,411.638,506.975,502.702,589.9,415.028,413.441,516.279,503.418,591.575,407.086,404.127,528.439,527.938,614.673,406.004,405.354,527.581,525.863,614.888,432.453,431.374,537.242,534.809,613.019,433.029,431.733,538.172,538.172,612.0840000000002,589.5419999999998,591.766,21.917,405.244,1143.4
2020-11-22 06:50:00,96.7949,97.6496,97.7106,96.6117,80.6166,79.5177,81.1661,81.3492,15.6593,15.7204,14.9878,14.8657,15.293,15.3541,15.3541,15.1709,15.3541,14.8657,15.1709,15.293,44.6886,17.2405,23.4921,25.2503,99.7802,133.871,102.027,78.9743,50,50,50,50,50.5189,50.3968,50.3968,50.5189,50,50,50,50,11.3858,11.0195,11.0195,11.4469,11.5079,10.8364,11.0195,11.6911,12.0574,11.9963,12.4237,12.1184,54.5482,55.6471,54.7924,55.1587,26.8315,25.7936,26.4652,26.16,45.5739,59.7375,45.0855,44.5971,32.8755,33.547,33.1807,33.2418,28.2357,28.2357,28.4188,28.1746,44.3529,44.5971,43.7424,44.1697,33.9744,34.0354,33.6081,33.547,25.6716,25.6716,26.3431,25.9768,44.1697,44.1087,43.4982,44.0476,33.2418,33.486,33.3639,33.0586,26.7705,26.8315,25.7936,30.3724,43.9866,43.8645,44.2918,44.1697,15.8425,14.8046,30.9829,15.7814,15.293,15.1099,38.8584,14.9878,15.6593,15.3541,16.1477,15.232,35.0122,35.5617,36.0501,35.5006,96.7949,98.138,97.2222,98.0159,50.3968,50.0305,50.9463,50.7631,50,50,50,50,50.7021,50.58,50.3968,50.3358,5.6471300000000015,0.396825,1.31258,56.4408,41.8498,52.1062,27.3199,55.464,29.6398,51.4957,2.77778,0.396825,1128.59,176.771,1462.69,0.0,1.0,1.0,1.0,1.0,0.0,0.129731,44.5498,44.2384,43.5638,44.44600000000001,0.233517,14.4656,96.6743,91.3668,92.0638,96.4284,0.0,8.06044,15.3232,0.0,0.0,-63.4429,97.3639,95.2946,50.8534,325.841,51.7329,302.793,289.968,37.4232,414.576,413.009,411.638,506.975,502.702,589.9,415.028,413.441,516.136,502.416,592.627,407.086,404.127,528.439,526.937,614.673,406.004,404.343,527.581,525.863,614.888,432.453,431.374,537.242,534.809,613.019,433.029,431.733,538.172,538.172,612.0840000000002,589.5419999999998,591.766,21.917,405.244,1143.4
2020-11-22 06:50:05,96.7949,97.6496,97.7106,96.6117,80.6166,79.5177,81.1661,81.3492,15.6593,15.7204,14.9878,14.8657,15.293,15.3541,15.3541,15.1709,15.3541,14.8657,15.1709,15.293,44.6886,17.2405,24.3712,25.2503,98.8034,134.945,103.297,80.4396,50,50,50,50,50.5189,50.3968,50.3968,50.5189,50,50,50,50,11.3858,11.0195,11.0195,11.4469,11.5079,10.8364,11.0195,11.6911,12.0574,11.9963,12.4237,12.1184,54.5482,55.6471,54.7924,55.1587,26.8315,25.7936,26.4652,26.16,45.5739,59.7375,45.0855,44.5971,32.8755,33.547,33.1807,33.2418,28.2357,28.2357,28.4188,28.1746,44.3529,44.5971,43.7424,44.1697,33.9744,34.0354,33.6081,32.9976,25.6716,25.6716,26.3431,25.9768,44.1697,44.1087,43.4982,44.0476,33.2418,33.486,33.3639,33.0586,26.7705,26.8315,25.7936,30.3724,43.9866,43.8645,44.2918,44.1697,15.8425,14.8046,30.9829,15.7814,15.293,15.1099,38.8584,14.9878,15.6593,15.3541,16.1477,15.232,35.0122,35.5617,36.0501,35.5006,96.7949,98.138,97.2222,98.0159,50.3968,50.0305,50.9463,50.7631,50,50,50,50,50.7021,50.58,50.3968,50.3358,5.6471300000000015,0.396825,1.31258,56.4408,41.8498,52.1062,27.3199,55.464,29.6398,51.4957,2.77778,0.396825,1123.96,176.771,1466.16,0.0,1.0,1.0,1.0,1.0,0.0,0.129731,44.5498,44.2384,43.5638,44.44600000000001,0.233517,14.4656,96.0203,89.9025,90.8165,95.6976,0.0,8.06044,24.4812,0.0,0.0,-51.1254,97.3639,95.2946,50.3371,325.253,50.9842,301.936,289.968,37.4232,414.576,413.009,411.638,506.975,502.702,589.9,415.028,413.441,515.993,502.416,592.627,407.086,404.127,528.439,526.937,614.673,406.004,404.343,527.581,525.863,614.888,432.453,431.374,537.242,534.809,613.019,433.029,431.733,538.172,538.172,612.0840000000002,589.5419999999998,591.766,21.917,405.244,1143.4
2020-11-22 06:50:10,96.7949,97.6496,97.7106,96.6117,80.6166,79.5177,81.1661,81.3492,15.6593,15.7204,14.4383,14.8657,15.293,15.3541,15.3541,14.6215,15.3541,14.8657,15.1709,15.293,44.6886,16.1661,24.3712,25.2503,97.6313,134.945,102.027,80.4396,50,50,50,50,50.5189,50.3968,50.3968,50.5189,50,50,50,50,11.3858,11.0195,11.0195,11.4469,11.5079,11.3858,11.0195,11.6911,12.0574,11.9963,12.4237,12.1184,54.5482,55.6471,54.7924,55.1587,26.8315,25.7936,26.4652,26.16,45.5739,59.7375,45.0855,44.5971,32.8755,33.547,33.1807,33.2418,28.2357,28.2357,28.4188,28.1746,44.3529,44.5971,43.7424,44.1697,33.9744,34.0354,33.6081,32.9976,25.6716,25.6716,26.3431,25.9768,44.1697,44.1087,43.4982,44.0476,33.2418,33.486,33.3639,33.0586,26.7705,25.8547,25.7936,30.3724,43.9866,43.8645,44.2918,44.1697,15.8425,14.8046,30.9829,15.7814,15.293,15.1099,38.8584,14.9878,15.6593,15.3541,16.1477,15.232,35.0122,35.5617,36.0501,35.5006,96.7949,98.138,97.2222,98.0159,50.3968,50.0305,50.9463,50.7631,50,50,50,50,50.7021,50.58,50.3968,50.3358,5.6471300000000015,0.396825,1.31258,56.4408,41.8498,52.1062,27.3199,55.464,29.6398,51.4957,2.77778,0.396825,1121.69,176.771,1473.0,0.0,1.0,1.0,1.0,1.0,0.0,0.129731,44.5498,44.2384,43.5638,44.44600000000001,0.233517,14.4656,95.8253,91.2169,91.6725,96.7168,0.0,7.9615399999999985,23.9723,0.0,0.0,-90.6649,97.3639,95.2946,50.3371,322.783,51.7167,300.329,289.968,37.4232,414.576,413.009,411.638,506.975,502.702,589.9,415.028,413.441,515.85,502.416,592.627,407.086,404.127,528.439,526.937,614.673,406.004,404.343,527.581,525.863,614.888,432.453,431.374,537.242,534.809,613.019,433.029,431.733,538.172,538.172,612.0840000000002,589.5419999999998,591.766,21.917,405.244,1143.93
2020-11-22 06:50:15,96.7949,97.6496,97.7106,96.6117,80.6166,79.5177,81.1661,81.3492,15.6593,15.7204,15.293,14.8657,15.293,15.3541,15.3541,15.5372,15.3541,14.8657,15.1709,15.293,44.6886,16.1661,24.3712,25.2503,97.6313,135.82399999999998,102.027,80.4396,50,50,50,50,50.5189,50.3968,50.3968,50.5189,50,50,50,50,11.3858,11.0195,11.0195,11.4469,10.8974,11.3858,11.0195,11.6911,12.0574,11.9963,12.4237,12.1184,54.5482,55.6471,54.7924,55.1587,26.8315,25.7936,26.4652,26.16,45.5739,59.7375,45.0855,44.5971,32.8755,33.547,33.1807,33.2418,28.2357,28.2357,28.4188,28.1746,44.3529,44.5971,43.7424,44.1697,33.9744,34.0354,33.6081,34.4628,25.6716,25.6716,26.3431,25.9768,44.1697,44.1087,43.4982,44.0476,33.2418,33.486,33.3639,33.0586,26.7705,26.8926,25.7936,30.3724,43.9866,43.8645,44.2918,44.1697,15.8425,14.8046,30.9829,15.7814,15.293,15.1099,38.8584,14.9878,15.6593,15.3541,16.1477,15.232,35.0122,35.5617,36.0501,35.5006,96.7949,98.138,97.2222,98.0159,50.3968,50.0305,50.9463,50.7631,50,50,50,50,50.7021,50.58,50.3968,50.3358,5.6471300000000015,0.396825,1.31258,56.4408,41.8498,52.1062,27.3199,55.464,29.6398,51.4957,2.77778,0.396825,1127.43,176.771,1468.41,0.0,1.0,1.0,1.0,1.0,0.0,0.129731,44.5498,44.2384,43.5638,44.44600000000001,0.233517,14.4656,95.802,92.2049,91.0059,95.0844,0.0,7.9615399999999985,22.855,0.0,0.0,-88.0065,97.3639,95.2946,50.3371,321.706,50.8162,299.269,289.968,37.4232,414.576,413.009,411.638,506.975,501.485,589.9,415.028,413.441,515.85,502.416,592.627,407.086,404.127,528.439,526.937,614.673,406.004,404.343,527.581,525.863,614.888,432.453,431.374,537.242,534.809,613.019,433.029,431.733,538.172,538.172,612.0840000000002,589.5419999999998,592.77,21.917,404.715,1143.93
2020-11-22 06:50:20,96.7949,97.6496,97.7106,96.6117,80.6166,79.5177,81.1661,81.3492,15.6593,15.7204,15.293,14.8657,15.293,15.3541,15.3541,15.5372,15.3541,14.8657,15.1709,15.293,44.6886,16.1661,24.3712,26.5201,96.5568,135.82399999999998,101.05,79.5604,50,50,50,50,50.5189,50.3968,50.3968,50.5189,50,50,50,50,11.3858,11.0195,11.0195,11.4469,10.8974,11.3858,11.0195,11.6911,12.0574,11.9963,12.4237,12.1184,54.5482,55.6471,54.7924,55.1587,26.8315,25.7936,26.4652,26.16,45.5739,59.7375,45.0855,44.5971,32.8755,33.547,33.1807,33.2418,28.2357,28.2357,28.4188,28.1746,44.3529,44.5971,43.7424,44.1697,33.9744,34.0354,33.6081,34.4628,25.6716,25.6716,26.3431,25.9768,44.1697,44.1087,43.4982,44.0476,33.2418,33.486,33.3639,33.0586,26.7705,26.8926,25.7936,30.3724,43.9866,43.8645,44.2918,44.1697,15.8425,14.8046,30.9829,15.7814,15.293,15.1099,38.8584,14.9878,15.6593,15.3541,16.1477,15.232,35.0122,35.5617,36.0501,35.5006,96.7949,98.138,97.2222,98.0159,50.3968,50.0305,50.9463,50.7631,50,50,50,50,50.7021,50.58,50.3968,50.3358,5.6471300000000015,0.396825,1.31258,56.4408,41.8498,52.1062,27.3199,55.464,29.6398,51.4957,2.77778,0.396825,1127.43,176.771,1465.06,0.0,1.0,1.0,1.0,1.0,0.0,0.129731,44.5498,44.2384,43.5638,44.44600000000001,0.233517,14.4656,93.8961,90.6921,91.0059,94.3385,0.0,7.9615399999999985,15.3234,0.0,0.0,-57.0447,97.3639,95.2946,50.3371,320.273,50.1608,299.574,289.968,37.4232,414.576,414.018,411.638,505.973,501.485,589.9,416.037,413.441,515.707,502.416,592.627,407.086,404.127,528.439,526.937,614.673,406.004,404.343,527.581,525.863,614.888,432.453,431.374,537.242,534.809,613.019,433.029,431.733,538.172,538.172,612.0840000000002,589.5419999999998,592.77,21.917,405.244,1143.93
2020-11-22 06:50:25,96.7949,97.6496,97.7106,96.6117,80.6166,79.5177,81.7155,81.3492,15.6593,15.7204,15.293,14.8657,15.293,15.3541,15.3541,15.5372,15.3541,14.8657,15.1709,15.293,44.6886,17.0452,24.3712,27.5946,96.5568,136.703,102.027,79.5604,50,50,50,50,50.5189,50.3968,50.3968,50.5189,50,50,50,50,11.3858,11.0195,11.0195,11.4469,10.8974,10.409,11.0195,11.6911,12.0574,11.9963,12.4237,12.1184,54.5482,55.6471,54.7924,55.1587,26.8315,25.7936,26.4652,26.16,45.5739,59.7375,45.0855,44.5971,32.8755,33.547,33.1807,33.2418,28.2357,28.2357,28.4188,28.1746,44.3529,44.5971,43.7424,44.1697,33.9744,34.0354,33.6081,34.4628,25.6716,25.6716,26.3431,25.9768,44.1697,44.1087,43.4982,44.0476,33.2418,33.486,33.3639,33.0586,26.7705,25.7326,25.7936,30.3724,43.9866,43.8645,44.2918,44.1697,15.8425,14.8046,30.9829,15.7814,15.293,15.1099,38.8584,14.9878,15.6593,15.3541,16.1477,15.232,35.0122,35.5617,36.0501,35.5006,96.7949,98.138,97.2222,98.0159,50.3968,50.0305,50.9463,50.7631,50,50,50,50,50.7021,50.58,50.3968,50.3358,5.6471300000000015,0.396825,1.31258,56.4408,41.8498,52.1062,27.3199,55.464,29.6398,51.4957,2.77778,0.396825,1129.83,176.771,1472.95,0.0,1.0,1.0,1.0,1.0,0.0,0.129731,44.5498,44.2384,43.5638,44.44600000000001,0.233517,14.4656,96.6759,91.7269,91.0059,94.3385,0.0,7.9615399999999985,14.738,0.0,0.0,-75.6113,97.3639,95.2946,49.1678,319.1140000000001,50.1608,303.421,289.968,37.4232,414.576,414.018,411.638,505.973,501.485,589.9,416.037,413.441,515.564,502.416,592.627,407.086,404.127,528.439,526.937,614.673,406.004,404.343,527.581,525.863,615.895,432.453,431.374,537.242,534.809,613.019,433.029,431.733,538.172,537.17,612.0840000000002,589.5419999999998,592.77,21.917,405.244,1143.93
2020-11-22 06:50:30,96.7949,97.6496,97.7106,96.6117,80.6166,79.5177,81.7155,81.3492,15.6593,15.7204,15.293,14.8657,15.293,15.3541,15.3541,15.5372,15.3541,14.8657,15.1709,15.293,44.6886,16.0684,24.3712,28.6691,95.58,138.168,100.073,79.5604,50,50,50,50,50.5189,50.3968,50.3968,50.5189,50,50,50,50,11.3858,11.0195,11.0195,11.4469,10.8974,11.2637,11.0195,11.6911,12.0574,11.9963,12.4237,12.1184,54.5482,55.6471,54.7924,55.1587,26.8315,25.7936,26.4652,26.16,45.5739,59.7375,44.536,44.5971,32.8755,33.547,33.1807,33.2418,28.2357,28.2357,28.4188,28.1746,44.3529,44.5971,43.7424,44.1697,33.9744,34.0354,33.6081,34.4628,25.6716,25.6716,26.3431,25.9768,44.1697,44.1087,43.4982,44.0476,33.2418,33.486,33.3639,33.0586,26.7705,26.6484,25.7936,30.3724,43.9866,43.8645,44.2918,44.1697,15.8425,14.8046,30.9829,15.7814,15.293,15.1099,38.8584,14.9878,15.6593,15.3541,16.1477,15.232,35.0122,35.5617,36.0501,35.5006,96.7949,98.138,97.2222,98.0159,50.3968,50.0305,50.9463,50.7631,50,50,50,50,50.7021,50.58,50.3968,50.3358,5.6471300000000015,0.396825,1.31258,56.4408,41.8498,52.1062,27.3199,55.464,29.6398,51.4957,2.77778,0.396825,1129.71,176.24400000000003,1469.67,0.0,1.0,1.0,1.0,1.0,0.0,0.129731,44.5498,44.2384,43.5638,44.44600000000001,0.233517,14.4656,95.4254,91.7269,91.0059,95.0583,0.0,7.9615399999999985,14.6293,0.0,0.0,-90.9687,97.3639,95.2946,48.6363,319.736,49.3741,307.793,289.968,37.4232,414.576,414.018,411.638,505.973,501.485,589.9,416.037,413.441,515.564,501.389,593.632,407.086,404.127,528.439,526.937,614.673,406.004,404.343,527.581,525.863,615.895,432.453,431.374,537.242,534.809,613.019,433.029,431.733,538.172,537.17,612.0840000000002,589.5419999999998,592.77,21.917,404.715,1143.93
2020-11-22 06:50:35,96.7949,97.6496,97.7106,96.6117,80.6166,79.5177,81.7155,81.3492,15.6593,15.7204,15.293,14.8657,15.293,15.3541,15.3541,15.5372,15.3541,14.8657,15.1709,15.293,44.6886,16.0684,23.3944,28.6691,95.58,138.168,100.073,81.9048,50,50,50,50,50.5189,50.3968,50.3968,50.5189,50,50,50,50,11.3858,11.0195,11.0195,11.4469,10.8974,11.2637,11.0195,11.6911,12.0574,11.9963,12.4237,12.1184,54.5482,55.6471,54.7924,55.1587,26.8315,25.7936,26.4652,26.16,45.5739,59.7375,44.536,44.5971,32.8755,33.547,33.1807,33.2418,28.2357,28.2357,28.4188,28.1746,44.3529,44.5971,43.7424,44.1697,33.9744,34.0354,33.6081,34.4628,25.6716,25.6716,26.3431,25.9768,44.1697,44.1087,43.4982,44.0476,33.2418,33.486,33.3639,33.0586,26.7705,26.6484,25.7936,30.3724,43.9866,43.8645,44.2918,44.1697,15.8425,14.8046,30.9829,15.7814,14.7436,15.1099,38.8584,14.9878,15.6593,15.3541,16.1477,15.232,35.0122,35.5617,36.0501,35.5006,96.7949,98.138,97.2222,98.0159,50.3968,50.0305,50.9463,50.7631,50,50,50,50,50.7021,50.58,50.3968,50.3358,5.6471300000000015,0.396825,1.31258,57.1734,41.8498,52.1062,27.3199,54.304,29.6398,51.4957,2.77778,0.396825,1125.09,176.24400000000003,1469.62,0.0,1.0,1.0,1.0,1.0,0.0,0.129731,44.5498,44.2384,43.5638,44.44600000000001,0.233517,14.4656,93.5844,91.2221,91.7309,96.2655,0.0,7.9615399999999985,14.263,0.0,0.0,-83.1825,97.3639,95.2946,47.5439,318.578,49.3741,311.845,289.968,37.4232,414.576,414.018,411.638,505.973,502.606,590.905,416.037,413.441,515.4209999999998,501.389,593.632,407.086,404.127,528.439,526.937,614.673,406.004,404.343,526.5790000000002,525.863,615.895,432.453,431.374,537.242,534.809,613.019,433.029,431.733,538.172,537.17,612.0840000000002,589.5419999999998,592.77,21.917,404.186,1143.93
2020-11-22 06:50:40,96.7949,97.6496,97.7106,96.6117,80.6166,79.5177,81.7155,81.3492,15.6593,15.7204,15.293,14.8657,15.293,15.3541,15.3541,15.5372,15.3541,14.8657,15.1709,15.293,44.6886,16.9475,23.3944,29.5482,95.58,138.168,99.0965,81.0256,50,50,50,50,50.5189,50.3968,50.3968,50.5189,50,50,50,50,11.3858,11.0195,11.0195,11.4469,10.348,11.2637,11.0195,11.6911,12.0574,11.9963,11.8742,12.1184,54.5482,55.6471,54.7924,55.1587,26.8315,25.7936,26.4652,26.16,45.5739,59.7375,43.9255,44.5971,32.8755,33.547,33.1807,33.2418,28.2357,28.2357,28.4188,28.1746,44.3529,44.5971,43.7424,44.1697,33.9744,34.0354,33.6081,34.4628,25.6716,25.6716,26.3431,25.9768,44.1697,44.1087,43.4982,44.0476,33.2418,33.486,33.3639,33.0586,26.7705,26.6484,25.7936,30.3724,43.9866,43.8645,44.2918,44.1697,15.8425,14.8046,30.9829,15.7814,14.7436,15.1099,38.8584,14.9878,15.6593,15.3541,16.1477,15.232,35.0122,35.5617,36.0501,35.5006,96.7949,98.138,97.2222,98.0159,50.3968,50.0305,50.9463,50.7631,50,50,50,50,50.7021,50.58,50.3968,50.3358,5.6471300000000015,0.396825,1.31258,57.1734,41.8498,52.1062,27.3199,54.304,29.6398,51.4957,2.77778,0.396825,1120.44,176.24400000000003,1467.14,0.0,1.0,1.0,1.0,1.0,0.0,0.129731,44.5498,44.2384,43.5638,44.44600000000001,0.233517,14.4656,96.9781,89.2445,91.513,95.2207,0.0,7.9615399999999985,24.0248,0.0,0.0,-64.3275,97.3639,95.2946,46.848,316.461,50.0407,313.428,289.968,37.4232,414.576,414.018,411.638,505.973,502.606,590.905,416.037,413.441,515.4209999999998,501.389,593.632,407.086,404.127,528.439,526.937,614.673,406.004,404.343,526.5790000000002,525.863,615.895,432.453,431.374,537.242,533.807,613.019,433.029,431.733,538.172,537.17,612.0840000000002,590.5459999999998,592.77,21.917,403.657,1143.93
2020-11-22 06:50:45,96.7949,97.6496,97.7106,96.6117,80.6166,79.5177,81.7155,81.3492,15.6593,15.7204,15.293,14.8657,15.293,15.3541,15.3541,15.5372,15.3541,14.8657,15.1709,15.293,44.6886,16.9475,23.3944,29.5482,96.5568,136.41,99.0965,80.0488,50,50,50,50,50.5189,50.3968,50.3968,50.5189,50,50,50,50,11.3858,11.0195,11.0195,11.4469,10.348,11.2637,11.0195,11.6911,12.0574,11.9963,11.8742,12.1184,54.5482,55.6471,54.7924,55.1587,26.8315,25.7936,26.4652,26.16,45.5739,59.7375,44.1697,44.5971,32.8755,33.547,33.1807,33.2418,28.2357,28.2357,28.4188,28.1746,44.3529,44.5971,43.7424,44.1697,33.9744,34.0354,33.6081,34.4628,25.6716,25.6716,26.3431,25.9768,44.3529,44.1087,43.4982,44.0476,33.2418,33.486,33.3639,33.0586,26.7705,25.9158,25.7936,30.3724,43.9866,43.8645,44.2918,44.1697,15.8425,14.8046,30.9829,15.7814,14.7436,15.1099,38.8584,14.9878,15.6593,15.3541,16.1477,15.232,35.0122,35.5617,36.0501,35.5006,96.7949,98.138,97.2222,98.0159,50.3968,50.0305,50.9463,50.7631,50,50,50,50,50.7021,50.58,50.3968,50.3358,5.6471300000000015,0.396825,1.31258,57.1734,41.8498,52.1062,27.3199,54.304,29.6398,51.4957,2.77778,0.396825,1121.64,176.24400000000003,1462.41,0.0,1.0,1.0,1.0,1.0,0.0,0.129731,44.0827,44.2384,43.5638,43.9789,0.233517,14.4656,94.9009,89.7299,89.5982,95.8832,0.0,7.9615399999999985,22.0436,0.0,0.0,-62.5558,97.3639,95.2946,46.848,313.045,50.0407,312.865,289.968,38.4238,414.576,414.018,412.648,505.973,501.533,590.905,416.037,414.451,515.278,501.389,593.632,407.086,404.127,527.438,526.937,615.679,406.004,404.343,526.5790000000002,525.863,615.895,432.453,431.374,536.24,533.807,613.019,433.029,431.733,538.172,537.17,612.0840000000002,590.5459999999998,593.775,21.917,404.715,1143.93
2020-11-22 06:50:50,96.7949,97.6496,97.7106,96.6117,80.6166,79.5177,81.7155,81.3492,15.6593,15.7204,15.293,14.8657,15.293,15.3541,15.3541,15.5372,15.3541,14.8657,15.1709,15.293,44.6886,16.9475,23.3944,28.5714,97.6313,133.089,100.171,81.0256,50,50,50,50,50.5189,50.3968,50.3968,50.5189,50,50,50,50,11.3858,11.0195,11.0195,11.4469,10.5311,11.2637,11.0195,11.6911,12.0574,11.9963,11.8742,12.1184,54.5482,55.6471,54.7924,55.1587,26.8315,25.7936,26.4652,26.16,45.5739,59.7375,44.9634,44.5971,32.8755,33.547,33.1807,33.2418,28.2357,28.2357,28.4188,28.1746,44.3529,44.5971,43.7424,44.1697,33.9744,34.0354,33.6081,33.9133,25.6716,25.6716,26.3431,25.9768,44.3529,44.1087,43.4982,44.0476,33.2418,33.486,33.3639,33.0586,26.7705,26.7705,25.7936,30.3724,43.9866,43.8645,44.2918,44.1697,15.8425,14.8046,30.9829,15.7814,14.7436,15.1099,38.8584,14.9878,15.6593,15.3541,16.1477,15.232,35.0122,35.5617,36.0501,35.5006,96.7949,98.138,97.2222,98.0159,50.3968,50.0305,50.9463,50.7631,50,50,50,50,50.7021,50.58,50.3968,50.3358,5.6471300000000015,0.396825,1.31258,57.1734,41.8498,52.1062,27.3199,54.304,29.6398,51.4957,2.77778,0.396825,1125.12,175.674,1465.25,0.0,1.0,1.0,1.0,1.0,0.0,0.129731,44.0827,44.2384,43.5638,43.9789,0.233517,14.4656,94.9009,92.2677,90.6055,95.8832,0.0,7.9615399999999985,14.3874,0.0,0.0,-47.4979,97.3639,95.2946,46.848,311.386,49.3272,314.03,289.968,38.4238,414.576,414.018,412.648,505.973,500.34,590.905,416.037,414.451,515.278,501.389,593.632,407.086,404.127,527.438,526.937,615.679,406.004,404.343,526.5790000000002,525.863,615.895,432.453,431.374,536.24,533.807,613.019,433.029,431.733,538.172,537.17,612.0840000000002,590.5459999999998,593.775,21.917,404.715,1143.93
2020-11-22 06:50:55,96.7949,97.6496,97.7106,96.6117,80.6166,79.5177,81.7155,81.3492,15.6593,15.7204,15.293,14.8657,15.293,15.3541,15.3541,15.5372,15.3541,14.8657,15.1709,15.293,45.5678,16.9475,24.3712,28.5714,96.7521,131.136,101.148,81.9048,50,50,50,50,50.5189,50.3968,50.3968,50.5189,50,50,50,50,11.3858,11.0195,11.0195,11.4469,10.5311,11.2637,11.0195,11.6911,12.0574,11.9963,11.8742,12.1184,54.5482,55.6471,54.7924,55.1587,26.8315,25.7936,26.4652,26.16,45.5739,59.7375,44.9634,44.5971,32.8755,33.547,33.1807,33.2418,28.2357,28.2357,28.4188,28.1746,44.3529,44.5971,43.7424,44.1697,33.9744,34.0354,33.6081,33.9133,25.6716,25.6716,26.3431,25.9768,44.3529,44.1087,43.4982,44.0476,33.2418,33.486,33.3639,33.0586,26.7705,26.7705,25.7936,30.3724,43.9866,43.8645,44.2918,44.1697,15.8425,14.8046,30.9829,15.7814,14.7436,15.1099,38.8584,14.9878,15.6593,15.3541,16.1477,15.232,35.0122,35.5617,36.0501,35.5006,96.7949,98.138,97.2222,98.0159,50.3968,50.0305,50.9463,50.7631,50,50,50,50,50.7021,50.58,50.3968,50.3358,5.6471300000000015,0.396825,1.31258,57.1734,40.1404,52.1062,27.3199,54.304,29.6398,51.4957,2.77778,0.396825,1122.8,175.135,1468.63,0.0,1.0,1.0,1.0,1.0,0.0,0.129731,44.0827,43.7714,43.5638,43.9789,0.233517,13.8482,95.3178,91.827,89.9774,96.0629,0.0,7.9615399999999985,14.7044,0.0,0.0,-56.2494,97.3639,95.2946,47.619,311.386,48.6651,315.694,289.968,38.4238,414.576,415.028,412.648,505.973,500.34,590.905,416.037,414.451,515.278,501.389,594.636,407.086,404.127,527.438,526.937,615.679,406.004,404.343,526.5790000000002,525.863,615.895,432.453,431.374,536.24,533.807,613.019,433.029,431.733,538.172,537.17,612.0840000000002,590.5459999999998,593.775,21.917,405.244,1143.42
2020-11-22 06:51:00,96.7949,97.6496,97.7106,96.6117,80.6166,79.5177,81.7155,81.3492,15.6593,15.7204,15.293,14.8657,15.293,15.3541,15.3541,14.9878,15.3541,14.8657,15.1709,15.293,45.5678,16.0684,23.1013,27.6923,96.7521,131.136,103.101,81.9048,50,50,50,50,50.5189,50.3968,50.3968,50.5189,50,50,50,50,11.3858,11.0195,11.0195,11.4469,10.5311,11.2637,11.0195,11.6911,12.0574,11.9963,11.8742,12.1184,54.5482,55.6471,54.7924,55.1587,26.8315,25.7936,26.4652,26.16,45.5739,59.7375,44.9634,44.5971,32.8755,33.547,33.1807,33.2418,28.2357,28.2357,28.4188,28.1746,44.3529,44.5971,43.7424,44.1697,33.9744,34.0354,33.6081,33.9133,25.6716,25.6716,26.3431,25.9768,44.3529,44.1087,43.4982,44.0476,33.2418,33.486,33.3639,33.0586,26.7705,25.5495,25.7936,30.3724,43.9866,43.8645,44.2918,44.1697,15.8425,14.8046,30.9829,15.7814,15.3541,15.1099,38.8584,14.9878,15.6593,15.3541,16.1477,15.232,35.0122,35.5617,36.0501,35.5006,96.7949,98.138,97.2222,98.0159,50.3968,50.0305,50.9463,50.7631,50,50,50,50,50.7021,50.58,50.3968,50.3358,5.6471300000000015,0.396825,1.31258,57.1734,40.1404,52.1062,27.3199,54.304,29.6398,51.4957,2.77778,0.396825,1123.96,175.135,1466.25,0.0,1.0,1.0,1.0,1.0,0.0,0.129731,44.0827,43.7714,43.5638,43.9789,0.233517,13.8482,96.2029,91.827,90.8072,96.0629,0.0,7.9615399999999985,17.1295,0.0,0.0,-54.2565,97.3639,95.2946,48.216,312.428,48.0976,315.05,289.968,38.4238,414.576,415.028,412.648,505.973,500.34,590.905,417.046,414.451,515.278,501.389,594.636,407.086,404.127,527.438,526.937,615.679,406.004,404.343,526.5790000000002,525.863,615.895,432.453,431.374,536.24,533.807,613.019,433.029,431.733,538.172,537.17,612.0840000000002,590.5459999999998,593.775,21.917,404.715,1142.81
2020-11-22 06:51:05,96.7949,97.6496,97.7106,96.6117,80.6166,79.5177,81.7155,81.3492,15.6593,15.7204,15.293,14.8657,15.293,15.3541,15.3541,15.5372,15.3541,14.8657,15.1709,15.293,45.5678,16.0684,23.1013,26.7155,96.7521,132.21,102.125,81.0256,50,50,50,50,50.5189,50.3968,50.3968,50.5189,50,50,50,50,11.3858,11.0195,11.0195,11.4469,10.5311,11.2637,11.0195,11.6911,12.0574,11.9963,11.8742,12.1184,54.5482,55.6471,54.7924,55.1587,26.8315,25.7936,26.4652,26.16,45.5739,59.7375,44.9634,44.5971,32.8755,33.547,33.1807,33.2418,28.2357,28.2357,28.4188,28.1746,44.3529,44.5971,43.7424,44.1697,33.9744,34.0354,33.6081,33.3639,25.6716,25.6716,26.3431,25.9768,44.3529,44.1087,43.4982,44.0476,33.2418,33.486,33.3639,33.0586,26.7705,27.0147,25.7936,30.3724,43.9866,43.8645,44.2918,44.1697,15.8425,14.8046,30.9829,15.7814,15.3541,15.1099,38.8584,14.9878,15.6593,15.3541,16.1477,15.232,35.0122,35.5617,36.0501,35.5006,96.7949,98.138,97.2222,98.0159,50.3968,50.0305,50.9463,50.7631,50,50,50,50,50.7021,50.58,50.3968,50.3358,5.6471300000000015,0.396825,1.31258,57.1734,40.1404,52.1062,27.3199,55.4029,29.6398,51.4957,2.77778,0.396825,1122.88,175.135,1467.14,0.0,1.0,1.0,1.0,1.0,0.0,0.129731,44.0827,43.7714,43.5638,43.9789,0.233517,13.8482,97.2455,90.5764,89.7972,95.827,0.0,7.9615399999999985,14.7028,0.0,0.0,-44.9808,97.3639,95.2946,47.5243,315.747,47.5313,312.091,289.968,38.4238,414.576,415.028,412.648,505.973,501.485,590.905,417.046,414.451,515.278,501.389,594.636,407.086,404.127,527.438,526.937,615.679,406.004,404.343,526.5790000000002,525.863,615.895,432.453,431.374,536.24,533.807,613.019,433.029,431.733,538.172,537.17,612.0840000000002,590.5459999999998,593.775,21.917,404.715,1142.28
2020-11-22 06:51:10,96.7949,97.6496,97.7106,96.6117,80.6166,79.5177,81.7155,81.3492,15.6593,15.7204,15.293,14.8657,15.293,15.3541,15.3541,15.5372,15.3541,14.8657,15.1709,15.293,45.5678,16.0684,23.9805,26.7155,95.58,132.21,102.125,81.0256,50,50,50,50,50.5189,50.3968,50.3968,50.5189,50,50,50,50,11.3858,11.0195,11.0195,11.4469,10.5311,11.2637,11.0195,11.6911,12.0574,11.9963,11.8742,12.1184,54.5482,55.6471,54.7924,55.1587,26.8315,25.7936,26.4652,26.16,45.5739,59.7375,44.9634,44.5971,32.8755,33.547,33.1807,33.2418,28.2357,28.2357,28.4188,28.1746,44.3529,44.5971,43.7424,44.1697,33.9744,34.0354,33.6081,33.3639,25.6716,25.6716,26.3431,25.9768,44.3529,44.1087,43.4982,44.0476,33.2418,33.486,33.3639,33.0586,26.7705,27.0147,25.7936,30.3724,43.9866,43.8645,44.2918,44.1697,15.8425,14.8046,30.9829,15.7814,15.3541,15.1099,38.8584,14.9878,15.6593,15.3541,16.1477,15.232,35.0122,35.5617,36.0501,35.5006,96.7949,98.138,97.2222,98.0159,50.3968,50.0305,50.9463,50.7631,50,50,50,50,50.7021,50.58,50.3968,50.3358,5.6471300000000015,0.396825,1.31258,57.1734,40.1404,52.1062,29.5177,55.4029,29.6398,51.4957,2.77778,0.396825,1117.12,175.67,1460.81,0.0,1.0,1.0,1.0,1.0,0.0,0.129731,44.0827,43.7714,44.1346,43.9789,0.233517,13.8482,94.9316,89.2173,91.3884,95.0465,0.0,7.9615399999999985,24.2659,0.0,0.0,-55.7078,97.3639,95.2946,48.8939,315.747,46.9274,308.758,289.968,38.4238,414.576,415.028,412.648,505.973,501.485,590.905,417.046,414.451,515.278,501.389,594.636,407.086,404.127,527.438,526.937,615.679,406.004,404.343,526.5790000000002,525.863,615.895,432.453,431.374,536.24,533.807,613.019,433.029,431.733,538.172,537.17,612.0840000000002,590.5459999999998,593.775,21.917,405.772,1141.65
2020-11-22 06:51:15,96.7949,97.6496,97.7106,96.6117,80.6166,79.5177,81.7155,81.3492,15.6593,15.7204,15.293,14.8657,15.293,15.3541,15.3541,15.5372,15.3541,14.8657,15.1709,15.293,45.5678,16.0684,23.9805,29.1575,96.4591,133.382,102.125,81.0256,50,50,50,50,50.5189,50.3968,50.3968,50.5189,50,50,50,50,11.3858,11.0195,11.569,11.4469,11.0806,11.2637,11.0195,11.6911,12.0574,11.9963,11.8742,12.1184,54.5482,55.6471,54.7924,55.1587,26.8315,25.7936,26.4652,26.16,45.5739,59.7375,44.9634,44.5971,32.8755,33.547,33.1807,33.2418,28.2357,28.2357,28.4188,28.1746,44.3529,44.5971,43.7424,44.1697,33.9744,34.0354,33.6081,33.3639,25.6716,25.6716,26.3431,25.9768,44.3529,44.1087,43.4982,44.0476,33.2418,33.486,33.3639,33.0586,26.7705,25.7936,25.7936,30.3724,43.9866,43.8645,44.2918,44.1697,15.8425,14.8046,30.9829,15.7814,15.3541,15.1099,38.8584,14.9878,15.6593,15.3541,16.1477,15.232,35.0122,35.5617,36.0501,35.5006,96.7949,98.138,97.2222,98.0159,50.3968,50.0305,50.9463,50.7631,50,50,50,50,50.7021,50.58,50.3968,50.3358,5.6471300000000015,0.396825,1.31258,57.1734,40.1404,52.1062,29.5177,55.4029,29.6398,51.4957,2.77778,0.396825,1117.03,175.67,1464.59,0.0,1.0,1.0,1.0,1.0,0.0,0.129731,44.0827,43.7714,44.1346,43.9789,0.233517,13.8482,96.254,89.2173,90.3751,95.7077,0.0,7.9615399999999985,24.7203,0.0,0.0,-43.6239,97.3639,95.2946,50.3905,315.747,48.0769,307.946,289.968,38.4238,414.576,415.028,412.648,505.973,500.483,590.905,417.046,414.451,515.278,501.389,594.636,407.086,404.127,527.438,526.937,615.679,406.004,404.343,526.5790000000002,525.863,616.9019999999998,432.453,431.374,536.24,533.807,613.019,433.029,431.733,538.172,537.17,612.0840000000002,590.5459999999998,594.804,21.917,405.772,1141.65
2020-11-22 06:51:20,96.7949,97.6496,97.7106,96.6117,80.6166,79.5177,81.7155,81.3492,15.6593,15.7204,15.293,14.8657,15.293,15.3541,15.3541,15.5372,15.3541,14.8657,15.1709,15.293,45.5678,16.0684,23.9805,30.3297,98.2173,134.261,101.05,79.9512,50,50,50,50,50.5189,50.3968,50.3968,50.5189,50,50,50,50,11.3858,11.0195,11.569,11.4469,11.6911,11.2637,11.0195,11.6911,12.0574,11.9963,11.8742,12.1184,54.5482,55.6471,54.7924,55.1587,26.8315,25.7936,25.9158,26.16,45.5739,59.7375,44.9634,44.5971,32.8755,33.547,33.1807,33.2418,28.2357,28.2357,28.4188,28.1746,44.3529,44.5971,43.7424,44.1697,33.9744,34.0354,33.6081,33.3639,25.6716,25.6716,26.3431,25.9768,44.3529,44.7192,43.4982,44.0476,33.2418,33.486,33.3639,33.0586,26.7705,26.8926,25.7936,30.3724,43.9866,43.8645,44.2918,44.1697,15.8425,14.8046,30.9829,15.7814,15.3541,15.1099,38.8584,14.9878,15.6593,15.3541,16.1477,15.232,35.0122,35.5617,36.0501,35.5006,96.7949,98.138,97.2222,98.0159,50.3968,50.0305,50.9463,50.7631,50,50,50,50,50.7021,50.58,50.3968,50.3358,5.6471300000000015,0.396825,1.31258,57.1734,40.1404,52.1062,29.5177,55.4029,29.6398,51.4957,2.77778,0.396825,1124.1,175.67,1467.4,0.0,1.0,1.0,1.0,1.0,0.0,0.129731,44.0827,43.7714,44.1346,43.9789,0.233517,13.8482,95.8699,91.7068,91.4785,95.7077,0.0,7.9615399999999985,17.4153,0.0,0.0,-43.702,97.3639,95.2946,49.3355,318.704,47.1963,307.946,289.968,38.4238,414.576,415.028,412.648,505.973,499.17,590.905,417.046,414.451,515.278,501.389,594.636,407.086,404.127,527.438,526.937,615.679,406.004,404.343,526.5790000000002,525.863,616.9019999999998,432.453,431.374,536.24,533.807,613.019,433.029,431.733,538.172,537.17,612.0840000000002,590.5459999999998,594.804,21.917,405.244,1141.65
2020-11-22 06:51:25,96.7949,97.6496,97.7106,96.6117,80.6166,79.5177,81.7155,81.3492,15.6593,15.7204,15.293,14.8657,15.293,15.3541,15.3541,15.5372,15.3541,14.8657,15.1709,15.293,44.3956,16.0684,24.8596,28.8645,97.3382,136.11700000000002,101.05,79.9512,50,50,50,50,50.5189,50.3968,50.3968,50.5189,50,50,50,50,11.3858,11.0195,11.569,11.4469,11.6911,11.2637,11.0195,11.6911,12.0574,11.9963,11.8742,12.1184,54.5482,55.6471,54.7924,55.1587,26.8315,25.7936,25.9158,26.16,45.5739,59.7375,44.9634,44.5971,32.8755,33.547,33.1807,33.2418,28.2357,28.2357,28.4188,28.1746,44.3529,44.5971,43.7424,44.1697,33.9744,34.0354,33.6081,33.3639,25.6716,25.6716,26.3431,25.9768,44.3529,44.7192,43.4982,44.0476,33.2418,33.486,33.3639,33.0586,26.7705,26.8926,25.7936,30.3724,43.9866,43.8645,44.2918,44.1697,15.8425,14.8046,30.9829,15.7814,15.3541,15.1099,38.8584,14.9878,15.6593,15.3541,16.1477,15.232,35.0122,35.5617,36.0501,35.5006,96.7949,98.138,97.2222,98.0159,50.3968,50.0305,50.9463,50.7631,50,50,50,50,50.7021,50.58,50.3968,50.3358,5.6471300000000015,0.396825,1.31258,57.1734,40.1404,52.1062,29.5177,55.4029,29.6398,51.4957,2.77778,0.396825,1127.57,175.67,1467.43,0.0,1.0,1.0,1.0,1.0,0.0,0.129731,44.0827,43.7714,44.1346,43.9789,0.233517,14.4656,97.452,92.5625,91.4785,96.7695,0.0,7.9615399999999985,14.6831,0.0,0.0,-59.7275,97.3639,95.2946,46.7491,323.556,47.1963,305.6040000000001,289.968,39.4373,414.576,415.028,413.682,505.973,499.17,590.905,417.046,415.485,515.278,501.389,594.636,407.086,404.127,527.438,526.937,615.679,406.004,404.343,526.5790000000002,525.863,616.9019999999998,432.453,431.374,536.24,533.807,613.019,433.029,431.733,538.172,537.17,612.0840000000002,590.5459999999998,594.804,21.917,405.772,1141.65
2020-11-22 06:51:30,96.7949,97.6496,97.7106,98.138,80.6166,79.5177,81.7155,81.3492,15.6593,15.7204,15.293,14.8657,15.293,15.3541,15.3541,15.5372,15.3541,14.8657,15.1709,15.293,44.3956,16.0684,24.8596,27.79,96.3614,137.094,100.073,79.9512,50,50,50,50,50.5189,50.3968,50.3968,50.5189,50,50,50,50,11.3858,11.0195,11.0195,11.4469,10.5922,11.2637,11.0195,11.6911,12.0574,11.9963,11.8742,12.1184,54.5482,55.6471,54.7924,55.1587,26.8315,25.7936,27.0757,26.16,45.5739,59.7375,44.9634,44.5971,32.8755,33.547,33.1807,33.2418,28.2357,28.2357,28.4188,28.1746,44.3529,44.5971,43.7424,44.1697,33.9744,34.0354,33.6081,33.3639,25.6716,25.6716,26.3431,25.9768,44.3529,45.3297,43.4982,44.0476,33.2418,33.486,33.3639,33.0586,26.7705,26.8926,25.7936,30.3724,43.9866,43.8645,44.2918,44.1697,15.8425,14.8046,30.9829,15.7814,15.3541,15.1099,38.8584,14.9878,15.6593,15.3541,16.1477,15.232,35.0122,35.5617,36.0501,35.5006,96.7949,98.138,97.2222,98.0159,50.3968,50.0305,50.9463,50.7631,50,50,50,50,50.7021,50.58,50.3968,50.3358,5.6471300000000015,0.396825,1.31258,57.1734,40.1404,52.1062,29.5177,55.4029,29.6398,51.4957,2.77778,0.396825,1127.57,175.67,1467.31,0.0,1.0,1.0,1.0,1.0,0.0,0.129731,44.0827,43.7714,44.1346,43.9789,0.233517,14.4656,96.0808,91.2046,90.3483,96.7695,0.0,7.9615399999999985,14.6831,0.0,0.0,-40.3962,97.3639,95.2946,44.7407,327.106,46.6704,301.367,289.968,39.4373,414.576,415.028,413.682,505.973,500.34,591.934,417.046,415.485,515.278,501.389,594.636,407.086,404.127,527.438,526.937,615.679,406.004,404.343,526.5790000000002,525.863,616.9019999999998,432.453,431.374,536.24,533.807,613.019,433.029,431.733,538.172,537.17,612.0840000000002,590.5459999999998,594.804,21.917,405.244,1141.65
2020-11-22 06:51:35,96.7949,97.6496,97.7106,98.138,80.6166,79.5177,81.7155,81.3492,15.6593,15.7204,15.293,14.8657,15.293,15.3541,15.3541,15.5372,15.3541,14.8657,15.1709,15.293,45.2747,16.0684,23.8828,27.79,95.3846,136.11700000000002,102.32,79.9512,50,50,50,50,50.5189,50.3968,50.3968,50.5189,50,50,50,50,11.3858,11.0195,11.0195,11.4469,10.5922,11.2637,11.0195,11.6911,12.0574,11.9963,11.8742,12.1184,54.5482,55.6471,54.7924,55.1587,26.8315,25.7936,27.8083,26.16,45.5739,59.7375,44.9634,44.5971,32.8755,33.547,33.1807,33.2418,28.2357,28.2357,28.4188,28.1746,44.3529,44.5971,43.7424,44.1697,33.9744,34.0354,33.6081,33.3639,25.6716,25.6716,26.3431,25.9768,44.3529,44.5971,43.4982,44.0476,33.2418,33.486,33.3639,33.0586,26.7705,26.7094,25.7936,30.3724,43.9866,43.8645,44.2918,44.1697,15.8425,14.8046,30.9829,15.7814,15.3541,15.1099,38.8584,14.9878,15.6593,15.3541,16.1477,15.232,35.0122,35.5617,36.0501,35.5006,96.7949,98.138,97.2222,98.0159,50.3968,50.0305,50.9463,50.7631,50,50,50,50,50.7021,50.58,50.3968,50.3358,5.6471300000000015,0.396825,1.31258,57.1734,40.1404,52.1062,29.5177,55.4029,29.6398,51.4957,2.77778,0.396825,1127.66,175.67,1459.07,0.0,1.0,1.0,1.0,1.0,0.0,0.129731,44.0827,43.7714,44.1346,43.9789,0.233517,14.4656,96.0808,90.648,90.3483,96.7695,0.0,7.9615399999999985,14.6831,0.0,0.0,-46.2928,97.3639,95.2946,45.4234,327.7530000000001,45.6187,298.987,289.968,39.4373,414.576,415.028,413.682,505.973,501.342,591.934,417.046,415.485,515.278,501.389,595.665,407.086,404.127,527.438,526.937,615.679,406.004,404.343,526.5790000000002,524.861,616.9019999999998,432.453,431.374,536.24,533.807,613.019,433.029,431.733,538.172,537.17,612.0840000000002,590.5459999999998,594.804,21.917,405.772,1141.65
2020-11-22 06:51:40,96.7949,97.6496,97.7106,98.138,80.6166,79.5177,81.7155,81.3492,15.6593,15.7204,15.293,14.8657,15.293,15.3541,15.3541,15.5372,15.3541,14.8657,15.1709,15.293,44.3956,15.1893,23.8828,27.79,95.3846,136.11700000000002,103.492,80.928,50,50,50,50,50.5189,50.3968,50.3968,50.5189,50,50,50,50,11.3858,11.0195,11.0195,11.4469,10.5922,11.2637,11.0195,11.6911,12.0574,11.9963,11.8742,12.1184,54.5482,55.6471,54.7924,55.1587,26.8315,25.7936,27.0147,26.16,45.5739,59.7375,44.9634,44.5971,32.8755,33.547,33.1807,33.2418,28.2357,28.2357,28.4188,28.1746,44.3529,44.5971,43.7424,44.1697,33.9744,34.0354,33.6081,34.707,25.6716,25.6716,26.3431,25.9768,44.3529,44.5971,43.4982,44.0476,33.2418,33.486,33.3639,33.0586,26.7705,26.7094,25.7936,30.3724,43.9866,43.8645,44.2918,44.1697,15.8425,14.8046,30.9829,15.7814,15.3541,15.1099,38.8584,14.9878,15.6593,15.3541,16.1477,15.232,35.0122,35.5617,36.0501,35.5006,96.7949,98.138,97.2222,98.0159,50.3968,50.0305,50.9463,50.7631,50,50,50,50,50.7021,50.58,50.3968,50.3358,5.6471300000000015,0.396825,1.31258,57.1734,40.1404,52.1062,29.5177,55.4029,29.6398,51.4957,2.77778,0.396825,1125.26,175.67,1461.36,0.0,1.0,1.0,1.0,1.0,0.0,0.129731,43.6157,43.7714,44.1346,43.9789,0.233517,13.8335,94.4564,90.648,91.0462,96.7695,0.0,7.9615399999999985,16.6568,0.0,0.0,-31.9894,97.3639,95.2946,45.4234,327.7530000000001,43.9571,298.987,289.968,39.4373,414.576,416.061,413.682,505.973,501.342,591.934,418.08,415.485,515.278,501.389,595.665,407.086,404.127,527.438,526.937,615.679,406.004,404.343,526.5790000000002,524.861,616.9019999999998,432.453,431.374,536.24,533.807,613.019,433.029,431.733,538.172,537.17,612.0840000000002,590.5459999999998,594.804,21.917,405.244,1141.65
2020-11-22 06:51:45,96.7949,97.6496,97.7106,98.138,80.6166,80.0672,81.7155,81.3492,15.6593,15.7204,15.293,14.8657,15.293,15.3541,15.3541,15.5372,15.3541,14.8657,15.1709,15.293,43.5165,15.1893,23.8828,26.1294,94.5055,136.11700000000002,102.515,81.9048,50,50,50,50,50.5189,50.3968,50.3968,50.5189,50,50,50,50,11.3858,11.0195,11.0195,11.4469,10.5922,11.2637,11.0195,11.6911,12.0574,11.9963,11.8742,12.1184,54.5482,55.6471,54.7924,55.1587,26.8315,25.7936,26.0989,26.16,45.5739,59.7375,44.9634,44.5971,32.8755,33.547,33.1807,33.2418,28.2357,28.2357,28.4188,28.1746,44.3529,44.5971,43.7424,44.1697,33.9744,34.0354,33.6081,34.707,25.6716,25.6716,26.3431,25.9768,45.6349,44.5971,43.4982,44.0476,33.2418,33.486,33.3639,33.0586,26.7705,26.7094,25.7936,30.3724,43.9866,43.8645,43.7424,44.1697,15.8425,14.8046,30.9829,15.7814,15.3541,15.1099,38.8584,14.9878,15.6593,15.3541,16.1477,15.232,35.0122,35.5617,36.0501,35.5006,96.7949,98.138,97.2222,98.0159,50.3968,50.0305,50.9463,50.7631,50,50,50,50,50.7021,50.58,50.3968,50.3358,5.6471300000000015,0.396825,1.31258,57.1734,40.1404,52.1062,29.5177,55.4029,29.6398,51.4957,2.77778,0.396825,1118.34,175.67,1465.24,0.0,1.0,1.0,1.0,1.0,0.0,0.129731,43.6157,43.7714,44.1346,43.9789,0.233517,14.4509,95.3225,92.3166,89.4964,96.7695,0.0,7.9615399999999985,26.9096,0.0,0.0,-57.2092,97.3639,95.2946,46.4287,325.228,43.9153,300.776,289.968,39.4373,414.576,416.061,413.682,505.973,501.342,591.934,418.08,415.485,515.134,501.389,595.665,407.086,404.127,527.438,526.937,615.679,406.004,404.343,526.5790000000002,524.861,616.9019999999998,432.453,431.374,536.24,533.807,613.019,433.029,431.733,538.172,537.17,612.0840000000002,591.575,594.804,21.917,404.715,1141.65
2020-11-22 06:51:50,96.7949,97.6496,97.7106,98.138,80.6166,80.0672,81.7155,81.3492,15.6593,15.7204,15.293,14.8657,15.293,15.3541,15.3541,14.9878,15.3541,14.8657,15.1709,15.293,43.5165,16.0684,23.8828,26.1294,94.5055,138.266,103.492,80.7326,50,50,50,50,50.5189,50.3968,50.3968,50.5189,50,50,50,50,11.3858,11.0195,11.0195,11.4469,10.5922,11.2637,11.0195,11.6911,12.0574,11.9963,11.8742,12.1184,54.5482,55.6471,54.7924,55.1587,26.8315,25.7936,26.0989,26.16,45.5739,59.7375,44.9634,44.5971,32.8755,33.547,33.1807,33.2418,28.2357,28.2357,28.4188,28.1746,44.3529,44.5971,43.7424,44.1697,33.9744,34.0354,33.6081,34.707,25.6716,25.6716,26.3431,25.9768,44.5971,44.5971,43.4982,44.0476,33.2418,33.486,33.3639,33.0586,26.7705,25.6105,25.7936,30.3724,43.9866,43.8645,43.7424,44.1697,15.8425,14.8046,30.9829,15.7814,15.3541,15.1099,38.8584,14.9878,15.6593,15.3541,16.1477,15.232,35.0122,35.5617,36.0501,35.5006,96.7949,98.138,97.2222,98.0159,50.3968,50.0305,50.9463,50.7631,50,50,50,50,50.7021,50.58,50.3968,50.3358,5.6471300000000015,0.396825,1.31258,57.1734,40.1404,52.1062,29.5177,55.4029,29.6398,51.4957,2.77778,0.396825,1121.75,175.67,1462.94,0.0,1.0,1.0,1.0,1.0,0.0,0.129731,43.6157,43.7714,44.1346,43.9789,0.233517,15.0831,97.1814,91.7044,89.4964,96.7695,0.0,7.9615399999999985,22.5754,0.0,0.0,-60.0131,97.3639,95.2946,47.1566,323.827,45.1402,303.7290000000001,289.968,39.4373,414.576,416.061,413.682,505.973,500.244,591.934,418.08,415.485,515.134,501.389,595.665,407.086,404.127,527.438,526.937,615.679,406.004,404.343,526.5790000000002,524.861,616.9019999999998,432.453,431.374,536.24,533.807,613.019,433.029,431.733,538.172,537.17,612.0840000000002,591.575,594.804,21.917,405.244,1142.19
2020-11-22 06:51:55,96.7949,97.6496,97.7106,98.138,80.6166,80.0672,81.7155,81.3492,15.6593,15.7204,15.293,14.8657,15.293,15.3541,15.3541,14.9878,15.3541,14.8657,15.1709,15.293,43.5165,16.0684,23.8828,24.7619,94.5055,138.266,101.441,80.7326,50,50,50,50,50.5189,50.3968,50.3968,50.5189,50,50,50,50,11.3858,11.0195,11.0195,11.4469,10.5922,11.2637,11.0195,11.6911,12.0574,11.9963,11.8742,12.1184,54.5482,55.6471,54.7924,55.1587,26.8315,25.7936,26.0989,26.16,45.5739,59.7375,44.9634,44.5971,32.8755,33.547,33.1807,33.2418,28.2357,28.2357,28.4188,28.1746,44.3529,44.5971,43.7424,43.6203,33.9744,34.0354,33.6081,34.707,25.6716,25.6716,26.3431,25.9768,44.5971,44.5971,43.4982,44.7802,33.2418,33.486,33.3639,33.0586,26.7705,26.7705,25.7936,30.3724,43.9866,43.8645,43.7424,44.1697,15.8425,14.8046,30.9829,15.7814,15.3541,15.1099,38.8584,14.9878,15.6593,15.3541,16.1477,15.232,35.0122,35.5617,36.0501,35.5006,96.7949,98.138,97.2222,98.0159,50.3968,50.0305,50.9463,50.7631,50,50,50,50,50.7021,50.58,50.3968,50.3358,5.6471300000000015,0.396825,1.31258,57.1734,40.1404,52.1062,29.5177,55.4029,29.6398,51.4957,2.77778,0.396825,1126.5,175.113,1458.32,0.0,1.0,1.0,1.0,1.0,0.0,0.129731,43.6157,43.7714,44.1346,43.9789,0.233517,15.0831,95.9657,88.8544,90.3266,96.7695,0.0,7.9615399999999985,14.6605,0.0,0.0,-65.745,97.3639,95.2946,46.6517,323.286,44.5323,305.661,289.968,39.4373,414.576,416.061,413.682,505.973,499.1230000000001,591.934,418.08,415.485,515.134,501.389,595.665,407.086,404.127,527.438,526.937,616.686,406.004,404.343,526.5790000000002,524.861,616.9019999999998,432.453,431.374,536.24,533.807,613.019,433.029,431.733,538.172,537.17,612.0840000000002,591.575,594.804,21.917,405.244,1142.79
2020-11-22 06:52:00,96.7949,97.6496,97.7106,98.138,80.6166,80.0672,81.7155,81.3492,15.6593,15.7204,15.293,14.8657,15.293,15.3541,15.3541,15.7204,15.3541,14.8657,15.1709,15.293,42.6374,16.0684,23.8828,24.7619,94.5055,135.629,100.464,80.7326,50,50,50,50,50.5189,50.3968,50.3968,50.5189,50,50,50,50,11.3858,11.0195,11.0195,11.4469,10.5922,11.2637,11.0195,11.6911,12.0574,11.9963,11.8742,12.1184,54.5482,55.6471,54.7924,55.1587,26.8315,25.7936,26.0989,26.16,45.5739,59.7375,44.9634,44.5971,32.8755,33.547,33.1807,32.6923,28.2357,28.2357,28.4188,28.1746,44.3529,44.5971,43.7424,43.6203,33.9744,34.0354,33.6081,34.707,25.6716,25.6716,26.3431,25.9768,44.5971,44.5971,43.4982,44.7802,33.2418,33.486,33.3639,33.0586,26.7705,26.7705,25.7936,30.3724,43.9866,43.8645,43.7424,44.1697,15.8425,14.8046,30.9829,15.7814,15.3541,15.1099,38.8584,14.9878,15.6593,15.3541,16.1477,15.232,35.0122,35.5617,36.0501,35.5006,96.7949,98.138,97.2222,98.0159,50.3968,50.0305,50.9463,50.7631,50,50,50,50,50.7021,50.58,50.3968,50.3358,5.6471300000000015,0.396825,1.31258,57.1734,40.1404,52.1062,29.5177,55.4029,29.6398,51.4957,2.77778,0.396825,1127.74,175.113,1459.51,0.0,1.0,1.0,1.0,1.0,0.0,0.129731,43.6157,43.7714,44.1346,43.9789,0.233517,15.0831,93.6015,89.4768,90.3266,96.7695,0.0,7.9615399999999985,14.6605,0.0,0.0,-50.1686,97.3639,95.2946,47.1957,321.934,44.5323,306.502,289.968,39.4373,414.576,416.061,413.682,505.973,499.1230000000001,591.934,418.08,415.485,515.134,501.389,595.665,407.086,404.127,527.438,526.937,616.686,406.004,404.343,526.5790000000002,524.861,616.9019999999998,432.453,431.374,536.24,533.807,613.019,433.029,431.733,538.172,537.17,612.0840000000002,591.575,595.809,21.917,405.244,1142.79
2020-11-22 06:52:05,96.7949,97.6496,97.7106,98.138,80.6166,80.0672,81.7155,81.3492,15.6593,15.7204,15.293,14.8657,15.293,15.3541,15.3541,15.7204,15.3541,14.8657,15.1709,15.293,42.6374,16.0684,23.8828,25.7387,94.5055,135.629,98.4127,82.4908,50,50,50,50,50.5189,50.3968,50.3968,50.5189,50,50,50,50,11.3858,11.0195,11.0195,11.4469,10.5922,11.2637,11.0195,11.6911,12.0574,11.9963,12.4237,12.1184,54.5482,55.6471,54.7924,55.1587,26.8315,25.7936,26.0989,26.16,45.5739,59.7375,44.9634,44.5971,32.8755,33.547,33.1807,32.6923,28.2357,28.2357,28.4188,28.1746,43.8034,44.5971,43.7424,43.6203,33.9744,34.0354,33.6081,34.707,25.6716,25.6716,26.3431,25.9768,44.5971,44.5971,43.4982,44.7802,33.2418,33.486,33.3639,33.0586,26.7705,25.6105,25.7936,30.3724,43.9866,43.8645,43.7424,44.1697,15.8425,14.8046,30.9829,15.7814,15.3541,15.1099,38.8584,14.9878,15.6593,15.3541,16.1477,15.232,35.0122,35.5617,36.0501,35.5006,96.7949,98.138,97.2222,98.0159,50.3968,50.0305,50.9463,50.7631,50,50,50,50,50.7021,50.58,50.3968,50.3358,5.6471300000000015,0.396825,1.31258,57.1734,40.1404,52.1062,29.5177,55.4029,29.6398,51.4957,2.77778,0.396825,1123.02,175.113,1458.23,0.0,1.0,1.0,1.0,1.0,0.0,0.129731,43.6157,43.7714,44.1346,43.9789,0.233517,14.4656,96.2339,88.573,90.2077,96.0943,0.0,7.9615399999999985,14.7366,0.0,0.0,-45.45399999999999,97.3639,95.2946,47.9767,320.807,44.5323,305.922,289.968,39.4373,414.576,416.061,413.682,505.973,500.268,591.934,418.08,415.485,515.015,501.389,595.665,407.086,404.127,527.438,526.937,616.686,406.004,404.343,526.5790000000002,524.861,616.9019999999998,432.453,431.374,536.24,533.807,613.019,433.029,431.733,538.172,537.17,612.0840000000002,591.575,595.809,21.917,404.715,1142.79
2020-11-22 06:52:10,96.7949,97.6496,97.7106,98.138,80.6166,80.0672,81.7155,81.3492,15.6593,15.7204,15.293,14.8657,15.293,15.3541,15.3541,15.7204,15.3541,14.8657,15.1709,15.293,43.7118,16.0684,23.8828,26.7155,94.5055,136.606,99.8779,82.4908,50,50,50,50,50.5189,50.3968,50.3968,50.5189,50,50,50,50,11.3858,11.0195,11.0195,11.4469,10.5922,11.2637,11.0195,11.6911,12.0574,11.9963,12.4237,12.1184,54.5482,55.6471,54.7924,55.1587,26.8315,25.7936,26.0989,26.16,45.5739,59.7375,44.9634,44.5971,32.8755,33.547,33.1807,32.6923,28.2357,28.2357,28.4188,28.1746,43.8034,43.9866,43.7424,43.6203,33.9744,34.0354,33.6081,34.707,25.6716,25.6716,26.3431,25.9768,44.5971,44.5971,43.4982,44.7802,33.2418,33.486,33.3639,33.0586,26.7705,26.5873,25.7936,30.3724,43.9866,43.8645,43.7424,44.1697,15.8425,14.8046,30.9829,15.7814,15.3541,15.1099,38.8584,14.9878,15.6593,15.3541,16.1477,15.232,35.0122,35.5617,36.0501,35.5006,96.7949,98.138,97.2222,98.0159,50.3968,50.0305,50.9463,50.7631,50,50,50,50,50.7021,50.58,50.3968,50.3358,5.6471300000000015,0.396825,1.31258,57.1734,40.1404,53.2051,29.5177,55.4029,29.6398,51.4957,2.77778,0.396825,1118.37,175.113,1463.28,0.0,1.0,1.0,1.0,1.0,0.0,0.129731,43.6157,43.7714,44.1346,43.9789,0.233517,14.4656,96.663,88.573,91.0746,96.0943,0.0,7.9615399999999985,17.3849,0.0,0.0,-28.351,97.3639,95.2946,49.315,322.296,44.5323,306.965,289.968,39.4373,414.576,416.061,413.682,505.973,501.389,591.934,418.08,415.485,515.015,501.389,595.665,407.086,404.127,527.438,526.937,616.686,406.004,404.343,526.5790000000002,524.861,616.9019999999998,432.453,431.374,536.24,533.807,613.019,433.029,431.733,538.172,537.17,612.0840000000002,591.575,595.809,21.917,404.715,1142.2
2020-11-22 06:52:15,96.7949,97.6496,97.7106,98.138,80.6166,80.0672,81.7155,81.3492,15.6593,15.7204,14.7436,14.8657,15.293,15.3541,15.3541,15.7204,15.3541,14.8657,15.1709,15.293,43.7118,16.0684,24.7619,26.7155,95.6777,136.606,99.8779,82.4908,50,50,50,50,50.5189,50.3968,50.3968,50.5189,50,50,50,50,11.3858,11.0195,11.0195,11.4469,10.5922,11.2637,11.0195,11.6911,12.0574,11.9963,12.4237,12.1184,54.5482,55.6471,54.7924,55.1587,26.8315,25.7936,26.0989,26.16,45.5739,59.7375,44.4139,44.5971,32.8755,33.547,33.1807,32.6923,28.2357,28.2357,28.4188,28.1746,43.8034,43.9866,43.7424,43.0708,33.9744,34.0354,33.6081,34.707,25.6716,25.6716,26.3431,25.9768,44.5971,44.5971,43.4982,44.7802,33.2418,33.486,33.3639,33.0586,26.7705,26.5873,25.7936,30.3724,43.9866,43.8645,43.7424,44.1697,15.8425,14.8046,30.9829,15.7814,15.3541,15.1099,38.8584,14.9878,15.6593,15.3541,16.1477,15.232,35.0122,35.5617,36.0501,35.5006,96.7949,98.138,97.2222,98.0159,50.3968,50.0305,50.9463,50.7631,50,50,50,50,50.7021,50.58,50.3968,50.3358,5.6471300000000015,0.396825,1.31258,57.1734,40.1404,53.2051,29.5177,55.4029,29.6398,51.4957,2.77778,0.396825,1114.83,175.113,1465.86,0.0,1.0,1.0,1.0,1.0,0.0,0.129731,43.6157,43.7714,44.1346,43.9789,0.233517,14.4656,97.9586,90.5698,90.0244,97.2121,0.0,7.9615399999999985,23.9252,0.0,0.0,-38.9543,97.3639,95.2946,49.9142,325.202,45.707,307.516,289.968,40.4464,414.576,416.061,414.692,505.973,501.389,591.934,418.08,415.485,515.015,501.389,595.665,407.086,404.127,527.438,526.937,616.686,406.004,404.343,526.5790000000002,524.861,616.9019999999998,432.453,431.374,536.24,533.807,613.019,433.029,431.733,538.172,537.17,612.0840000000002,591.575,595.809,21.917,404.715,1141.66
2020-11-22 06:52:20,96.7949,97.6496,97.7106,98.6874,80.6166,80.0672,81.7155,81.3492,15.6593,15.7204,14.7436,14.8657,15.293,15.3541,15.3541,15.7204,15.3541,14.8657,15.1709,15.293,44.591,16.0684,23.8828,26.7155,96.5568,136.606,98.1197,81.514,50,50,50,50,50.5189,50.3968,50.3968,50.5189,50,50,50,50,11.3858,11.0195,11.0195,11.4469,10.5922,11.2637,11.0195,11.6911,12.0574,11.9963,12.4237,12.1184,54.5482,55.6471,54.7924,55.1587,26.8315,25.7936,26.0989,26.16,45.5739,59.7375,44.4139,44.5971,32.8755,33.547,33.1807,32.6923,28.2357,28.2357,28.4188,28.1746,43.8034,43.9866,43.7424,43.7424,33.9744,34.0354,33.6081,34.707,25.6716,25.6716,26.3431,25.9768,44.5971,44.5971,43.4982,44.7802,33.2418,33.486,33.3639,33.0586,26.7705,26.5873,25.7936,30.3724,43.9866,43.8645,43.7424,44.1697,15.8425,14.8046,30.9829,15.7814,15.3541,15.1099,38.8584,14.9878,15.6593,15.3541,16.1477,15.232,35.0122,35.5617,36.0501,35.5006,96.7949,98.138,97.2222,98.0159,50.3968,50.0305,50.9463,50.7631,50,50,50,50,50.7021,50.58,50.3968,50.3358,5.6471300000000015,0.396825,1.31258,57.1734,38.431,53.2051,29.5177,55.4029,29.6398,51.4957,2.77778,0.396825,1113.75,175.113,1461.38,0.0,1.0,1.0,1.0,1.0,0.0,0.129731,43.6157,43.7714,44.1346,43.9789,0.233517,14.4656,94.9599,90.452,90.9572,97.2121,0.0,7.9615399999999985,23.5613,0.0,0.0,-38.3834,97.3639,95.2946,49.2658,325.968,45.5733,306.994,289.968,40.4464,414.576,416.061,414.692,505.973,500.268,591.934,418.08,415.485,515.015,501.389,595.665,407.086,404.127,527.438,526.937,616.686,406.004,404.343,526.5790000000002,524.861,617.909,432.453,431.374,536.24,533.807,613.019,433.029,431.733,538.172,537.17,612.0840000000002,591.575,595.809,21.917,404.715,1141.12
2020-11-22 06:52:25,96.7949,97.6496,97.7106,98.6874,80.6166,80.0672,81.7155,81.3492,15.6593,15.7204,14.7436,14.8657,15.293,15.3541,15.3541,15.7204,15.3541,14.8657,15.1709,15.293,44.591,16.0684,23.8828,25.5433,96.5568,136.606,96.9475,81.514,50,50,50,50,50.5189,50.3968,50.3968,50.5189,50,50,50,50,11.3858,11.0195,11.0195,11.4469,10.5922,10.6532,11.0195,11.6911,12.0574,11.9963,12.4237,12.1184,54.5482,55.6471,54.7924,55.1587,26.8315,25.7936,26.0989,26.16,45.5739,59.7375,43.8034,44.5971,32.8755,33.547,33.1807,32.6923,28.2357,28.2357,28.4188,28.1746,43.8034,43.9866,43.7424,43.7424,33.9744,34.0354,33.6081,34.707,25.6716,25.6716,26.3431,25.9768,44.5971,44.5971,44.1087,44.7802,33.2418,33.486,33.3639,33.0586,26.7705,25.1832,25.7936,30.3724,43.9866,43.8645,43.7424,44.1697,15.8425,14.8046,30.9829,15.7814,15.3541,15.1099,38.8584,14.9878,15.6593,15.3541,16.1477,15.232,35.0122,35.5617,36.0501,35.5006,96.7949,98.138,97.2222,98.0159,50.3968,50.0305,50.9463,50.7631,50,50,50,50,50.7021,50.58,50.3968,50.3358,5.6471300000000015,0.396825,1.31258,57.1734,38.431,52.1062,29.5177,55.4029,29.6398,51.4957,2.77778,0.396825,1124.27,175.113,1462.86,0.0,1.0,1.0,1.0,1.0,0.0,0.129731,43.6157,43.7714,44.1346,43.5119,0.233517,15.0684,96.0921,91.0327,90.069,96.4802,0.0,7.9615399999999985,14.8189,0.0,0.0,-15.5118,97.3639,95.2946,50.5652,324.686,46.5445,302.793,289.968,40.4464,414.576,416.061,414.692,505.973,499.051,591.934,418.08,416.494,515.015,501.389,595.665,407.086,404.127,527.438,526.937,616.686,406.004,404.343,526.5790000000002,524.861,617.909,432.453,431.374,536.24,533.807,613.019,433.029,431.733,538.172,537.17,612.0840000000002,591.575,595.809,21.917,405.244,1141.12
2020-11-22 06:52:30,96.7949,97.6496,97.7106,98.6874,80.6166,80.0672,81.7155,81.3492,15.6593,15.7204,14.7436,14.8657,15.293,15.3541,15.3541,15.7204,15.3541,14.8657,15.1709,15.293,43.4188,16.0684,23.8828,26.4225,95.58,136.606,99.1941,80.2442,50,50,50,50,50.5189,50.3968,50.3968,50.5189,50,50,50,50,11.3858,11.0195,11.0195,11.4469,10.5922,10.6532,11.0195,11.6911,12.0574,11.9963,11.8742,12.1184,54.5482,55.6471,54.7924,55.1587,26.8315,25.7936,26.0989,26.16,45.5739,59.7375,43.8034,44.5971,32.8755,33.547,33.1807,32.1429,28.2357,28.2357,28.4188,28.1746,43.8034,43.9866,43.7424,43.7424,33.9744,34.0354,33.6081,34.707,25.6716,25.6716,26.3431,25.9768,44.5971,44.5971,44.1087,44.7802,33.2418,33.486,33.3639,33.0586,26.7705,26.6484,25.7936,30.3724,43.9866,43.8645,43.1929,44.1697,15.8425,14.8046,30.9829,15.7814,15.3541,15.1099,38.8584,14.9878,15.6593,15.3541,16.1477,15.232,35.0122,35.5617,36.0501,35.5006,96.7949,98.138,97.2222,98.0159,50.3968,50.0305,50.9463,50.7631,50,50,50,50,50.7021,50.58,50.3968,50.3358,5.6471300000000015,0.396825,1.31258,57.1734,38.431,52.1062,29.5177,55.4029,29.6398,51.4957,2.77778,0.396825,1120.75,175.113,1452.31,0.0,1.0,1.0,1.0,1.0,0.0,0.129731,43.6157,43.7714,44.1346,43.5119,0.233517,15.0684,93.7625,90.3662,91.3087,96.4802,0.0,7.9615399999999985,14.5501,0.0,0.0,-30.8831,97.3639,95.2946,49.8383,326.26,46.5445,301.205,289.968,40.4464,414.576,416.061,414.692,505.973,500.173,591.934,418.08,416.494,515.159,501.389,595.665,407.086,404.127,527.438,526.937,616.686,406.004,404.343,526.5790000000002,524.861,617.909,432.453,431.374,536.24,533.807,613.019,433.029,431.733,538.172,537.17,612.0840000000002,591.575,595.809,21.917,405.244,1141.12
2020-11-22 06:52:35,96.7949,97.6496,97.7106,98.6874,80.6166,80.0672,81.7155,81.3492,15.6593,15.7204,15.4151,14.8657,15.293,15.3541,15.3541,15.7204,15.3541,14.8657,15.1709,15.293,43.4188,16.0684,23.8828,27.3016,95.58,136.606,99.1941,81.1233,50,50,50,50,50.5189,50.3968,50.3968,50.5189,50,50,50,50,11.3858,11.0195,11.0195,11.4469,10.5922,10.6532,11.0195,11.6911,12.0574,11.9963,11.8742,12.1184,54.5482,55.6471,54.7924,55.1587,26.8315,25.7936,26.0989,26.16,45.5739,59.7375,43.8034,44.5971,32.8755,33.547,33.1807,32.1429,28.2357,27.6862,28.4188,28.1746,43.8034,43.9866,43.7424,43.7424,33.9744,34.0354,33.6081,34.707,25.6716,25.6716,26.3431,25.9768,44.5971,44.5971,44.1087,44.7802,33.2418,33.486,33.3639,33.0586,26.7705,26.6484,25.7936,30.3724,43.9866,43.8645,43.1929,44.1697,15.8425,14.8046,30.9829,15.7814,15.3541,15.1099,38.8584,14.9878,15.6593,15.3541,16.1477,15.232,35.0122,35.5617,36.0501,35.5006,96.7949,98.138,97.2222,98.0159,50.3968,50.0305,50.9463,50.7631,50,50,50,50,50.7021,50.58,50.3968,50.3358,5.6471300000000015,0.396825,1.31258,57.1734,38.431,52.1062,29.5177,55.4029,29.6398,51.4957,2.77778,0.396825,1122.0,175.113,1462.76,0.0,1.0,1.0,1.0,1.0,0.0,0.129731,43.6157,43.7714,44.1346,43.5119,0.233517,14.4656,95.8286,92.5474,91.0977,95.4105,0.0,7.9615399999999985,14.9799,0.0,0.0,-35.7643,97.3639,95.2946,49.2367,327.342,45.0017,300.66,288.933,40.4464,414.576,416.061,414.692,505.973,500.173,591.934,418.08,416.494,515.159,501.389,595.665,407.086,404.127,527.438,526.937,616.686,406.004,404.343,526.5790000000002,524.861,617.909,432.453,431.374,536.24,533.807,613.019,433.029,431.733,538.172,537.17,612.0840000000002,591.575,595.809,21.917,405.244,1140.51
2020-11-22 06:52:40,96.7949,97.6496,97.7106,98.6874,80.6166,80.0672,81.7155,81.3492,15.6593,15.7204,15.4151,14.8657,15.293,15.3541,15.3541,15.7204,15.3541,14.8657,15.1709,15.293,43.4188,16.9475,24.7619,26.4225,96.5568,137.778,100.562,81.1233,50,50,50,50,50.5189,50.3968,50.3968,50.5189,50,50,50,50,11.3858,11.0195,11.0195,11.4469,10.5922,10.6532,11.0195,11.6911,12.0574,11.9963,11.8742,12.1184,54.5482,55.6471,54.7924,55.1587,26.8315,25.7936,26.0989,26.16,45.5739,59.7375,44.0476,44.5971,32.8755,33.547,33.1807,32.1429,28.2357,27.6862,28.4188,28.1746,43.8034,43.9866,43.7424,43.7424,33.9744,34.0354,33.6081,34.707,25.6716,25.6716,26.3431,25.9768,44.5971,44.5971,44.1087,44.7802,33.2418,33.486,33.3639,33.0586,26.7705,26.6484,25.7936,30.3724,43.9866,43.8645,43.1929,44.1697,15.8425,14.8046,30.9829,15.7814,15.3541,15.1099,38.8584,14.9878,15.6593,15.3541,16.1477,15.232,35.0122,35.5617,36.0501,35.5006,96.7949,98.138,97.2222,98.0159,50.3968,50.0305,50.9463,50.7631,50,50,50,50,50.7021,50.58,50.3968,50.3358,5.6471300000000015,0.396825,1.31258,57.1734,38.431,52.1062,29.5177,55.4029,31.4103,51.4957,2.77778,0.396825,1127.71,175.113,1460.18,0.0,1.0,1.0,1.0,1.0,0.0,0.129731,43.6157,43.7714,44.1346,43.5119,0.233517,14.4656,96.5607,90.0258,91.0977,96.7928,0.0,7.9615399999999985,13.4824,0.0,0.0,-61.4653,97.3639,95.2946,47.8935,328.476,43.8619,299.81,288.933,40.4464,414.576,416.061,414.692,505.973,501.199,591.934,418.08,416.494,515.302,501.389,595.665,407.086,404.127,527.438,526.937,616.686,406.004,404.343,526.5790000000002,524.861,617.909,432.453,431.374,536.24,533.807,613.019,433.029,431.733,537.17,537.17,612.0840000000002,591.575,595.809,21.917,405.244,1140.51
2020-11-22 06:52:45,96.7949,97.6496,97.7106,98.6874,80.6166,80.0672,81.7155,81.3492,15.6593,15.7204,15.4151,14.8657,15.293,15.3541,15.3541,15.7204,15.3541,14.8657,15.1709,15.293,43.4188,16.9475,24.7619,25.348000000000006,97.8266,138.852,101.538,81.1233,50,50,50,50,50.5189,50.3968,50.3968,50.5189,50,50,50,50,11.3858,11.0195,11.0195,11.4469,10.5922,10.6532,11.0195,11.6911,12.0574,11.9963,11.8742,12.1184,54.5482,55.6471,54.7924,55.1587,26.8315,25.7936,26.0989,26.16,44.9023,59.7375,44.0476,44.5971,32.8755,33.547,33.1807,32.1429,28.2357,28.2357,28.4188,28.1746,43.8034,43.9866,43.7424,43.7424,33.9744,34.0354,33.6081,34.707,25.6716,25.6716,26.3431,25.9768,44.5971,44.5971,44.1087,44.7802,33.2418,33.486,33.3639,33.0586,26.7705,26.7094,25.7936,30.3724,43.9866,43.8645,43.1929,44.1697,15.8425,14.8046,30.9829,15.7814,15.3541,15.1099,38.8584,14.9878,15.6593,15.3541,16.1477,15.232,35.0122,35.5617,36.0501,35.5006,96.7949,98.138,97.2222,98.0159,50.3968,50.0305,50.9463,50.7631,50,50,50,50,50.7021,50.58,50.3968,50.3358,5.6471300000000015,0.396825,1.31258,57.1734,38.431,52.1062,29.5177,55.4029,31.4103,51.4957,2.77778,0.396825,1123.08,175.113,1459.74,0.0,1.0,1.0,1.0,1.0,0.0,0.129731,43.6157,43.7714,44.1346,43.5119,0.233517,15.0978,95.9305,90.6408,91.4316,95.8843,0.0,7.9615399999999985,14.4608,0.0,0.0,-36.7889,97.3639,95.2946,47.2504,327.291,43.8619,299.224,288.933,40.4464,414.576,416.061,414.692,505.973,501.199,591.934,419.089,416.494,515.445,502.917,595.665,407.086,404.127,527.438,526.937,616.686,406.004,404.343,526.5790000000002,524.861,617.909,432.453,431.374,536.24,533.807,613.019,433.029,431.733,537.17,537.17,612.0840000000002,591.575,595.809,21.917,405.244,1139.98
2020-11-22 06:52:50,96.7949,97.6496,97.7106,98.6874,80.6166,80.0672,81.7155,81.3492,15.6593,15.7204,15.4151,14.8657,15.293,15.3541,15.3541,14.9267,15.3541,14.8657,15.1709,15.293,43.4188,16.9475,24.7619,25.348000000000006,97.8266,138.852,101.538,81.1233,50,50,50,50,50.5189,50.3968,50.3968,50.5189,50,50,50,50,11.3858,11.0195,11.0195,11.4469,10.5922,10.6532,11.0195,11.6911,12.0574,11.9963,11.8742,12.1184,54.5482,55.6471,54.7924,55.1587,26.8315,25.7936,26.0989,26.16,44.9023,59.7375,44.0476,44.5971,32.8755,33.547,33.1807,31.5934,28.2357,28.2357,28.4188,28.1746,43.8034,43.9866,43.7424,43.7424,33.9744,34.0354,33.6081,34.707,25.6716,25.6716,26.3431,25.9768,44.5971,44.5971,44.1087,44.7802,33.2418,33.486,33.3639,33.0586,26.7705,26.7094,25.7936,30.3724,43.9866,43.8645,43.1929,44.1697,15.8425,14.8046,30.9829,15.7814,15.3541,15.1099,38.8584,14.9878,15.6593,15.3541,16.1477,15.232,35.0122,35.5617,36.0501,35.5006,96.7949,98.138,97.2222,98.0159,50.3968,50.0305,50.9463,50.7631,50,50,50,50,50.7021,50.58,50.3968,50.3358,5.6471300000000015,0.396825,1.31258,57.1734,38.431,52.1062,29.5177,55.4029,31.4103,51.4957,2.77778,0.396825,1124.32,175.113,1460.67,0.0,1.0,1.0,1.0,1.0,0.0,0.129731,43.6157,43.7714,44.1346,43.5119,0.233517,15.0978,97.8424,91.0421,89.6833,95.8843,0.0,7.9615399999999985,15.4486,0.0,0.0,-52.6434,97.3639,95.2946,47.2504,323.59,43.8619,300.518,288.933,40.4464,414.576,416.061,414.692,505.973,501.199,591.934,419.089,416.494,515.5880000000002,504.181,595.665,407.086,404.127,527.438,526.937,616.686,406.004,404.343,526.5790000000002,524.861,617.909,432.453,431.374,536.24,533.807,613.019,433.029,431.733,537.17,537.17,612.0840000000002,591.575,595.809,21.917,405.772,1139.98
2020-11-22 06:52:55,96.7949,97.6496,97.7106,98.6874,80.6166,80.0672,81.7155,81.3492,15.6593,15.7204,15.4151,14.8657,15.293,15.3541,15.3541,15.7814,15.3541,14.8657,15.1709,15.293,42.3443,16.9475,24.7619,24.2735,98.7057,137.778,103.199,81.221,50,50,50,50,50.5189,50.3968,50.3968,50.5189,50,50,50,50,11.3858,11.0195,11.0195,11.4469,10.5922,10.6532,11.0195,11.6911,12.0574,11.9963,11.8742,12.1184,54.5482,55.6471,54.7924,55.1587,26.8315,25.2442,26.0989,26.16,44.9023,59.7375,44.0476,44.5971,32.8755,33.547,33.1807,31.5934,28.2357,28.2357,28.4188,28.1746,43.8034,43.9866,43.7424,43.7424,33.9744,34.0354,33.6081,34.707,25.6716,25.6716,26.3431,25.9768,44.5971,44.5971,44.1087,44.7802,33.2418,33.486,33.3639,33.0586,26.7705,26.7094,25.7936,30.3724,43.9866,43.8645,43.7424,44.1697,15.8425,14.8046,30.9829,15.7814,15.3541,15.1099,38.8584,14.9878,15.6593,15.3541,16.1477,15.232,35.0122,35.5617,36.0501,35.5006,96.7949,98.138,97.2222,98.0159,50.3968,50.0305,50.9463,50.7631,50,50,50,50,50.7021,50.58,50.3968,50.3358,5.6471300000000015,0.396825,1.31258,57.1734,38.431,52.1062,29.5177,55.4029,31.4103,51.4957,2.77778,0.396825,1132.5,175.113,1459.26,0.0,1.0,1.0,1.0,1.0,0.0,0.129731,43.6157,43.7714,44.1346,43.5119,0.233517,15.0978,96.2358,91.2122,91.1635,95.1249,0.0,7.9615399999999985,9.03749,0.0,0.0,-76.1753,97.3639,95.2946,47.8458,322.153,43.82,302.95,288.933,40.4464,414.576,416.061,414.692,505.973,500.029,591.934,419.089,416.494,515.731,506.615,595.665,407.086,404.127,527.438,526.937,616.686,406.004,404.343,526.5790000000002,524.861,617.909,432.453,431.374,536.24,533.807,613.019,433.029,431.733,537.17,537.17,612.0840000000002,591.575,595.809,21.917,405.244,1139.98
2020-11-22 06:53:00,96.7949,97.6496,97.7106,98.6874,80.6166,80.0672,81.7155,81.3492,15.6593,15.7204,15.4151,14.8657,15.293,15.3541,15.3541,15.7814,15.3541,14.8657,15.1709,15.293,42.3443,16.9475,24.7619,24.2735,97.5336,137.778,102.32,81.221,50,50,50,50,50.5189,50.3968,50.3968,50.5189,50,50,50,50,11.3858,11.0195,11.0195,11.4469,10.5922,10.6532,11.0195,11.6911,12.0574,11.9963,11.8742,12.1184,54.5482,55.6471,54.7924,55.1587,26.8315,25.2442,26.0989,26.16,44.9023,59.7375,44.0476,44.5971,32.8755,33.547,33.1807,37.0269,28.2357,28.2357,28.4188,28.1746,43.8034,43.9866,43.7424,43.7424,34.5238,34.0354,33.6081,34.707,25.6716,25.6716,26.3431,25.9768,44.5971,44.5971,44.1087,44.7802,33.2418,33.486,33.3639,33.0586,26.7705,25.5495,25.7936,30.3724,43.9866,43.8645,43.7424,44.1697,15.8425,14.8046,30.9829,15.7814,15.3541,14.5604,38.8584,14.9878,15.6593,15.3541,16.1477,15.232,35.0122,35.5617,36.0501,35.5006,96.7949,98.138,97.2222,98.0159,50.3968,50.0305,50.9463,50.7631,50,50,50,50,50.7021,50.58,50.3968,50.3358,5.6471300000000015,0.396825,1.31258,57.1734,38.431,52.1062,29.5177,55.4029,31.4103,51.4957,2.77778,0.396825,1133.6,175.113,1461.4,0.0,1.0,1.0,1.0,1.0,0.0,0.129731,43.6157,43.7714,44.1346,43.5119,0.233517,14.4068,97.0944,88.4334,91.1635,96.2873,0.0,7.9615399999999985,6.39649,0.0,0.0,-74.8006,97.3639,95.2946,47.3446,323.052,44.3888,306.241,288.933,40.4464,414.576,416.061,414.692,505.973,500.029,591.934,419.089,416.494,515.85,509.001,595.665,407.086,404.127,527.438,526.937,616.686,406.004,404.343,526.5790000000002,524.861,617.909,432.453,432.381,536.24,533.807,613.019,433.029,431.733,537.17,537.17,612.0840000000002,591.575,595.809,21.917,405.244,1139.98
2020-11-22 06:53:05,96.7949,97.6496,97.7106,98.6874,80.6166,80.0672,81.7155,81.3492,15.6593,15.7204,15.4151,14.8657,15.293,15.3541,15.3541,15.7814,15.3541,14.8657,15.1709,15.293,42.3443,15.873,24.7619,24.2735,96.5568,137.778,103.59,82.2955,50,50,50,50,50.5189,50.3968,50.3968,50.5189,50,50,50,50,11.3858,11.0195,11.0195,11.4469,10.5922,10.6532,11.0195,11.6911,12.0574,11.9963,11.8742,12.1184,54.5482,55.6471,54.7924,55.1587,26.8315,25.7936,26.0989,26.16,44.9023,59.7375,44.0476,44.5971,32.8755,33.547,33.1807,36.1722,28.2357,28.2357,28.4188,28.1746,43.8034,43.9866,43.7424,43.7424,34.5238,34.0354,33.6081,34.707,25.6716,25.6716,26.3431,25.9768,44.5971,44.5971,44.1087,44.7802,33.2418,33.486,33.3639,33.0586,26.7705,26.7094,25.7936,30.3724,43.9866,43.8645,43.7424,44.1697,15.8425,14.8046,30.9829,15.7814,15.3541,14.5604,38.8584,14.9878,15.6593,15.3541,16.1477,15.232,35.0122,35.5617,36.0501,35.5006,96.7949,98.138,97.2222,98.0159,50.3968,50.0305,50.9463,50.7631,50,50,50,50,50.7021,50.58,50.3968,50.3358,5.6471300000000015,0.396825,1.31258,57.1734,38.431,53.083,29.5177,55.4029,31.4103,51.4957,2.77778,0.396825,1130.11,175.113,1459.32,0.0,1.0,1.0,1.0,1.0,0.0,0.129731,43.6157,43.7714,44.1346,43.5119,0.233517,14.4068,94.3192,90.6838,91.0876,96.2323,0.0,7.9615399999999985,6.7599399999999985,0.0,0.0,-93.7918,97.3639,95.2946,47.3446,326.211,42.8902,307.407,288.933,40.4464,414.576,416.061,414.692,505.973,501.056,591.934,419.089,416.494,515.993,509.001,595.665,407.086,404.127,527.438,526.937,616.686,406.004,404.343,526.5790000000002,524.861,617.909,432.453,432.381,536.24,533.807,613.019,433.029,431.733,537.17,537.17,612.0840000000002,591.575,595.809,21.917,405.244,1139.98
2020-11-22 06:53:10,96.7949,97.6496,97.7106,98.6874,80.6166,80.0672,81.7155,81.3492,15.6593,15.7204,15.4151,14.8657,15.293,15.3541,15.3541,15.7814,15.3541,14.8657,14.4994,15.293,43.4188,15.873,25.7387,23.3944,96.5568,138.755,101.636,82.2955,50,50,50,50,50.5189,50.3968,50.3968,50.5189,50,50,50,50,11.3858,11.0195,11.0195,11.4469,9.73748,10.6532,11.0195,11.6911,12.0574,11.9963,11.8742,12.1184,54.5482,55.6471,54.7924,55.1587,26.8315,25.7936,26.0989,26.16,44.9023,59.7375,44.0476,44.5971,32.8755,33.547,33.1807,34.8901,28.2357,28.2357,28.4188,28.1746,43.8034,43.9866,43.7424,43.7424,34.5238,34.0354,33.6081,34.707,25.6716,25.6716,26.3431,25.9768,44.5971,44.5971,44.1087,44.7802,33.2418,33.486,33.3639,33.0586,26.7705,26.7094,25.7936,30.3724,43.9866,43.8645,43.7424,44.1697,15.8425,14.8046,30.9829,15.7814,15.3541,14.5604,38.8584,14.9878,15.6593,15.3541,16.1477,15.232,35.0122,35.5617,36.0501,35.5006,96.7949,98.138,97.2222,98.0159,50.3968,50.0305,50.9463,50.7631,50,50,50,50,50.7021,50.58,50.3968,50.3358,5.6471300000000015,0.396825,1.31258,57.1734,38.431,53.083,29.5177,55.4029,31.4103,51.4957,2.77778,0.396825,1120.83,175.113,1460.72,0.0,1.0,1.0,1.0,1.0,0.0,0.129731,43.6157,43.7714,44.1346,43.5119,0.233517,15.0096,94.5581,90.6379,90.2952,96.2323,0.0,7.9615399999999985,7.824969999999999,0.0,0.0,-78.9087,97.3639,95.2946,46.8367,326.8520000000001,41.3066,306.68,288.933,40.4464,414.576,416.061,414.692,505.973,502.273,591.934,419.089,416.494,516.16,510.146,595.665,407.086,404.127,527.438,526.937,616.686,406.004,404.343,526.5790000000002,524.861,617.909,432.453,432.381,536.24,533.807,613.019,433.029,431.733,537.17,537.17,612.0840000000002,591.575,595.809,21.917,404.715,1138.85
2020-11-22 06:53:15,96.7949,97.6496,97.7106,98.6874,80.6166,80.0672,81.7155,81.3492,15.6593,15.7204,15.4151,14.8657,15.293,15.3541,15.3541,15.7814,15.3541,14.8657,14.4994,15.293,43.4188,15.873,25.7387,24.3712,97.4359,138.755,100.562,81.221,50,50,50,50,50.5189,50.3968,50.3968,50.5189,50,50,50,50,11.3858,11.0195,11.0195,11.4469,10.5922,10.6532,11.0195,11.6911,12.0574,11.9963,11.8742,12.1184,54.5482,55.6471,54.7924,55.1587,26.8315,25.7936,26.0989,26.16,44.9023,59.7375,44.0476,44.5971,32.8755,33.547,33.1807,34.3407,28.2357,28.2357,28.4188,28.1746,43.8034,43.9866,43.7424,43.7424,34.5238,34.0354,33.6081,34.1575,25.6716,26.221,26.3431,25.9768,44.5971,44.5971,44.1087,44.7802,33.2418,33.486,33.3639,33.0586,26.7705,25.2442,25.7936,30.3724,43.9866,43.8645,43.7424,44.1697,15.8425,14.8046,30.9829,15.7814,15.3541,14.5604,38.8584,14.9878,15.6593,15.3541,16.1477,15.232,35.0122,35.5617,36.0501,35.5006,96.7949,98.138,97.2222,98.0159,50.3968,50.0305,50.9463,50.7631,50,50,50,50,50.7021,50.58,50.3968,50.3358,5.6471300000000015,0.396825,1.31258,57.1734,37.21,53.083,29.5177,55.4029,31.4103,51.4957,2.77778,0.396825,1118.47,175.113,1463.1,0.0,1.0,1.0,1.0,1.0,0.0,0.129731,43.6157,43.7714,44.1346,43.5119,0.233517,15.0096,95.6011,90.4138,90.3366,96.9188,0.0,7.9615399999999985,13.6849,0.0,0.0,-77.7345,97.3639,95.2946,46.1989,327.934,40.7007,303.656,288.933,40.4464,415.621,416.061,414.692,505.973,502.273,591.934,419.089,416.494,516.304,511.291,595.665,407.086,404.127,527.438,526.937,616.686,406.004,404.343,526.5790000000002,524.861,617.909,432.453,432.381,536.24,533.807,613.019,433.029,431.733,537.17,537.17,612.0840000000002,591.575,595.809,21.917,405.244,1137.51
2020-11-22 06:53:20,96.7949,97.6496,97.7106,98.6874,80.6166,80.0672,81.7155,81.3492,15.6593,15.7204,15.4151,14.8657,15.293,15.3541,15.3541,15.7814,15.3541,14.8657,14.4994,15.293,43.4188,14.8962,25.7387,25.5433,98.9011,137.68,98.4127,80.3419,50,50,50,50,50.5189,50.3968,50.3968,50.5189,50,50,50,50,11.3858,11.0195,11.0195,11.4469,10.5922,10.6532,11.0195,11.6911,12.0574,11.9963,12.4237,12.1184,54.5482,55.6471,54.7924,55.1587,26.8315,25.7936,26.0989,26.16,44.9023,59.7375,44.0476,44.5971,32.8755,33.547,33.1807,34.3407,28.2357,28.2357,28.4188,28.1746,43.8034,43.9866,43.7424,43.7424,34.5238,34.0354,33.6081,34.1575,25.6716,26.221,26.3431,25.9768,44.5971,44.5971,44.1087,44.7802,33.2418,33.486,33.3639,33.0586,26.7705,26.7705,25.7936,30.3724,43.9866,43.8645,43.7424,44.1697,15.8425,14.8046,30.9829,15.7814,15.3541,15.1099,38.8584,14.9878,15.6593,15.3541,16.1477,15.232,35.0122,35.5617,36.0501,35.5006,96.7949,98.138,97.2222,98.0159,50.3968,50.0305,50.9463,50.7631,50,50,50,50,50.7021,50.58,50.3968,50.3358,5.6471300000000015,0.396825,1.31258,57.1734,37.21,53.083,29.5177,55.4029,31.4103,51.4957,2.77778,0.396825,1119.64,175.113,1458.06,0.0,1.0,1.0,1.0,1.0,0.0,0.129731,43.6157,43.7714,44.1346,43.5119,0.233517,14.2745,95.8388,91.3928,90.3366,95.7465,0.0,7.9615399999999985,13.2852,0.0,0.0,-68.2334,97.3639,95.2946,46.8774,329.017,39.1588,302.062,288.933,40.4464,415.621,416.061,414.692,505.973,501.032,591.934,419.089,416.494,516.447,511.291,595.665,407.086,404.127,527.438,526.937,616.686,406.004,404.343,526.5790000000002,524.861,617.909,432.453,432.381,536.24,533.807,613.019,433.029,431.733,537.17,537.17,611.078,591.575,595.809,21.917,405.244,1136.9
2020-11-22 06:53:25,96.7949,97.6496,97.7106,98.6874,80.6166,80.0672,81.7155,81.3492,15.6593,15.7204,15.4151,14.8657,15.293,15.3541,15.3541,15.7814,15.3541,14.8657,14.4994,15.293,44.2979,14.8962,24.7619,26.4225,98.9011,136.50799999999998,98.4127,81.4164,50,50,50,50,50.5189,50.3968,50.3968,50.5189,50,50,50,50,11.3858,11.0195,11.0195,11.4469,10.5922,10.6532,11.0195,11.6911,12.0574,11.9963,12.4237,12.1184,54.5482,55.6471,54.7924,55.1587,26.8315,25.7936,26.0989,26.16,44.9023,59.7375,44.0476,44.5971,32.8755,33.547,33.1807,33.486,28.2357,28.2357,28.4188,28.1746,43.8034,44.536,43.7424,43.7424,34.5238,34.0354,33.6081,34.1575,25.6716,26.221,26.3431,25.9768,44.5971,44.5971,44.1087,44.7802,33.2418,33.486,33.3639,33.0586,26.7705,26.7705,25.7936,30.3724,43.9866,43.8645,43.7424,44.1697,15.8425,14.8046,30.9829,15.7814,15.3541,15.1099,38.8584,14.9878,15.6593,15.3541,16.1477,15.232,35.0122,35.5617,36.0501,35.5006,96.7949,98.138,97.2222,98.0159,50.3968,50.0305,50.9463,50.7631,50,50,50,50,50.7021,50.58,50.3968,50.3358,5.6471300000000015,0.396825,1.31258,57.1734,37.21,53.083,29.5177,55.4029,31.4103,51.4957,2.77778,0.396825,1126.61,175.113,1463.28,0.0,1.0,1.0,1.0,1.0,0.0,0.129731,43.6157,43.7714,44.1346,43.5119,0.233517,14.2745,95.2967,93.2104,89.7093,96.8624,0.0,7.9615399999999985,9.44612,0.0,0.0,-78.8261,97.3639,95.2946,47.4209,329.719,39.8687,300.756,288.933,40.4464,415.621,416.061,414.692,505.973,501.032,591.934,419.089,416.494,516.59,511.291,595.665,407.086,404.127,527.438,526.937,616.686,406.004,404.343,526.5790000000002,524.861,617.909,432.453,432.381,536.24,533.807,613.019,433.029,431.733,537.17,537.17,611.078,591.575,595.809,21.917,404.186,1136.9
2020-11-22 06:53:30,96.7949,97.6496,97.7106,98.6874,80.6166,80.0672,81.7155,81.3492,15.6593,15.7204,15.4151,14.8657,15.293,15.3541,15.3541,15.7814,15.3541,14.8657,14.4994,15.293,44.2979,14.0171,24.7619,26.4225,98.9011,135.531,98.5104,81.4164,50,50,50,50,50.5189,50.3968,50.3968,50.5189,50,50,50,50,11.3858,11.0195,11.0195,11.4469,10.5922,10.6532,11.0195,11.6911,12.0574,11.9963,12.4237,12.1184,54.5482,55.6471,54.7924,55.1587,26.8315,25.7936,26.0989,26.16,44.9023,59.7375,44.0476,44.5971,32.8755,33.547,33.1807,33.486,28.2357,28.2357,28.4188,28.1746,43.8034,44.536,43.7424,43.7424,34.5238,34.0354,33.6081,34.1575,25.6716,26.221,26.3431,25.9768,44.5971,44.5971,44.1087,44.7802,33.2418,33.486,33.3639,33.0586,26.7705,26.7705,25.7936,30.3724,43.9866,43.8645,43.7424,44.1697,15.8425,14.8046,30.9829,15.7814,15.3541,15.1099,38.8584,14.9878,15.6593,15.3541,16.1477,15.232,35.0122,35.5617,36.0501,35.5006,96.7949,98.138,97.2222,98.0159,50.3968,50.0305,50.9463,50.7631,50,50,50,50,50.7021,50.58,50.3968,50.3358,5.6471300000000015,0.396825,1.31258,57.1734,37.21,53.083,29.5177,55.4029,31.4103,51.4957,2.77778,0.396825,1130.08,175.113,1465.59,0.0,1.0,1.0,1.0,1.0,0.0,0.129731,43.6157,43.7714,44.1346,43.5119,0.233517,14.2745,94.6052,92.181,91.5908,96.8624,0.0,7.9615399999999985,7.07774,0.0,0.0,-64.5232,97.3639,95.2946,47.4209,330.316,39.8687,299.757,288.933,40.4464,415.621,417.071,414.692,505.973,501.032,591.934,419.089,416.494,516.7330000000002,512.4119999999998,595.665,407.086,404.127,527.438,526.937,617.693,406.004,404.343,526.5790000000002,524.861,617.909,432.453,432.381,536.24,533.807,613.019,433.029,431.733,537.17,537.17,611.078,591.575,595.809,21.917,405.244,1136.37
2020-11-22 06:53:35,96.7949,97.6496,97.7106,98.6874,80.6166,80.0672,81.7155,81.3492,15.6593,15.7204,15.4151,14.8657,15.293,15.3541,15.3541,15.7814,15.3541,14.8657,14.4994,15.293,44.2979,14.0171,24.7619,25.348000000000006,97.8266,135.531,98.5104,80.5372,50,50,50,50,50.5189,50.3968,50.3968,50.5189,50,50,50,50,11.3858,11.0195,11.0195,11.4469,10.5922,10.6532,11.0195,11.6911,12.0574,11.9963,12.4237,12.1184,54.5482,55.6471,54.7924,55.1587,26.8315,25.7936,26.0989,26.16,44.9023,59.7375,44.0476,44.5971,32.8755,33.547,33.1807,33.486,28.2357,28.2357,28.4188,28.1746,43.8034,44.536,43.7424,43.7424,34.5238,34.0354,33.6081,34.1575,25.6716,26.221,26.3431,25.9768,44.5971,44.5971,44.1087,44.7802,33.2418,33.486,33.3639,33.0586,26.7705,26.4042,25.7936,30.3724,43.9866,43.8645,43.7424,44.1697,15.8425,14.8046,30.9829,15.7814,15.3541,15.1099,38.8584,14.9878,15.6593,15.3541,16.1477,15.232,35.0122,35.5617,36.0501,35.5006,96.7949,98.138,97.2222,98.0159,50.3968,50.0305,50.9463,50.7631,50,50,50,50,50.7021,50.58,50.3968,50.3358,5.6471300000000015,0.396825,1.31258,57.1734,37.21,53.083,29.5177,55.4029,31.4103,51.4957,2.77778,0.396825,1130.15,175.113,1466.16,0.0,1.0,1.0,1.0,1.0,0.0,0.129731,43.6157,43.7714,44.1346,43.5119,0.233517,14.2745,95.7817,92.6568,90.9036,96.8624,0.0,7.9615399999999985,4.34887,0.0,0.0,-73.8772,97.3639,95.2946,45.8352,331.131,39.2713,299.189,288.933,40.4464,415.621,417.071,414.692,507.0,502.105,591.934,419.089,416.494,516.876,512.4119999999998,595.665,407.086,404.127,527.438,526.937,617.693,406.004,404.343,526.5790000000002,524.861,617.909,432.453,432.381,536.24,533.807,613.019,433.029,431.733,537.17,537.17,611.078,591.575,595.809,21.917,405.244,1136.37
2020-11-22 06:53:40,96.7949,97.6496,97.7106,98.6874,80.6166,80.0672,81.7155,81.3492,15.6593,15.7204,15.4151,14.8657,15.293,15.3541,15.3541,15.7814,15.3541,14.8657,14.4994,15.293,44.2979,14.8962,24.7619,25.348000000000006,96.4591,134.261,98.5104,80.5372,50,50,50,50,50.5189,50.3968,50.3968,50.5189,50,50,50,50,11.3858,11.0195,11.0195,11.4469,11.2637,10.6532,11.0195,11.6911,12.0574,11.9963,12.4237,12.1184,54.5482,55.6471,54.7924,55.1587,26.8315,25.7936,26.0989,26.16,44.9023,59.7375,44.0476,43.9255,32.8755,33.547,33.1807,32.9365,28.2357,28.2357,28.4188,28.1746,43.8034,44.536,43.7424,43.7424,34.5238,34.0354,33.6081,34.1575,25.6716,26.221,26.3431,25.9768,44.5971,44.5971,44.1087,44.7802,33.2418,33.486,33.3639,33.0586,26.7705,26.4042,25.7936,30.3724,43.9866,43.8645,43.7424,44.1697,15.8425,14.8046,30.9829,15.7814,15.3541,15.1099,38.8584,14.9878,15.6593,15.3541,16.1477,15.232,35.0122,35.5617,36.0501,35.5006,96.7949,98.138,97.2222,98.0159,50.3968,50.0305,50.9463,50.7631,50,50,50,50,50.7021,50.58,50.3968,50.3358,5.6471300000000015,0.396825,1.31258,57.1734,37.21,51.862,29.5177,55.4029,31.4103,51.4957,2.77778,0.396825,1119.66,175.639,1458.34,0.0,1.0,1.0,1.0,1.0,0.0,0.129731,43.6157,43.7714,44.1346,43.5119,0.233517,14.2745,94.0,91.6889,90.9036,96.8624,0.0,7.9615399999999985,20.125,0.0,0.0,-47.0985,97.3639,95.2946,45.288,328.476,39.9066,298.666,288.933,40.4464,416.63,417.071,414.692,507.0,503.132,591.934,419.089,416.494,517.019,512.4119999999998,595.665,407.086,404.127,527.438,526.937,617.693,406.004,404.343,526.5790000000002,524.861,617.909,432.453,432.381,536.24,533.807,613.019,433.029,431.733,537.17,537.17,611.078,591.575,595.809,21.746,405.244,1136.37
2020-11-22 06:53:45,96.7949,97.6496,97.7106,98.6874,80.6166,80.0672,81.7155,81.3492,15.6593,15.7204,15.4151,14.8657,15.293,15.3541,15.3541,15.7814,15.3541,14.8657,14.4994,15.293,44.2979,15.7753,24.7619,25.348000000000006,97.5336,132.991,98.5104,80.5372,50,50,50,50,50.5189,50.3968,50.3968,50.5189,50,50,50,50,11.3858,11.0195,11.0195,11.4469,11.2637,10.6532,11.0195,11.6911,12.0574,11.9963,11.8742,12.1184,54.5482,55.6471,54.7924,55.1587,26.8315,25.7936,25.5495,26.16,44.9023,59.7375,44.0476,43.9255,32.8755,33.547,33.1807,32.9365,28.2357,27.6862,28.4188,28.1746,43.8034,44.536,43.7424,43.7424,34.5238,34.0354,33.6081,34.1575,25.6716,26.221,26.3431,25.9768,44.5971,45.1465,44.1087,44.7802,33.2418,33.486,33.3639,33.0586,26.7705,26.4042,25.7936,30.3724,43.9866,43.8645,43.7424,44.1697,15.8425,14.8046,30.9829,15.7814,15.3541,15.1099,38.8584,14.9878,15.6593,15.3541,16.1477,15.232,35.0122,35.5617,36.0501,35.5006,96.7949,98.138,97.2222,98.0159,50.3968,50.0305,50.9463,50.7631,50,50,50,50,50.7021,50.58,50.3968,50.3358,5.6471300000000015,0.396825,1.31258,57.1734,37.21,51.862,29.5177,55.4029,31.4103,51.4957,2.77778,0.396825,1112.65,175.639,1457.27,0.0,1.0,1.0,1.0,1.0,0.0,0.129731,44.0827,43.7714,44.1346,43.9789,0.233517,13.6718,95.7164,91.3249,89.98899999999998,96.0779,0.0,7.9615399999999985,33.9612,0.0,0.0,-39.0832,97.3639,95.2946,45.288,326.7,38.4095,296.8590000000001,288.933,40.4464,416.63,417.071,414.692,507.0,500.984,591.934,419.089,416.494,517.019,512.4119999999998,595.665,407.086,404.127,527.438,526.937,617.693,406.004,404.343,526.5790000000002,524.861,617.909,432.453,432.381,536.24,533.807,613.019,433.029,432.741,537.17,537.17,611.078,591.575,595.809,21.746,405.244,1136.98
2020-11-22 06:53:50,96.7949,97.6496,97.7106,98.6874,80.6166,80.0672,81.7155,81.3492,15.6593,15.7204,15.4151,14.8657,15.293,15.3541,15.3541,15.5372,15.3541,14.8657,14.4994,15.293,44.2979,15.7753,24.7619,26.4225,97.5336,132.015,99.5849,80.5372,50,50,50,50,50.5189,50.3968,50.3968,50.5189,50,50,50,50,11.3858,11.0195,11.0195,11.4469,11.2637,10.6532,11.0195,11.6911,12.0574,11.9963,11.8742,12.1184,54.5482,55.6471,54.7924,55.1587,26.8315,25.7936,26.5873,26.16,44.9023,59.7375,44.0476,43.9255,32.8755,33.547,33.1807,31.8987,28.2357,28.2357,28.4188,28.1746,43.8034,44.536,43.7424,43.7424,34.5238,34.0354,33.6081,34.1575,25.6716,26.221,26.3431,25.9768,44.5971,45.1465,44.1087,44.7802,33.2418,33.486,33.3639,33.0586,26.7705,25.3663,25.7936,30.3724,43.9866,43.8645,43.7424,44.1697,15.8425,14.8046,30.9829,15.7814,15.3541,15.1099,38.8584,14.9878,15.6593,15.3541,16.1477,15.232,35.0122,35.5617,36.0501,35.5006,96.7949,98.138,97.2222,98.0159,50.3968,50.0305,50.9463,50.7631,50,50,50,50,50.7021,50.58,50.3968,50.3358,5.6471300000000015,0.396825,1.31258,57.1734,37.21,52.7167,29.5177,55.4029,31.4103,51.4957,2.77778,0.396825,1122.02,176.21099999999996,1460.57,0.0,1.0,1.0,1.0,1.0,0.0,0.129731,44.0827,43.7714,44.1346,43.9789,0.233517,13.6718,96.4001,92.1174,90.0201,96.0779,0.0,7.9615399999999985,21.8707,0.0,0.0,-59.4541,97.3639,95.2946,44.6077,325.253,37.5872,295.57,288.933,40.4464,416.63,417.071,415.701,507.0,495.376,591.934,419.089,416.494,517.1619999999998,512.4119999999998,595.665,407.086,404.127,527.438,526.937,617.693,406.004,404.343,526.5790000000002,524.861,618.9159999999998,432.453,432.381,536.24,533.807,613.019,433.029,432.741,537.17,537.17,611.078,591.575,595.809,21.746,404.715,1138.32
2020-11-22 06:53:55,96.7949,97.6496,97.7106,98.6874,80.6166,80.0672,81.7155,81.3492,15.6593,15.7204,15.4151,14.8657,15.293,15.3541,15.3541,15.5372,15.3541,14.8657,14.4994,15.293,45.177,15.7753,24.7619,26.4225,97.5336,133.382,99.5849,81.514,50,50,50,50,50.5189,50.3968,50.3968,50.5189,50,50,50,50,11.3858,11.0195,11.0195,11.4469,11.2637,11.2027,11.0195,11.6911,12.0574,11.9963,11.8742,12.1184,54.5482,55.6471,54.7924,55.1587,26.8315,25.7936,26.5873,26.16,44.9023,59.7375,44.0476,43.9255,32.8755,33.547,33.1807,31.8987,28.2357,28.2357,28.4188,28.1746,43.8034,44.536,43.7424,43.7424,34.5238,34.0354,33.6081,34.1575,25.6716,26.221,26.3431,25.9768,44.5971,45.1465,44.1087,44.7802,33.2418,33.486,33.3639,33.0586,26.7705,26.4042,25.7936,30.3724,43.9866,43.8645,43.7424,44.1697,15.8425,14.8046,30.9829,15.7814,15.3541,15.1099,38.8584,14.9878,15.6593,15.3541,16.1477,15.232,35.0122,35.5617,36.0501,35.5006,96.7949,98.138,97.2222,98.0159,50.3968,50.0305,50.9463,50.7631,50,50,50,50,50.7021,50.58,50.3968,50.3358,5.6471300000000015,0.396825,1.31258,57.1734,37.21,52.7167,29.5177,55.4029,31.4103,51.4957,2.77778,0.396825,1136.95,176.21099999999996,1460.29,0.0,1.0,1.0,1.0,1.0,0.0,0.129731,44.0827,43.7714,44.1346,43.9789,0.233517,13.6718,96.2406,92.1174,90.0201,96.0779,0.0,7.9615399999999985,9.23437,0.0,0.0,-57.3417,97.3639,95.2946,43.4733,324.715,37.0633,294.487,288.933,41.485,416.63,417.071,415.701,507.0,494.23,591.934,419.089,416.494,517.305,513.438,595.665,407.086,404.127,527.438,526.937,617.693,406.004,404.343,526.5790000000002,524.861,618.9159999999998,432.453,432.381,536.24,533.807,613.019,433.029,432.741,537.17,537.17,611.078,591.575,595.809,21.746,404.715,1139.52
2020-11-22 06:54:00,96.7949,97.6496,97.7106,98.6874,80.6166,80.0672,81.7155,81.3492,15.6593,15.7204,15.4151,14.8657,15.293,15.3541,15.3541,15.5372,15.3541,14.8657,14.4994,15.293,44.2979,15.7753,24.7619,26.4225,97.5336,133.382,98.4127,81.514,50,50,50,50,50.5189,50.3968,50.3968,50.5189,50,50,50,50,11.3858,11.0195,11.0195,11.4469,11.2637,11.7521,11.0195,11.6911,12.0574,11.9963,12.4237,12.1184,54.5482,55.6471,54.7924,55.1587,26.8315,25.7936,26.5873,26.16,44.9023,59.7375,44.0476,43.9255,32.8755,33.547,33.1807,31.8987,28.2357,28.2357,28.4188,28.1746,43.8034,44.536,43.7424,43.7424,34.5238,34.0354,33.6081,34.1575,25.6716,26.221,26.3431,25.9768,44.5971,45.1465,44.1087,44.7802,33.2418,33.486,33.3639,33.0586,26.7705,26.4042,25.7936,30.3724,43.9866,43.8645,43.7424,44.1697,15.8425,14.8046,30.9829,15.7814,15.3541,15.1099,38.8584,14.9878,15.6593,15.3541,16.1477,15.232,35.0122,35.5617,36.0501,35.5006,96.7949,98.138,97.2222,98.0159,50.3968,50.0305,50.9463,50.7631,50,50,50,50,50.7021,50.58,50.3968,50.3358,5.6471300000000015,0.396825,1.31258,57.1734,37.21,52.7167,29.5177,55.4029,31.4103,51.4957,2.77778,0.396825,1140.39,176.21099999999996,1461.74,0.0,1.0,1.0,1.0,1.0,0.0,0.129731,44.0827,43.7714,44.1346,43.9789,0.233517,13.6718,95.4869,92.9388,90.0748,96.1459,0.0,7.9615399999999985,7.15348,0.0,0.0,-47.1912,97.3639,95.2946,43.4733,324.715,37.1339,293.652,288.933,41.485,416.63,417.071,415.701,507.0,496.617,591.934,419.089,416.494,517.305,513.438,595.665,407.086,404.127,527.438,526.937,617.693,406.004,404.343,526.5790000000002,524.861,618.9159999999998,432.453,432.381,536.24,533.807,613.019,433.029,432.741,537.17,537.17,611.078,591.575,595.809,21.746,404.715,1140.03
2020-11-22 06:54:05,96.7949,97.6496,97.7106,98.6874,80.6166,80.0672,81.7155,81.3492,15.6593,15.7204,15.4151,14.8657,15.293,15.3541,15.3541,15.5372,15.3541,14.8657,14.4994,15.293,44.2979,16.6545,23.8828,26.4225,97.5336,132.503,100.366,81.8071,50,50,50,50,50.5189,50.3968,50.3968,50.5189,50,50,50,50,11.3858,11.0195,11.0195,11.4469,11.2637,11.7521,11.0195,11.6911,12.0574,11.9963,12.4237,12.1184,54.5482,55.6471,54.7924,55.1587,26.8315,25.7936,26.5873,26.16,44.9023,59.7375,44.0476,43.9255,32.8755,33.547,33.1807,31.8987,28.2357,28.2357,28.4188,28.1746,43.8034,44.536,43.7424,43.7424,34.5238,34.0354,33.6081,34.1575,25.6716,26.221,26.3431,25.9768,44.5971,45.1465,44.1087,44.7802,33.2418,33.486,33.3639,33.0586,26.7705,26.4042,25.7936,30.3724,43.9866,43.8645,43.7424,44.1697,15.8425,14.8046,30.9829,15.7814,15.3541,15.1099,38.8584,14.9878,15.6593,15.3541,16.1477,15.232,35.0122,35.5617,36.0501,35.5006,96.7949,98.138,97.2222,98.0159,50.3968,50.0305,50.9463,50.7631,50,50,50,50,50.7021,50.58,50.3968,50.3358,5.6471300000000015,0.396825,1.31258,57.1734,35.0733,52.7167,29.5177,55.4029,31.4103,51.4957,2.77778,0.396825,1138.1,176.21099999999996,1459.42,0.0,1.0,1.0,1.0,1.0,0.0,0.129731,44.0827,43.7714,44.1346,43.9789,0.233517,13.6718,95.4869,90.5254,90.0748,97.3027,0.0,7.9615399999999985,5.25002,0.0,0.0,-62.8113,97.3639,95.2946,44.1164,324.128,38.7085,292.302,288.933,41.485,416.63,417.071,415.701,507.0,498.956,591.934,419.089,416.494,517.4490000000002,513.438,595.665,407.086,404.127,527.438,526.937,617.693,406.004,404.343,526.5790000000002,524.861,618.9159999999998,432.453,432.381,536.24,533.807,613.019,433.029,432.741,537.17,537.17,611.078,591.575,595.809,21.746,404.186,1141.16
2020-11-22 06:54:10,96.7949,97.6496,97.7106,98.6874,80.6166,80.0672,81.7155,81.3492,15.6593,15.7204,15.4151,14.8657,15.293,15.3541,15.3541,15.5372,15.3541,14.8657,14.4994,15.293,44.2979,16.6545,23.8828,26.4225,95.4823,132.503,99.4872,80.5372,50,50,50,50,50.5189,50.3968,50.3968,50.5189,50,50,50,50,11.3858,11.0195,11.0195,11.4469,11.2637,11.569,11.0195,11.6911,12.0574,11.9963,12.4237,12.1184,54.5482,55.6471,54.7924,55.1587,26.8315,25.7936,26.5873,26.16,44.9023,59.7375,44.0476,43.9255,32.8755,33.547,33.1807,31.8987,28.2357,28.2357,28.4188,28.1746,43.8034,44.536,43.7424,43.7424,34.5238,34.0354,33.6081,34.1575,25.6716,26.221,26.3431,25.9768,44.5971,45.1465,44.1087,44.7802,33.2418,33.486,33.3639,33.0586,26.7705,25.5495,25.7936,30.3724,43.9866,43.8645,43.7424,44.1697,15.8425,14.8046,30.9829,15.7814,15.3541,15.1099,38.8584,14.9878,15.6593,15.3541,16.1477,15.232,35.0122,35.5617,36.0501,35.5006,96.7949,98.138,97.2222,98.0159,50.3968,50.0305,50.9463,50.7631,50,50,50,50,50.7021,50.58,50.3968,50.3358,5.6471300000000015,0.396825,1.31258,57.1734,35.0733,52.7167,29.5177,55.4029,31.4103,51.4957,2.77778,0.396825,1118.41,176.21099999999996,1462.37,0.0,1.0,1.0,1.0,1.0,0.0,0.129731,44.0827,43.7714,44.1346,43.9789,0.233517,13.6718,96.0959,91.1825,90.9616,96.1083,0.0,7.9615399999999985,13.6241,0.0,0.0,-56.8004,97.3639,95.2946,44.1164,323.543,38.7085,290.974,288.933,41.485,416.63,417.071,415.701,507.0,501.246,591.934,419.089,416.494,517.4490000000002,513.438,595.665,407.086,404.127,527.438,526.937,617.693,406.004,404.343,526.5790000000002,524.861,618.9159999999998,432.453,432.381,536.24,533.807,613.019,433.029,432.741,537.17,537.17,611.078,591.575,595.809,21.746,404.186,1141.16
2020-11-22 06:54:15,96.7949,97.6496,97.7106,98.6874,80.6166,80.0672,81.7155,81.3492,15.6593,15.7204,15.4151,14.8657,15.293,15.3541,15.3541,15.5372,15.3541,14.8657,14.4994,15.293,44.2979,17.5336,23.8828,26.4225,94.5055,133.773,99.4872,80.5372,50,50,50,50,50.5189,50.3968,50.3968,50.5189,50,50,50,50,11.3858,11.0195,11.0195,11.4469,11.2637,11.569,11.0195,11.6911,12.0574,11.9963,12.4237,12.1184,54.5482,55.6471,54.7924,55.1587,26.8315,25.7936,26.5873,26.16,44.9023,59.7375,44.0476,43.9255,32.8755,33.547,33.1807,31.8987,28.2357,28.2357,28.4188,28.1746,43.8034,44.536,43.7424,43.7424,34.5238,34.0354,33.6081,34.1575,25.6716,26.221,26.3431,25.9768,44.5971,45.1465,44.1087,44.7802,33.2418,33.486,33.3639,33.0586,26.7705,26.7094,25.7936,30.3724,43.9866,43.8645,43.7424,44.1697,15.8425,14.8046,30.9829,15.7814,15.3541,15.1099,38.8584,14.9878,15.6593,15.3541,16.1477,15.232,35.0122,35.5617,36.0501,35.5006,96.7949,98.138,97.2222,98.0159,50.3968,50.0305,50.9463,50.7631,50,50,50,50,50.7021,50.58,50.3968,50.3358,5.6471300000000015,0.396825,1.31258,57.1734,35.0733,52.7167,29.5177,55.4029,31.4103,51.4957,2.77778,0.396825,1112.65,176.21099999999996,1459.68,0.0,1.0,1.0,1.0,1.0,0.0,0.129731,44.0827,43.7714,44.1346,43.9789,0.233517,14.2745,96.7739,90.4818,90.3887,96.1083,0.0,7.9615399999999985,23.8286,0.0,0.0,-73.1597,97.3639,95.2946,43.4449,323.543,38.0387,291.752,288.933,41.485,416.63,417.071,415.701,507.0,501.246,591.934,419.089,416.494,517.592,513.438,595.665,407.086,404.127,527.438,526.937,617.693,406.004,404.343,526.5790000000002,524.861,618.9159999999998,432.453,432.381,536.24,533.807,613.019,433.029,432.741,537.17,537.17,611.078,591.575,595.809,21.746,404.186,1140.18
2020-11-22 06:54:20,97.1001,97.5885,97.7717,98.6874,80.6777,80.2503,81.6545,81.5324,16.1477,15.9646,14.9267,14.9878,15.1099,14.9267,15.7814,15.7204,15.8425,15.0488,14.9878,15.4151,44.7863,17.7289,24.3712,27.6923,93.6264,136.41,99.0965,81.4164,50,50,50,50,50.3358,50.1526,50.2747,50.2137,50,50,50,50,11.4469,11.2027,11.2637,11.8742,11.3248,11.569,11.0195,11.2637,11.8132,12.4847,11.9353,12.1184,54.9145,56.1355,54.6093,55.5861,26.5873,25.7326,26.7705,26.16,44.9023,59.188,44.1087,44.0476,33.0586,33.547,32.8144,32.0208,28.3578,28.2357,28.1746,28.4799,44.0476,44.6581,44.1087,43.9255,34.0965,34.0965,33.6691,33.7302,26.3431,26.6484,26.3431,26.221,44.5971,44.6581,44.2308,44.9634,33.3639,33.3639,33.7302,33.0586,26.5873,26.7094,25.3053,30.0672,43.9866,44.3529,43.6813,44.2918,15.6593,15.232,30.9829,15.4762,15.3541,15.1099,38.9194,15.232,16.0867,15.232,15.8425,15.4151,35.3175,35.5006,36.0501,35.6838,97.2222,98.0769,97.2222,98.138,50.4579,50.2747,50.8242,50.7631,50,50,50,50,50.3968,50.5189,50.3358,50.3968,5.7081800000000005,0.396825,1.31258,57.5397,35.0733,52.8999,29.5788,55.4029,31.5324,51.9231,2.77778,0.396825,1116.16,176.394,1466.54,0.0,1.0,1.0,1.0,1.0,0.0,0.07783949999999999,44.0308,43.927,44.44600000000001,43.927,0.129731,15.0243,96.0865,92.302,91.304,97.1232,0.0,7.9615399999999985,20.0488,0.0,0.0,-88.4351,97.5747,95.1803,42.8011,322.598,38.9366,294.379,288.86,41.8252,417.423,417.431,416.278,507.715,496.76,592.795,419.81,417.359,517.592,513.7959999999998,596.096,406.942,404.271,526.793,526.078,618.053,406.004,404.921,525.935,524.503,619.06,432.741,432.597,535.81,533.306,612.444,433.676,432.8130000000001,537.099,536.526,611.078,592.149,595.665,21.746,404.186,1139.54
2020-11-22 06:54:25,97.1001,97.5885,97.7717,98.6874,80.6777,80.2503,81.6545,81.5324,16.1477,15.9646,14.9267,14.9878,15.1099,14.9267,15.7814,15.7204,15.8425,15.0488,14.9878,15.4151,43.7118,17.7289,24.3712,26.7155,94.7009,136.41,100.073,80.5372,50,50,50,50,50.3358,50.1526,50.2747,50.2137,50,50,50,50,11.4469,11.2027,11.2637,11.8742,11.3248,11.569,11.0195,11.2637,11.8132,12.4847,11.9353,12.1184,54.9145,56.1355,54.6093,55.5861,26.5873,25.7326,26.7705,26.16,44.9023,59.188,44.1087,44.0476,33.0586,33.547,32.8144,32.0208,28.3578,28.2357,28.1746,28.4799,44.0476,44.6581,44.1087,43.9255,34.0965,34.0965,33.6691,33.7302,26.3431,26.6484,26.3431,26.221,44.5971,44.6581,44.2308,44.9634,33.3639,33.3639,33.7302,33.0586,26.5873,26.7094,25.3053,30.0672,43.9866,44.3529,43.6813,44.2918,15.6593,15.232,30.9829,15.4762,15.3541,15.1099,38.9194,15.232,16.0867,15.232,15.8425,15.4151,35.3175,35.5006,36.0501,35.6838,97.2222,98.0769,97.2222,98.138,50.4579,50.2747,50.8242,50.7631,50,50,50,50,50.3968,50.5189,50.3358,50.3968,5.7081800000000005,0.396825,1.31258,57.5397,35.0733,52.8999,29.5788,55.4029,31.5324,51.9231,2.77778,0.396825,1127.79,176.394,1463.56,0.0,1.0,1.0,1.0,1.0,0.0,0.07783949999999999,44.0308,43.927,44.44600000000001,43.927,0.129731,15.0243,95.9296,91.5203,90.163,96.3399,0.0,7.9615399999999985,12.018,0.0,0.0,-77.5321,97.5747,95.1803,42.8011,321.258,39.5322,294.9170000000001,288.86,41.8252,417.423,417.431,416.278,507.715,495.734,592.795,419.81,417.359,517.592,513.7959999999998,596.096,406.942,404.271,526.793,526.078,618.053,406.004,404.921,525.935,524.503,619.06,432.741,432.597,535.81,533.306,612.444,433.676,432.8130000000001,537.099,536.526,611.078,592.149,595.665,21.746,403.657,1139.54
2020-11-22 06:54:30,97.1001,97.5885,97.7717,98.6874,80.6777,80.2503,81.6545,81.5324,16.1477,15.9646,14.9267,14.9878,15.1099,14.9267,15.7814,15.7204,15.8425,15.0488,14.9878,15.4151,43.7118,16.8498,24.3712,25.7387,94.4078,137.387,98.9011,81.514,50,50,50,50,50.3358,50.1526,50.2747,50.2137,50,50,50,50,11.4469,11.2027,11.2637,11.8742,11.3248,11.569,11.0195,11.2637,11.8132,12.4847,11.9353,12.1184,54.9145,56.1355,54.6093,55.5861,26.5873,25.7326,26.7705,26.16,44.9023,59.188,44.1087,44.0476,33.0586,33.547,32.8144,32.0208,28.3578,28.2357,28.1746,28.4799,44.0476,44.6581,44.1087,43.9255,34.0965,34.0965,33.6691,33.7302,26.3431,26.6484,26.3431,26.221,44.5971,44.6581,44.2308,44.9634,33.3639,33.3639,33.7302,33.0586,26.5873,25.6105,25.3053,30.0672,43.9866,44.3529,43.6813,44.2918,15.6593,15.232,30.9829,15.4762,15.3541,15.1099,38.9194,15.232,16.0867,15.232,15.8425,15.4151,35.3175,35.5006,36.0501,35.6838,97.2222,98.0769,97.2222,98.138,50.4579,50.2747,50.8242,50.7631,50,50,50,50,50.3968,50.5189,50.3358,50.3968,5.7081800000000005,0.396825,1.31258,57.5397,35.0733,52.8999,29.5788,55.4029,31.5324,51.9231,2.77778,0.396825,1131.25,176.394,1460.6,0.0,1.0,1.0,1.0,1.0,0.0,0.07783949999999999,44.0308,43.927,44.44600000000001,43.927,0.129731,15.0243,95.6919,90.0427,89.5207,95.4262,0.0,7.9615399999999985,6.94775,0.0,0.0,-71.8118,97.5747,95.1803,43.3874,321.93,40.3916,294.9170000000001,288.86,41.8252,417.423,417.431,416.278,507.715,496.951,592.795,419.81,417.359,517.592,513.7959999999998,596.096,406.942,404.271,526.793,526.078,618.053,406.004,404.921,525.935,524.503,619.06,432.741,432.597,535.81,533.306,612.444,433.676,432.8130000000001,537.099,536.526,611.078,592.149,595.665,21.746,404.186,1139.54
2020-11-22 06:54:35,97.1001,97.5885,97.7717,98.6874,80.6777,80.2503,81.6545,81.5324,16.1477,15.9646,14.9267,14.9878,15.1099,14.9267,15.7814,15.7204,15.8425,15.0488,14.9878,15.4151,44.591,16.8498,25.2503,27.8877,94.4078,138.46200000000002,98.9011,80.6349,50,50,50,50,50.3358,50.1526,50.2747,50.2137,50,50,50,50,11.4469,11.2027,11.2637,11.8742,11.3248,11.569,11.0195,11.2637,11.8132,12.4847,11.9353,12.1184,54.9145,56.1355,54.6093,55.5861,26.5873,25.7326,26.7705,26.16,44.9023,59.188,44.1087,44.0476,33.0586,33.547,32.8144,32.0208,28.3578,28.2357,28.1746,28.4799,44.0476,44.6581,44.1087,43.9255,34.0965,34.0965,33.6691,33.7302,26.3431,26.0989,26.3431,26.221,44.5971,44.6581,44.2308,44.9634,33.3639,33.3639,33.7302,33.0586,26.5873,26.2821,25.3053,30.0672,43.9866,44.3529,43.6813,44.2918,15.6593,15.232,30.9829,15.4762,15.3541,15.1099,38.9194,15.232,16.0867,15.232,15.8425,15.4151,35.3175,35.5006,36.0501,35.6838,97.2222,98.0769,97.2222,98.138,50.4579,50.2747,50.8242,50.7631,50,50,50,50,50.3968,50.5189,50.3358,50.3968,5.7081800000000005,0.396825,1.31258,57.5397,35.0733,52.8999,29.5788,56.4408,31.5324,51.9231,2.77778,0.396825,1130.02,176.394,1470.28,0.0,1.0,1.0,1.0,1.0,0.0,0.07783949999999999,44.0308,43.927,44.44600000000001,43.927,0.129731,15.0243,96.9152,91.3507,90.6151,97.1413,0.0,7.9615399999999985,4.62413,0.0,0.0,-68.2693,97.5747,95.1803,43.4303,323.321,39.5335,293.878,288.86,41.8252,417.423,417.431,416.278,507.715,499.886,592.795,419.81,417.359,517.735,513.7959999999998,596.096,406.942,404.271,526.793,526.078,618.053,406.004,404.921,525.935,524.503,619.06,432.741,432.597,535.81,533.306,612.444,433.676,432.8130000000001,537.099,536.526,611.078,592.149,595.665,21.746,404.715,1138.97
2020-11-22 06:54:40,97.1001,97.5885,97.7717,98.6874,80.6777,80.2503,81.6545,81.5324,16.1477,15.9646,14.9267,14.9878,15.1099,14.9267,15.7814,15.7204,15.8425,14.4994,14.9878,15.4151,44.591,16.8498,24.2735,27.8877,95.3846,138.46200000000002,97.7289,80.6349,50,50,50,50,50.3358,50.1526,50.2747,50.2137,50,50,50,50,11.4469,11.2027,11.2637,11.8742,10.7143,11.569,11.0195,11.2637,11.8132,12.4847,11.9353,12.1184,54.9145,56.1355,54.6093,55.5861,26.5873,25.7326,26.7705,26.16,44.9023,59.188,45.1465,44.0476,33.0586,33.547,32.8144,32.0208,28.3578,28.2357,28.1746,28.4799,44.0476,44.6581,44.1087,43.9255,34.0965,34.0965,33.6691,33.7302,26.3431,26.0989,26.3431,26.221,44.5971,44.6581,44.2308,44.9634,33.3639,33.3639,33.7302,33.0586,26.5873,26.2821,25.3053,30.0672,43.9866,44.3529,43.6813,44.2918,15.6593,15.232,30.9829,15.4762,15.3541,15.1099,38.9194,15.232,16.0867,15.232,15.8425,15.4151,35.3175,35.5006,36.0501,35.6838,97.2222,98.0769,97.2222,98.138,50.4579,50.2747,50.8242,50.7631,50,50,50,50,50.3968,50.5189,50.3358,50.3968,5.7081800000000005,0.396825,1.31258,57.5397,35.0733,52.8999,29.5788,56.4408,31.5324,51.9231,2.77778,0.396825,1118.4,176.394,1472.54,0.0,1.0,1.0,1.0,1.0,0.0,0.07783949999999999,44.0308,43.927,44.44600000000001,43.927,0.129731,15.6711,97.7853,92.2243,91.4056,95.6415,0.0,7.9615399999999985,18.2268,0.0,0.0,-66.5425,97.5747,95.1803,43.4303,322.736,38.9685,293.878,288.86,41.8252,417.423,417.431,416.278,507.715,501.103,592.795,419.81,417.359,517.735,513.7959999999998,596.096,406.942,404.271,526.793,526.078,618.053,406.004,404.921,525.935,524.503,619.06,432.741,432.597,535.81,533.306,612.444,433.676,432.8130000000001,537.099,536.526,611.078,592.149,595.665,21.746,405.772,1137.84
2020-11-22 06:54:45,97.1001,97.5885,97.7717,98.6874,80.6777,80.2503,81.6545,81.5324,16.1477,15.9646,15.4762,14.9878,15.1099,14.9267,15.7814,14.9878,15.8425,15.0488,14.9878,15.4151,44.591,16.8498,24.2735,27.0085,95.3846,135.433,96.6544,79.7558,50,50,50,50,50.3358,50.1526,50.2747,50.2137,50,50,50,50,11.4469,11.2027,11.2637,11.8742,10.7143,11.569,11.0195,11.2637,11.8132,12.4847,11.9353,12.1184,54.9145,56.1355,54.6093,55.5861,26.5873,25.7326,26.7705,26.16,44.9023,59.188,45.1465,44.0476,33.0586,33.547,32.8144,32.0208,28.3578,28.2357,28.1746,28.4799,44.0476,44.6581,44.1087,43.9255,34.0965,34.0965,33.6691,33.7302,26.3431,26.0989,26.3431,26.221,44.5971,44.6581,44.2308,44.9634,33.3639,33.3639,33.7302,33.0586,26.5873,26.2821,25.3053,30.0672,43.9866,44.3529,43.6813,44.2918,15.6593,15.232,30.9829,15.4762,15.3541,15.1099,38.9194,15.232,16.0867,15.232,15.8425,15.4151,35.3175,35.5006,36.0501,35.6838,97.2222,98.0769,97.2222,98.138,50.4579,50.2747,50.8242,50.7631,50,50,50,50,50.3968,50.5189,50.3358,50.3968,5.7081800000000005,0.396825,1.31258,57.5397,35.0733,52.8999,27.381,56.4408,31.5324,51.9231,2.77778,0.396825,1119.63,176.92,1469.81,0.0,1.0,1.0,1.0,1.0,0.0,0.07783949999999999,44.0308,43.927,44.44600000000001,43.927,0.129731,15.6711,95.1298,90.9716,91.4056,95.0064,0.0,7.9615399999999985,20.2702,0.0,0.0,-57.3058,97.5747,95.1803,43.4303,320.317,39.8758,296.737,288.86,41.8252,417.423,417.431,416.278,507.715,499.886,592.795,419.81,417.359,517.735,513.7959999999998,596.096,406.942,404.271,526.793,526.078,618.053,406.004,404.921,525.935,524.503,619.06,432.741,432.597,535.81,533.306,612.444,433.676,432.8130000000001,537.099,536.526,611.078,592.149,595.665,21.746,405.244,1137.84
2020-11-22 06:54:50,97.1001,97.5885,97.7717,98.6874,80.6777,80.2503,81.6545,81.5324,16.1477,15.9646,15.4762,14.9878,15.1099,14.9267,15.7814,15.5983,15.8425,15.0488,14.9878,15.4151,44.591,16.8498,25.1526,27.8877,95.3846,135.433,98.1197,79.7558,50,50,50,50,50.3358,50.1526,50.2747,50.2137,50,50,50,50,11.4469,11.2027,11.2637,11.8742,10.7143,11.569,11.0195,11.2637,11.8132,12.4847,11.9353,12.1184,54.9145,56.1355,54.6093,55.5861,26.5873,25.7326,26.221,26.16,44.9023,59.188,45.1465,44.0476,33.0586,33.547,32.8144,32.0208,28.3578,28.2357,28.1746,28.4799,44.0476,44.6581,44.1087,43.9255,34.0965,34.0965,34.8291,33.7302,26.3431,26.0989,26.3431,26.221,44.5971,44.6581,44.2308,44.9634,33.3639,33.3639,33.7302,33.0586,26.5873,25.5495,25.3053,30.0672,43.9866,44.3529,43.6813,44.2918,15.6593,15.232,30.9829,15.4762,15.3541,15.1099,38.9194,15.232,16.0867,15.232,15.8425,15.4151,35.3175,35.5006,36.0501,35.6838,97.2222,98.0769,97.2222,98.138,50.4579,50.2747,50.8242,50.7631,50,50,50,50,50.3968,50.5189,50.3358,50.3968,5.7081800000000005,0.396825,1.31258,57.5397,35.0733,52.8999,27.381,56.4408,31.5324,51.9231,2.77778,0.396825,1126.69,176.92,1466.54,0.0,1.0,1.0,1.0,1.0,0.0,0.07783949999999999,44.0308,43.927,44.44600000000001,43.927,0.129731,15.6711,94.3908,90.2458,92.4302,95.0064,0.0,7.9615399999999985,16.0465,0.0,0.0,-43.3856,97.5747,95.1803,43.4303,318.6620000000001,38.9283,297.257,288.86,41.8252,417.423,417.431,416.278,507.715,497.405,592.795,419.81,417.359,517.735,513.7959999999998,596.096,406.942,404.271,526.793,526.078,618.053,406.004,404.921,525.935,524.503,619.06,432.741,432.597,535.81,533.306,612.444,433.676,432.8130000000001,537.099,536.526,611.078,592.149,595.665,21.746,405.772,1137.84
2020-11-22 06:54:55,97.1001,97.5885,97.7717,98.6874,80.6777,80.2503,81.6545,81.5324,16.1477,15.9646,15.4762,14.9878,15.1099,14.9267,15.7814,15.5983,15.8425,15.0488,14.9878,15.4151,44.591,16.8498,25.1526,27.8877,95.3846,134.554,98.9988,79.7558,50,50,50,50,50.3358,50.1526,50.2747,50.2137,50,50,50,50,11.4469,11.2027,11.2637,11.8742,10.7143,11.569,11.0195,11.2637,11.8132,12.4847,11.9353,12.1184,54.9145,56.1355,54.6093,55.5861,26.5873,25.7326,26.221,26.16,44.9023,59.188,45.1465,44.0476,33.0586,33.547,32.8144,32.0208,28.3578,28.2357,28.1746,28.4799,44.0476,44.6581,44.1087,43.9255,34.0965,34.0965,34.1575,33.7302,26.3431,26.0989,26.3431,26.221,44.5971,44.6581,44.2308,44.9634,33.3639,33.3639,33.7302,33.0586,26.5873,26.5263,25.3053,30.0672,43.9866,44.3529,43.6813,44.2918,15.6593,15.232,30.9829,15.4762,15.3541,15.1099,38.9194,15.232,16.0867,15.232,15.8425,15.4151,35.3175,35.5006,36.0501,35.6838,97.2222,98.0769,97.2222,98.138,50.4579,50.2747,50.8242,50.7631,50,50,50,50,50.3968,50.5189,50.3358,50.3968,5.7081800000000005,0.396825,1.31258,57.5397,35.0733,52.8999,27.381,56.4408,31.5324,51.9231,2.77778,0.396825,1131.22,176.92,1469.92,0.0,1.0,1.0,1.0,1.0,0.0,0.07783949999999999,44.0308,43.927,44.44600000000001,43.927,0.129731,15.6711,95.7031,91.2929,90.9907,95.0064,0.0,8.06044,7.90407,0.0,0.0,-28.5512,97.5747,95.1803,44.139,314.825,37.8654,297.236,288.86,41.8252,417.423,417.431,416.278,507.715,497.405,592.795,419.81,417.359,517.878,513.7959999999998,596.096,406.942,404.271,526.793,526.078,618.053,406.004,404.921,525.935,524.503,619.06,432.741,432.597,535.81,533.306,612.444,433.676,432.8130000000001,537.099,536.526,611.078,592.149,595.665,21.746,404.715,1138.95
2020-11-22 06:55:00,97.1001,97.5885,97.7717,98.6874,80.6777,80.2503,81.6545,81.5324,16.1477,15.9646,15.4762,14.9878,15.1099,14.9267,15.7814,15.5983,15.8425,15.0488,14.9878,15.4151,44.591,16.8498,25.1526,29.1575,96.4591,134.554,98.1197,80.1465,50,50,50,50,50.3358,50.1526,50.2747,50.2137,50,50,50,50,11.4469,11.2027,11.2637,11.8742,10.7143,11.569,11.0195,11.2637,11.8132,12.4847,11.9353,12.1184,54.9145,56.1355,54.6093,55.5861,26.5873,25.7326,26.221,26.16,44.9023,59.188,45.1465,44.0476,33.0586,33.547,32.8144,32.0208,28.3578,28.2357,28.1746,28.4799,44.0476,44.6581,44.1087,43.9255,34.0965,34.0965,34.1575,33.7302,26.3431,26.0989,26.3431,26.221,44.5971,44.6581,44.2308,44.9634,33.3639,33.3639,33.7302,33.0586,26.5873,26.5263,25.3053,30.6166,43.9866,44.3529,43.6813,44.2918,15.6593,15.232,30.9829,15.4762,15.3541,15.1099,38.9194,15.232,16.0867,15.232,15.8425,15.4151,35.3175,35.5006,36.0501,35.6838,97.2222,98.0769,97.2222,98.138,50.4579,50.2747,50.8242,50.7631,50,50,50,50,50.3968,50.5189,50.3358,50.3968,5.7081800000000005,0.396825,1.31258,57.5397,35.0733,52.8999,27.381,56.4408,31.5324,51.9231,2.77778,0.396825,1127.76,176.92,1466.27,0.0,1.0,1.0,1.0,1.0,0.0,0.07783949999999999,44.0308,43.927,44.44600000000001,43.927,0.129731,14.9655,96.621,91.8777,92.0705,96.2754,0.0,8.06044,3.96174,0.0,0.0,-21.5366,97.5747,95.1803,44.7337,312.68,37.8654,296.158,288.86,41.8252,417.423,417.431,416.278,507.715,498.837,592.795,419.81,417.359,518.021,513.7959999999998,596.096,406.942,404.271,526.793,526.078,618.053,406.004,404.921,525.935,524.503,619.06,432.741,432.597,535.81,533.306,612.444,433.676,432.8130000000001,537.099,536.526,611.078,592.149,595.665,21.746,405.244,1138.95
2020-11-22 06:55:05,97.1001,97.5885,97.7717,98.6874,80.6777,80.2503,81.6545,81.5324,16.1477,15.9646,15.4762,14.9878,15.1099,14.9267,15.7814,15.5983,15.8425,15.0488,14.9878,15.4151,43.6142,15.7753,25.1526,29.1575,97.5336,136.80100000000002,98.1197,80.1465,50,50,50,50,50.3358,50.1526,50.2747,50.2137,50,50,50,50,11.4469,11.2027,11.2637,11.8742,9.92064,11.569,11.0195,11.2637,11.8132,12.4847,11.9353,12.1184,54.9145,56.1355,54.6093,55.5861,26.5873,25.7326,26.221,26.16,44.9023,59.188,45.1465,44.0476,33.0586,33.547,32.8144,32.0208,28.3578,28.2357,28.1746,28.4799,44.0476,44.6581,44.1087,43.9255,34.0965,34.0965,35.0122,34.9512,26.3431,26.0989,26.3431,26.221,44.5971,44.6581,44.2308,44.9634,33.3639,33.3639,33.7302,33.0586,26.5873,26.5263,25.3053,30.6166,43.9866,44.3529,43.6813,44.2918,15.6593,15.232,30.9829,15.4762,15.3541,15.1099,38.9194,15.232,16.0867,15.232,15.8425,15.4151,35.3175,35.5006,36.0501,35.6838,97.2222,98.0769,97.2222,98.138,50.4579,50.2747,50.8242,50.7631,50,50,50,50,50.3968,50.5189,50.3358,50.3968,5.7081800000000005,0.396825,1.31258,57.5397,35.0733,52.8999,27.381,56.4408,31.5324,51.9231,2.77778,0.396825,1125.44,177.456,1468.43,0.0,1.0,1.0,1.0,1.0,0.0,0.07783949999999999,44.0308,43.927,44.44600000000001,43.927,0.129731,14.9655,95.7622,89.5554,92.4315,96.2754,0.0,8.06044,13.6062,0.0,0.0,-16.1862,97.5747,95.1803,43.3725,311.841,37.6114,296.158,288.86,41.8252,417.423,417.431,416.278,508.717,501.485,592.795,419.81,417.359,518.021,513.7959999999998,596.096,406.942,404.271,526.793,526.078,618.053,406.004,404.921,525.935,524.503,619.06,432.741,432.597,535.81,533.306,612.444,433.676,432.8130000000001,537.099,536.526,611.078,592.149,595.665,21.746,405.244,1138.95
2020-11-22 06:55:10,97.1001,97.5885,97.7717,98.6874,80.6777,80.2503,81.6545,81.5324,16.1477,15.9646,15.4762,14.9878,15.1099,14.9267,15.7814,15.5983,15.8425,14.4994,14.9878,15.4151,43.6142,16.8498,24.0781,29.1575,95.58,137.68,96.6544,79.1697,50,50,50,50,50.3358,50.1526,50.2747,50.2137,50,50,50,50,11.4469,11.2027,11.2637,11.8742,10.7143,11.569,11.0195,11.2637,11.8132,12.4847,11.9353,12.1184,54.3651,56.1355,54.6093,55.5861,26.5873,25.7326,26.221,26.16,44.9023,59.188,45.1465,44.0476,33.0586,33.547,32.8144,34.768,28.3578,28.2357,28.1746,28.4799,44.0476,44.6581,44.1087,43.9255,34.0965,34.0965,35.0122,34.9512,26.3431,26.0989,26.3431,26.221,44.5971,44.6581,44.2308,44.9634,33.3639,33.3639,33.7302,33.0586,26.5873,26.8926,25.3053,30.6166,43.9866,44.3529,43.6813,44.2918,15.6593,15.232,30.9829,15.4762,15.3541,15.1099,38.9194,15.232,16.0867,15.232,15.8425,15.4151,35.3175,35.5006,36.0501,35.6838,97.2222,98.0769,97.2222,98.138,50.4579,50.2747,50.8242,50.7631,50,50,50,50,50.3968,50.5189,50.3358,50.3968,5.7081800000000005,0.396825,1.31258,57.5397,35.0733,52.8999,27.381,56.4408,31.5324,51.9231,2.77778,0.396825,1119.63,177.456,1466.11,0.0,1.0,1.0,1.0,1.0,0.0,0.07783949999999999,44.4979,43.927,44.44600000000001,43.927,0.129731,13.7012,95.027,91.4096,92.4315,96.2754,0.0,8.06044,19.1336,0.0,0.0,-0.954358,97.5747,95.1803,42.7827,312.536,38.4032,297.517,288.86,41.8252,417.423,417.431,416.278,508.717,501.485,592.795,419.81,417.359,518.164,513.7959999999998,596.096,406.942,404.271,526.793,526.078,618.053,406.004,404.921,525.935,524.503,619.06,432.741,432.597,535.81,533.306,612.444,433.676,432.8130000000001,537.099,536.526,611.078,592.149,595.665,21.746,405.244,1138.95
2020-11-22 06:55:15,97.1001,97.5885,97.7717,98.6874,80.6777,80.2503,81.6545,81.5324,16.1477,15.9646,15.4762,14.9878,15.1099,14.9267,15.7814,15.5983,15.8425,15.0488,14.9878,15.4151,43.6142,16.8498,23.199,27.9853,95.58,138.657,94.7985,77.8999,50,50,50,50,50.3358,50.1526,50.2747,50.2137,50,50,50,50,11.4469,11.2027,11.2637,11.8742,10.7143,11.569,11.0195,11.2637,11.8132,12.4847,11.9353,12.1184,55.0366,56.1355,54.6093,55.5861,26.5873,25.7326,26.221,26.16,44.9023,59.188,45.1465,44.0476,33.0586,33.547,32.8144,34.768,28.3578,28.2357,28.1746,28.4799,44.0476,44.6581,44.1087,43.9255,34.0965,34.0965,34.4017,34.9512,26.3431,26.0989,26.3431,26.221,44.5971,44.6581,44.2308,44.9634,33.3639,33.3639,33.7302,33.0586,26.5873,26.8926,25.3053,30.6166,43.9866,44.3529,43.6813,44.2918,15.6593,15.232,30.9829,15.4762,15.3541,15.1099,38.9194,15.232,16.0867,15.232,15.8425,15.4151,35.3175,35.5006,36.0501,35.6838,97.2222,98.0769,97.2222,98.138,50.4579,50.2747,50.8242,50.7631,50,50,50,50,50.3968,50.5189,50.3358,50.3968,5.7081800000000005,0.396825,1.31258,58.7607,35.0733,52.8999,27.381,56.4408,31.5324,51.9231,2.77778,0.396825,1121.93,177.456,1460.03,0.0,1.0,1.0,1.0,1.0,0.0,0.07783949999999999,44.4979,43.927,44.44600000000001,44.3941,0.129731,13.7012,95.027,92.2258,91.8179,96.2754,0.0,8.06044,19.4466,0.0,0.0,-17.3174,97.5747,95.1803,42.2576,313.946,37.6837,298.883,288.86,41.8252,417.423,417.431,416.278,508.717,500.387,592.795,419.81,417.359,518.164,513.7959999999998,596.096,406.942,404.271,526.793,526.078,618.053,406.004,404.921,525.935,524.503,619.06,432.741,432.597,535.81,533.306,612.444,433.676,432.8130000000001,537.099,536.526,611.078,592.149,595.665,21.746,404.715,1138.95
2020-11-22 06:55:20,97.1001,97.5885,97.7717,98.6874,80.6777,80.2503,81.6545,81.5324,16.1477,15.9646,15.4762,14.9878,15.1099,14.9267,15.7814,15.5983,15.8425,15.0488,14.9878,15.4151,42.735,16.8498,23.199,27.9853,94.7009,135.922,92.9426,77.8999,50,50,50,50,50.3358,50.1526,50.2747,50.2137,50,50,50,50,11.4469,11.2027,11.2637,11.8742,10.7143,11.569,11.0195,11.2637,11.8132,12.4847,11.9353,12.1184,55.0366,56.1355,54.6093,55.5861,26.5873,25.7326,26.221,26.16,44.9023,59.188,45.1465,44.0476,33.0586,33.547,32.8144,34.768,28.3578,28.2357,28.1746,28.4799,44.0476,44.6581,44.1087,43.9255,34.0965,34.0965,33.8523,34.9512,26.3431,26.0989,26.3431,26.221,44.5971,44.6581,44.2308,44.9634,33.3639,33.3639,33.7302,33.0586,26.5873,26.8926,25.3053,30.6166,43.9866,44.3529,43.6813,44.2918,15.6593,15.232,30.9829,15.4762,15.3541,15.1099,38.9194,15.232,16.0867,15.232,15.8425,15.4151,35.3175,35.5006,36.0501,35.6838,97.2222,98.0769,97.2222,98.138,50.4579,50.2747,50.8242,50.7631,50,50,50,50,50.3968,50.5189,50.3358,50.3968,5.7081800000000005,0.396825,1.31258,58.7607,35.0733,52.8999,27.381,56.4408,31.5324,51.9231,2.77778,0.396825,1123.09,177.456,1460.14,0.0,1.0,1.0,1.0,1.0,0.0,0.07783949999999999,44.4979,43.927,44.44600000000001,44.3941,0.129731,14.3186,95.027,91.5216,91.0639,98.1645,0.0,8.06044,13.5907,0.0,0.0,-5.99033,97.5747,95.1803,40.8183,315.668,36.6963,300.828,288.86,41.8252,417.423,417.431,416.278,508.717,499.385,592.795,419.81,417.359,518.307,513.7959999999998,596.096,406.942,404.271,526.793,526.078,618.053,406.004,404.921,525.935,524.503,619.06,432.741,432.597,535.81,533.306,612.444,433.676,432.8130000000001,537.099,536.526,611.078,592.149,595.665,21.746,405.244,1138.95
2020-11-22 06:55:25,97.1001,97.5885,97.7717,98.6874,80.6777,80.2503,81.6545,81.5324,16.1477,15.9646,15.4762,14.9878,15.1099,14.9267,15.7814,15.5983,15.8425,15.0488,14.9878,15.4151,43.6142,15.9707,23.199,27.1062,94.7009,134.554,90.7936,77.8999,50,50,50,50,50.3358,50.1526,50.2747,50.2137,50,50,50,50,11.4469,11.2027,11.2637,11.8742,10.7143,11.569,11.0195,11.2637,11.8132,12.4847,11.9353,12.1184,55.0366,56.1355,54.6093,55.5861,26.5873,25.7326,26.221,26.16,44.9023,59.188,45.1465,44.0476,33.0586,33.547,32.8144,34.768,28.3578,28.2357,28.1746,28.4799,44.5971,44.6581,44.1087,43.9255,34.0965,34.0965,34.707,34.9512,26.3431,26.0989,26.3431,26.221,45.2686,44.6581,44.2308,44.9634,33.3639,33.3639,33.7302,33.0586,26.5873,25.7326,25.3053,30.6166,43.9866,44.3529,43.6813,44.2918,15.6593,15.232,30.9829,15.4762,15.3541,15.1099,38.9194,15.232,16.0867,15.232,15.8425,15.4151,35.3175,35.5006,36.0501,35.6838,97.2222,98.0769,97.2222,98.138,50.4579,50.2747,50.8242,50.7631,50,50,50,50,50.3968,50.5189,50.3358,50.3968,5.7081800000000005,0.396825,1.31258,58.7607,35.0733,52.8999,27.381,56.4408,31.5324,51.9231,2.77778,0.396825,1132.38,177.456,1462.41,0.0,1.0,1.0,1.0,1.0,0.0,0.07783949999999999,44.4979,43.927,44.44600000000001,44.3941,0.129731,14.3186,96.3113,91.0785,91.0639,96.4615,0.0,8.06044,5.10639,0.0,0.0,-30.7502,97.5747,95.1803,40.1628,317.319,37.3833,302.215,288.86,41.8252,417.423,417.431,416.278,509.719,499.385,592.795,419.81,417.359,518.451,513.7959999999998,596.096,406.942,404.271,526.793,526.078,618.053,406.004,404.921,525.935,524.503,619.06,432.741,432.597,535.81,533.306,612.444,433.676,432.8130000000001,537.099,536.526,611.078,592.149,595.665,21.746,404.715,1138.95
2020-11-22 06:55:30,97.1001,97.5885,97.7717,98.6874,80.6777,80.2503,81.6545,81.5324,16.1477,15.9646,15.4762,14.9878,15.1099,14.9267,15.7814,15.5983,15.8425,15.0488,14.9878,15.4151,43.6142,15.9707,23.199,27.1062,94.7009,135.531,91.2821,77.8999,50,50,50,50,50.3358,50.1526,50.2747,50.2137,50,50,50,50,11.4469,11.2027,11.2637,11.8742,10.7143,11.569,11.0195,11.2637,11.8132,12.4847,11.9353,12.1184,55.0366,56.1355,54.6093,55.5861,26.5873,25.7326,26.221,26.16,44.9023,59.188,45.1465,44.0476,33.0586,33.547,32.8144,33.7912,28.3578,28.2357,28.1746,28.4799,44.5971,44.6581,44.1087,43.9255,34.0965,34.0965,34.707,34.9512,26.3431,26.0989,26.3431,26.221,45.2686,44.6581,44.2308,45.69600000000001,33.3639,33.3639,33.7302,33.0586,26.5873,26.8926,25.3053,30.6166,43.9866,44.3529,43.6813,44.2918,15.6593,15.232,30.9829,15.4762,15.3541,15.1099,38.9194,15.232,16.0867,15.232,15.8425,15.4151,35.3175,35.5006,36.0501,35.6838,97.2222,98.0769,97.2222,98.138,50.4579,50.2747,50.8242,50.7631,50,50,50,50,50.3968,50.5189,50.3358,50.3968,5.7081800000000005,0.396825,1.31258,58.7607,35.0733,52.8999,27.381,56.4408,31.5324,51.9231,2.77778,0.396825,1132.45,177.456,1455.6,0.0,1.0,1.0,1.0,1.0,0.0,0.07783949999999999,44.4979,43.927,44.44600000000001,44.3941,0.129731,14.3186,96.6621,88.8935,92.8379,96.1922,0.0,8.06044,4.98442,0.0,0.0,-18.2349,97.5747,95.1803,40.8285,317.319,36.7671,304.427,288.86,41.8252,417.423,417.431,416.278,509.719,500.483,592.795,419.81,417.359,518.451,514.798,596.096,406.942,404.271,526.793,526.078,618.053,406.004,404.921,525.935,524.503,619.06,432.741,432.597,535.81,533.306,612.444,433.676,432.8130000000001,537.099,536.526,611.078,592.149,595.665,21.746,404.715,1138.95
2020-11-22 06:55:35,97.1001,97.5885,97.7717,98.6874,80.6777,80.2503,81.6545,81.5324,16.1477,15.9646,15.4762,14.9878,15.1099,14.9267,15.7814,15.5983,15.8425,15.0488,14.9878,15.4151,43.6142,15.9707,23.199,27.1062,94.7009,135.531,94.4078,78.779,50,50,50,50,50.3358,50.1526,50.2747,50.2137,50,50,50,50,11.4469,11.2027,11.2637,11.8742,11.2637,11.569,11.0195,11.2637,11.8132,12.4847,11.9353,12.1184,55.0366,56.1355,54.6093,55.5861,26.5873,25.7326,26.221,26.16,44.9023,59.188,45.1465,44.0476,33.0586,33.547,32.8144,33.7912,28.3578,28.2357,28.1746,28.4799,44.5971,44.6581,44.1087,43.9255,34.0965,34.0965,34.707,34.9512,26.3431,26.0989,26.3431,26.221,45.2686,44.6581,44.2308,44.9023,33.3639,33.3639,33.7302,33.0586,26.5873,26.8926,25.3053,30.6166,43.9866,44.3529,43.6813,44.2918,15.6593,15.232,30.9829,15.4762,15.3541,15.1099,38.9194,15.232,16.0867,15.232,15.8425,15.4151,35.3175,35.5006,36.0501,35.6838,97.2222,98.0769,97.2222,98.138,50.4579,50.2747,50.8242,50.7631,50,50,50,50,50.3968,50.5189,50.3358,50.3968,5.7081800000000005,0.396825,1.31258,58.7607,35.0733,53.9988,27.381,56.4408,31.5324,51.9231,2.77778,0.396825,1132.34,177.456,1459.43,0.0,1.0,1.0,1.0,1.0,0.0,0.07783949999999999,44.4979,44.3941,44.913,44.3941,0.129731,14.3186,95.9442,89.285,92.2004,94.9858,0.0,8.06044,4.3202099999999986,0.0,0.0,-49.5259,97.5747,95.1803,41.3747,320.135,36.7671,305.51,288.86,41.8252,417.423,417.431,416.278,509.719,503.06,592.795,419.81,417.359,518.594,514.798,596.096,406.942,404.271,526.793,526.078,618.053,406.004,404.921,525.935,524.503,619.06,432.741,432.597,535.81,533.306,612.444,433.676,432.8130000000001,537.099,536.526,611.078,592.149,595.665,21.746,404.715,1138.95
2020-11-22 06:55:40,97.1001,97.5885,97.7717,98.6874,80.6777,80.2503,81.6545,81.5324,16.1477,15.9646,15.4762,14.9878,15.1099,14.9267,15.7814,15.5983,15.8425,14.4994,14.9878,15.4151,43.6142,15.9707,24.0781,25.9341,94.7009,135.531,97.8266,78.779,50,50,50,50,50.3358,50.1526,50.2747,50.2137,50,50,50,50,11.4469,11.2027,11.2637,11.8742,11.2637,11.569,11.0195,11.2637,11.8132,12.4847,11.9353,12.1184,55.0366,56.1355,54.6093,55.5861,26.5873,25.7326,26.221,26.16,44.9023,59.188,45.1465,44.0476,33.0586,33.547,34.5849,33.7912,28.3578,28.2357,28.1746,28.4799,44.5971,44.6581,44.1087,43.9255,34.0965,34.0965,34.707,34.9512,26.3431,26.0989,26.3431,26.221,45.2686,44.6581,44.2308,44.9023,33.3639,33.3639,33.7302,33.0586,26.5873,26.3431,25.3053,30.6166,43.9866,44.3529,43.6813,44.2918,15.6593,15.232,30.9829,15.4762,15.3541,15.1099,38.9194,15.232,16.0867,15.232,15.8425,15.4151,35.3175,35.5006,36.0501,35.6838,97.2222,98.0769,97.2222,98.138,50.4579,50.2747,50.8242,50.7631,50,50,50,50,50.3968,50.5189,50.3358,50.3968,5.7081800000000005,0.396825,1.31258,58.7607,35.0733,53.9988,27.381,56.4408,31.5324,51.9231,2.77778,0.396825,1134.65,177.995,1458.29,0.0,1.0,1.0,1.0,1.0,0.0,0.07783949999999999,44.4979,44.3941,44.913,44.3941,0.129731,14.3186,96.6182,89.9897,90.6616,95.0371,0.0,8.06044,4.90946,0.0,0.0,-23.2505,97.5747,95.1803,40.7074,320.719,36.7671,305.51,288.86,41.8252,417.423,417.431,416.278,509.719,504.467,592.795,419.81,417.359,518.594,514.798,596.096,406.942,404.271,526.793,526.078,618.053,406.004,404.921,525.935,524.503,619.06,432.741,432.597,535.81,533.306,612.444,433.676,432.8130000000001,537.099,536.526,611.078,591.144,595.665,21.746,404.186,1138.95
2020-11-22 06:55:45,97.1001,97.5885,97.7717,98.6874,80.6777,80.2503,81.6545,81.5324,16.1477,15.9646,15.4762,14.9878,15.1099,14.9267,15.7814,14.9878,15.8425,15.1099,14.9878,15.4151,43.6142,15.9707,24.0781,25.9341,95.6777,135.531,99.5849,78.779,50,50,50,50,50.3358,50.1526,50.2747,50.2137,50,50,50,50,11.4469,11.2027,11.2637,11.8742,11.2637,10.7143,11.0195,11.2637,11.8132,12.4847,11.9353,12.1184,55.0366,56.1355,54.6093,55.5861,26.5873,25.7326,26.221,26.16,44.9023,59.188,45.1465,44.0476,33.0586,33.547,32.8755,33.7912,28.3578,28.2357,28.1746,28.4799,44.5971,44.6581,44.1087,43.9255,34.0965,34.0965,34.707,34.9512,26.3431,26.0989,26.3431,26.221,45.2686,44.6581,44.7802,44.9023,33.3639,33.3639,33.7302,33.0586,26.5873,26.3431,25.3053,30.6166,43.9866,44.3529,43.6813,44.2918,15.6593,15.232,30.9829,15.4762,15.3541,15.1099,38.9194,15.232,16.0867,15.232,15.8425,15.4151,35.3175,35.5006,36.0501,35.6838,97.2222,98.0769,97.2222,98.138,50.4579,50.2747,50.8242,50.7631,50,50,50,50,50.3968,50.5189,50.3358,50.3968,5.7081800000000005,0.396825,1.31258,58.7607,35.0733,53.9988,27.381,56.4408,31.5324,53.1441,2.77778,0.396825,1138.14,177.995,1467.4,0.0,1.0,1.0,1.0,1.0,0.0,0.07783949999999999,44.4979,44.3941,44.913,44.3941,0.129731,14.3186,95.1657,88.96799999999998,91.6516,95.9334,0.0,8.06044,6.84139,0.0,0.0,-15.8914,97.5747,95.1803,41.4423,320.719,36.2223,302.6620000000001,288.86,41.8252,417.423,417.431,416.278,509.719,505.47,591.79,419.81,417.359,518.594,514.798,596.096,406.942,404.271,526.793,526.078,618.053,406.004,404.921,525.935,524.503,619.06,432.741,432.597,535.81,533.306,612.444,433.676,432.8130000000001,537.099,536.526,611.078,591.144,595.665,21.746,404.186,1138.95
2020-11-22 06:55:50,97.1001,97.5885,97.7717,98.6874,80.6777,80.2503,81.6545,81.5324,16.1477,15.9646,15.4762,14.9878,15.1099,14.9267,15.7814,15.8425,15.8425,15.1099,14.9878,15.4151,44.6886,15.9707,23.199,25.9341,95.6777,133.089,99.5849,79.6581,50,50,50,50,50.3358,50.1526,50.2747,50.2137,50,50,50,50,11.4469,11.2027,11.2637,11.8742,11.2637,10.7143,11.0195,11.2637,11.8132,12.4847,11.9353,12.1184,55.0366,56.1355,54.6093,55.5861,26.5873,25.7326,26.221,26.16,44.9023,59.8596,45.1465,44.0476,33.0586,33.547,32.8755,33.1807,28.3578,28.2357,28.1746,28.4799,44.5971,44.6581,44.1087,43.9255,34.0965,34.0965,34.707,34.9512,26.3431,26.0989,26.3431,26.221,45.2686,44.6581,44.7802,44.9023,33.3639,33.3639,33.7302,33.0586,26.5873,26.8926,25.3053,30.6166,43.9866,44.3529,43.6813,44.2918,15.6593,15.232,30.9829,15.4762,15.3541,15.1099,38.9194,15.232,16.0867,15.232,15.8425,15.4151,35.3175,35.5006,36.0501,35.6838,97.2222,98.0769,97.2222,98.138,50.4579,50.2747,50.8242,50.7631,50,50,50,50,50.3968,50.5189,50.3358,50.3968,5.7081800000000005,0.396825,1.31258,58.7607,35.0733,53.9988,27.381,56.4408,31.5324,53.1441,2.77778,0.396825,1137.0,177.995,1470.45,0.0,1.0,1.0,1.0,1.0,0.0,0.07783949999999999,44.4979,44.3941,44.913,44.3941,0.129731,14.3186,95.9385,91.36,90.6603,96.6392,0.0,7.9615399999999985,5.00889,0.0,0.0,-1.33455,97.5747,95.1803,40.0441,320.719,36.1877,300.519,288.86,41.8252,417.423,417.431,416.278,510.721,506.472,591.79,419.81,417.359,518.737,514.798,596.096,406.942,404.271,526.793,526.078,618.053,406.004,404.921,525.935,524.503,619.06,432.741,432.597,535.81,533.306,612.444,433.676,432.8130000000001,537.099,536.526,611.078,591.144,595.665,21.746,404.186,1139.53
2020-11-22 06:55:55,97.1001,97.5885,97.7717,98.6874,80.6777,80.2503,81.6545,81.5324,16.1477,15.9646,15.4762,14.9878,15.1099,14.9267,15.7814,15.8425,15.8425,15.1099,14.9878,15.4151,44.6886,15.9707,23.199,25.9341,94.6032,133.089,99.5849,80.5372,50,50,50,50,50.3358,50.1526,50.2747,50.2137,50,50,50,50,11.4469,11.2027,11.2637,11.8742,11.2637,10.7143,11.0195,11.2637,11.8132,12.4847,11.9353,12.1184,55.0366,56.1355,54.6093,55.5861,26.5873,25.7326,26.221,26.16,44.9023,59.8596,45.1465,44.0476,33.0586,33.547,32.8755,33.1807,28.3578,28.2357,28.1746,28.4799,44.5971,44.6581,44.1087,43.9255,34.0965,34.0965,34.707,34.9512,26.3431,26.0989,26.3431,26.221,45.2686,44.6581,44.7802,44.9023,33.3639,33.3639,33.7302,33.0586,26.5873,26.8926,25.3053,30.6166,43.9866,44.3529,44.4139,44.2918,15.6593,15.232,30.9829,15.4762,15.3541,15.1099,38.9194,15.232,16.0867,15.232,15.8425,15.4151,35.3175,35.5006,36.0501,35.6838,97.2222,98.0769,97.2222,98.138,50.4579,50.2747,50.8242,50.7631,50,50,50,50,50.3968,50.5189,50.3358,50.3968,5.7081800000000005,0.396825,1.31258,58.7607,35.0733,53.9988,27.381,56.4408,31.5324,53.1441,2.77778,0.396825,1135.76,178.50400000000005,1462.08,0.0,1.0,1.0,1.0,1.0,0.0,0.07783949999999999,44.4979,44.3941,44.913,44.3941,0.129731,14.3186,95.9385,90.3134,91.5719,96.4239,0.0,7.9615399999999985,4.40497,0.0,0.0,-3.67876,97.5747,95.1803,40.6271,321.846,36.7492,301.066,288.86,41.8252,417.423,417.431,416.278,510.721,507.641,591.79,419.81,417.359,518.737,514.798,597.101,406.942,404.271,526.793,526.078,618.053,406.004,404.921,525.935,524.503,619.06,432.741,432.597,535.81,533.306,612.444,433.676,432.8130000000001,537.099,536.526,611.078,591.144,596.67,21.746,404.186,1139.53
2020-11-22 06:56:00,97.1001,97.5885,97.7717,98.6874,80.6777,80.2503,81.6545,81.5324,16.1477,15.9646,15.4762,14.9878,15.1099,14.9267,15.7814,15.8425,15.8425,15.1099,14.9878,15.4151,44.6886,17.0452,24.2735,25.9341,96.7521,133.968,98.6081,80.5372,50,50,50,50,50.3358,50.1526,50.2747,50.2137,50,50,50,50,11.4469,11.2027,11.2637,11.8742,11.2637,10.7143,11.0195,11.2637,11.8132,12.4847,11.9353,12.1184,55.0366,56.1355,54.6093,55.5861,26.5873,25.7326,26.221,26.16,44.9023,59.8596,45.1465,44.0476,33.0586,33.547,32.8755,33.1807,28.3578,28.2357,28.1746,28.4799,44.5971,44.6581,44.1087,43.9255,34.0965,34.0965,34.707,34.9512,26.3431,26.6484,26.3431,26.221,45.2686,44.6581,44.7802,44.9023,33.3639,33.3639,33.7302,33.0586,26.5873,25.6105,25.3053,30.6166,43.9866,44.3529,44.4139,44.2918,15.6593,15.232,30.9829,15.4762,15.3541,15.1099,38.9194,15.232,16.0867,15.232,15.8425,15.4151,35.3175,35.5006,36.0501,35.6838,97.2222,98.0769,97.2222,98.138,50.4579,50.2747,50.8242,50.7631,50,50,50,50,50.3968,50.5189,50.3358,50.3968,5.7081800000000005,0.396825,1.31258,58.7607,35.0733,53.9988,27.381,56.4408,31.5324,53.1441,2.77778,0.396825,1136.91,178.50400000000005,1461.88,0.0,1.0,1.0,1.0,1.0,0.0,0.07783949999999999,44.4979,44.3941,44.913,44.3941,0.129731,14.3186,95.1359,89.1948,91.6207,96.4239,0.0,7.9615399999999985,7.102810000000002,0.0,0.0,-13.0336,97.5747,95.1803,41.2113,321.303,36.7492,303.2390000000001,288.86,41.8252,417.423,417.431,416.278,510.721,507.641,591.79,419.81,417.359,518.737,514.798,597.101,406.942,404.271,526.793,526.078,618.053,406.004,404.921,525.935,524.503,619.06,432.741,432.597,535.81,533.306,612.444,433.676,432.8130000000001,537.099,536.526,611.078,591.144,596.67,21.746,404.186,1140.08
2020-11-22 06:56:05,97.1001,97.5885,97.7717,98.6874,80.6777,80.2503,81.6545,81.5324,16.1477,15.9646,15.4762,14.9878,15.1099,14.9267,15.7814,15.8425,15.8425,15.1099,14.9878,15.4151,44.6886,17.0452,25.2503,26.9109,96.7521,135.727,98.6081,80.5372,50,50,50,50,50.3358,50.1526,50.2747,50.2137,50,50,50,50,11.4469,11.2027,11.2637,11.8742,11.2637,10.7143,11.0195,11.2637,11.8132,12.4847,11.9353,12.1184,55.0366,56.1355,54.6093,55.5861,26.5873,25.7326,26.221,26.16,44.9023,59.8596,45.1465,44.0476,33.0586,33.547,32.8755,32.5702,28.3578,28.2357,28.1746,28.4799,44.5971,44.6581,44.1087,43.9255,34.0965,34.0965,34.707,34.9512,26.3431,26.6484,26.3431,26.221,45.2686,44.6581,44.7802,44.9023,33.3639,33.3639,33.7302,33.0586,26.5873,26.8926,25.3053,30.6166,43.9866,44.3529,44.4139,44.2918,15.6593,15.232,30.9829,15.4762,15.3541,15.1099,38.9194,15.232,16.0867,15.232,15.8425,15.4151,35.3175,35.5006,36.0501,35.6838,97.2222,98.0769,97.2222,98.138,50.4579,50.2747,50.8242,50.7631,50,50,50,50,50.3968,50.5189,50.3358,50.3968,5.7081800000000005,0.396825,1.31258,58.7607,35.0733,53.9988,27.381,56.4408,31.5324,53.1441,2.77778,0.396825,1139.2,178.50400000000005,1465.41,0.0,1.0,1.0,1.0,1.0,0.0,0.07783949999999999,44.4979,44.3941,44.913,44.3941,0.129731,14.3186,94.4753,89.92,90.9987,97.1386,0.0,7.9615399999999985,6.894660000000001,0.0,0.0,2.64814,97.5747,95.1803,43.8881,318.232,37.276,303.764,288.86,41.8252,417.423,417.431,416.278,510.721,508.715,591.79,419.81,417.359,518.737,514.798,597.101,406.942,404.271,526.793,526.078,618.053,406.004,404.921,525.935,524.503,619.06,432.741,432.597,535.81,533.306,612.444,433.676,432.8130000000001,537.099,536.526,611.078,591.144,596.67,21.746,404.715,1140.59
2020-11-22 06:56:10,97.1001,97.5885,97.7717,98.6874,80.6777,80.2503,81.6545,81.5324,16.1477,15.9646,15.4762,14.9878,15.1099,14.9267,15.7814,14.9267,15.8425,14.5604,14.9878,15.4151,44.6886,17.0452,24.2735,25.5433,98.7057,136.606,100.562,80.5372,50,50,50,50,50.3358,50.1526,50.2747,50.2137,50,50,50,50,11.4469,11.2027,11.2637,11.8742,11.2637,10.7143,11.0195,11.2637,11.8132,12.4847,11.9353,12.1184,55.0366,56.1355,54.6093,55.5861,26.5873,25.7326,26.221,26.16,44.9023,59.8596,45.1465,44.0476,33.0586,33.547,32.8755,32.5702,28.3578,28.2357,28.1746,28.4799,44.5971,44.6581,44.1087,43.9255,34.0965,34.0965,34.707,34.9512,26.3431,26.6484,27.0757,26.221,45.2686,45.2686,44.7802,44.9023,33.3639,33.3639,33.7302,33.0586,26.5873,26.8926,25.3053,30.6166,43.9866,44.3529,44.4139,44.2918,15.6593,15.232,30.9829,15.4762,15.3541,15.1099,38.9194,15.232,16.0867,15.232,15.8425,15.4151,35.3175,35.5006,36.0501,35.6838,97.2222,98.0769,97.2222,98.138,50.4579,50.2747,50.8242,50.7631,50,50,50,50,50.3968,50.5189,50.3358,50.3968,5.7081800000000005,0.396825,1.31258,58.7607,35.0733,53.9988,27.381,56.4408,31.5324,53.1441,2.77778,0.396825,1136.91,178.50400000000005,1467.75,0.0,1.0,1.0,1.0,1.0,0.0,0.07783949999999999,44.4979,44.3941,44.913,44.3941,0.129731,14.3186,96.799,92.3071,90.2316,97.1386,0.0,7.9615399999999985,4.70348,0.0,0.0,-19.9513,97.5747,95.1803,43.3446,317.648,37.276,303.764,288.86,41.8252,417.423,417.431,416.278,511.723,508.715,591.79,419.81,417.359,518.737,514.798,597.101,406.942,404.271,526.793,526.078,618.053,406.004,404.921,525.935,524.503,619.06,432.741,432.597,535.81,533.306,612.444,433.676,432.8130000000001,537.099,536.526,611.078,591.144,596.67,21.746,404.715,1140.59
2020-11-22 06:56:15,97.1001,97.5885,97.7717,98.6874,80.6777,80.2503,81.6545,81.5324,16.1477,15.9646,15.4762,14.9878,15.1099,14.9267,15.7814,14.9267,15.8425,15.1099,14.9878,15.4151,44.6886,17.0452,24.2735,25.5433,97.5336,137.485,100.562,80.5372,50,50,50,50,50.3358,50.1526,50.2747,50.2137,50,50,50,50,11.4469,11.2027,11.2637,11.8742,11.2637,10.7143,11.0195,11.2637,11.8132,12.4847,11.9353,12.1184,54.4872,56.1355,54.6093,55.5861,26.5873,25.7326,26.221,26.16,44.9023,59.8596,45.1465,44.0476,33.0586,33.547,33.7302,32.0208,28.3578,28.2357,28.1746,28.4799,44.5971,44.6581,44.1087,43.9255,34.0965,34.0965,34.707,34.9512,26.3431,26.6484,27.0757,26.221,45.2686,45.2686,44.7802,44.9023,33.3639,33.3639,33.7302,33.0586,26.5873,26.8926,25.3053,30.6166,43.9866,44.3529,44.4139,44.2918,15.6593,15.232,30.9829,15.4762,15.3541,15.1099,38.9194,15.232,16.0867,15.232,15.8425,15.4151,35.3175,35.5006,36.0501,35.6838,97.2222,98.0769,97.2222,98.138,50.4579,50.2747,50.8242,50.7631,50,50,50,50,50.3968,50.5189,50.3358,50.3968,5.7081800000000005,0.396825,1.31258,58.7607,33.486,53.9988,27.381,56.4408,31.5324,53.1441,2.77778,0.396825,1136.97,178.50400000000005,1469.58,0.0,1.0,1.0,1.0,1.0,0.0,0.07783949999999999,44.4979,44.3941,44.913,44.3941,0.129731,13.6571,96.1567,90.3883,91.0734,97.3608,0.0,7.9615399999999985,11.6461,0.0,0.0,-17.647000000000006,97.5747,95.1803,43.3446,315.747,37.276,305.481,288.86,41.8252,417.423,417.431,416.278,511.723,509.931,591.79,419.81,417.359,518.737,514.798,597.101,406.942,404.271,526.793,526.078,618.053,406.004,404.921,525.935,524.503,619.06,432.741,432.597,535.81,533.306,612.444,433.676,432.8130000000001,537.099,536.526,611.078,591.144,596.67,21.746,404.715,1141.1
2020-11-22 06:56:20,97.1001,97.5885,97.7717,98.6874,80.6777,80.2503,81.6545,81.5324,16.1477,15.9646,15.4762,14.9878,15.1099,14.9267,15.7814,14.9267,15.8425,15.1099,14.9878,15.4151,44.6886,16.0684,24.2735,25.5433,98.5104,137.485,102.906,80.5372,50,50,50,50,50.3358,50.1526,50.2747,50.2137,50,50,50,50,11.4469,11.2027,11.2637,11.8742,11.2637,10.7143,11.0195,11.2637,11.8132,12.4847,11.9353,12.1184,54.4872,56.1355,54.6093,55.5861,26.5873,25.7326,26.221,26.16,44.9023,59.8596,45.1465,45.1465,33.0586,33.547,33.7302,36.2943,28.3578,28.2357,28.1746,28.4799,44.5971,44.6581,44.1087,43.9255,34.0965,34.0965,34.707,34.9512,26.3431,26.6484,27.0757,26.221,45.2686,45.8181,44.7802,44.9023,33.3639,33.3639,33.7302,33.0586,26.5873,25.9158,25.3053,30.6166,43.9866,44.3529,44.4139,44.2918,15.6593,15.232,30.9829,15.4762,15.3541,15.1099,38.9194,15.232,16.0867,15.232,15.8425,15.4151,35.3175,35.5006,36.0501,35.6838,97.2222,98.0769,97.2222,98.138,50.4579,50.2747,50.8242,50.7631,50,50,50,50,50.3968,50.5189,50.3358,50.3968,5.7081800000000005,0.396825,1.31258,58.7607,33.486,53.9988,27.381,56.4408,31.5324,53.1441,2.77778,0.396825,1141.58,178.50400000000005,1471.3,0.0,1.0,1.0,1.0,1.0,0.0,0.07783949999999999,44.4979,44.3941,44.913,44.3941,0.129731,13.6571,96.1567,91.7697,91.733,95.8403,0.0,7.9615399999999985,7.3025699999999985,0.0,0.0,1.10179,97.5747,95.1803,42.8434,312.985,37.9846,304.108,288.86,41.8252,417.423,417.431,416.278,511.723,509.931,591.79,418.801,416.35,518.737,514.798,597.101,406.942,404.271,526.793,526.078,618.053,406.004,404.921,525.935,524.503,619.06,432.741,432.597,535.81,533.306,612.444,433.676,432.8130000000001,537.099,536.526,611.078,591.144,596.67,21.746,404.186,1141.69
2020-11-22 06:56:25,97.1001,97.5885,97.7717,98.6874,80.6777,81.8987,81.6545,81.5324,16.1477,15.9646,14.9267,14.9878,15.1099,14.9267,15.7814,14.9267,15.8425,15.1099,14.9878,15.4151,44.6886,14.9939,24.2735,25.641,97.5336,136.41,102.906,81.6117,50,50,50,50,50.3358,50.1526,50.2747,50.2137,50,50,50,50,11.4469,11.2027,11.2637,11.8742,11.2637,10.7143,11.0195,11.2637,11.8132,12.4847,11.9353,12.1184,54.4872,56.1355,54.6093,55.5861,26.5873,25.7326,26.221,26.16,44.9023,59.8596,45.1465,45.1465,33.0586,33.547,33.7302,36.2943,28.3578,28.2357,28.1746,28.4799,44.5971,44.6581,44.1087,43.9255,34.0965,34.0965,34.707,34.9512,26.3431,26.6484,27.0757,26.221,45.2686,45.8181,44.7802,44.9023,33.3639,33.3639,33.7302,33.0586,26.5873,27.0147,25.3053,30.6166,43.9866,44.3529,44.4139,44.2918,15.6593,15.232,30.9829,15.4762,15.3541,15.1099,38.9194,15.232,16.0867,15.232,15.8425,15.4151,35.3175,35.5006,36.0501,35.6838,97.2222,98.0769,97.2222,98.138,50.4579,50.2747,50.8242,50.7631,50,50,50,50,50.3968,50.5189,50.3358,50.3968,5.7081800000000005,0.396825,1.31258,58.7607,33.486,53.9988,25.3663,57.6618,31.5324,53.1441,2.77778,0.396825,1140.4,179.06,1473.87,0.0,1.0,1.0,1.0,1.0,0.0,0.07783949999999999,44.4979,44.3941,44.913,44.3941,0.129731,14.3333,96.2881,89.6259,92.8316,97.1249,0.0,7.9615399999999985,4.98452,0.0,0.0,1.56974,97.5747,95.1803,40.698,316.284,38.8566,301.3520000000001,288.86,41.8252,417.423,417.431,416.278,511.723,509.931,591.79,418.801,416.35,518.737,514.798,597.101,406.942,404.271,526.793,526.078,618.053,406.004,404.921,525.935,524.503,619.06,432.741,432.597,535.81,533.306,613.45,433.676,432.8130000000001,537.099,536.526,611.078,591.144,596.67,21.746,404.715,1142.72
2020-11-22 06:56:30,97.1001,97.5885,97.7717,98.6874,80.6777,81.8987,81.6545,81.5324,16.1477,15.9646,14.9267,14.9878,15.1099,14.9267,15.7814,14.9267,15.8425,15.1099,14.9878,15.4151,44.6886,14.9939,23.3944,26.9109,97.5336,136.703,101.734,81.6117,50,50,50,50,50.3358,50.1526,50.2747,50.2137,50,50,50,50,11.4469,11.2027,11.2637,11.8742,11.2637,10.7143,11.0195,11.2637,11.8132,12.4847,11.9353,12.1184,54.4872,56.1355,54.6093,55.5861,26.5873,25.7326,26.221,26.16,44.9023,59.8596,44.536,45.1465,33.0586,33.547,33.7302,35.5006,28.3578,28.2357,28.1746,28.4799,44.5971,44.6581,44.6581,43.9255,34.0965,34.0965,34.707,34.4017,26.3431,26.6484,27.0757,26.221,45.2686,45.2686,44.7802,45.5128,33.3639,33.3639,33.7302,33.0586,26.5873,27.0147,25.3053,30.6166,43.9866,44.3529,44.4139,44.2918,15.6593,15.232,30.9829,15.4762,15.3541,15.1099,38.9194,15.232,16.0867,15.232,15.8425,15.4151,35.3175,35.5006,36.0501,35.6838,97.2222,98.0769,97.2222,98.138,50.4579,50.2747,50.8242,50.7631,50,50,50,50,50.3968,50.5189,50.3358,50.3968,5.7081800000000005,0.396825,1.31258,58.7607,33.486,53.9988,25.3663,57.6618,31.5324,53.1441,2.77778,0.396825,1141.55,179.06,1474.72,0.0,1.0,1.0,1.0,1.0,0.0,0.07783949999999999,44.4979,44.3941,44.913,44.3941,0.129731,14.3333,96.2881,90.0322,92.8316,97.0717,0.0,7.9615399999999985,7.32695,0.0,0.0,-19.6277,97.5747,95.1803,39.1537,319.284,38.8566,300.519,288.86,41.8252,417.423,417.431,416.278,512.725,509.931,591.79,418.801,416.35,518.737,514.798,597.101,406.942,404.271,526.793,526.078,618.053,406.004,404.921,525.935,524.503,619.06,432.741,432.597,535.81,533.306,613.45,433.676,432.8130000000001,537.099,536.526,612.0840000000002,591.144,596.67,21.746,404.715,1142.72
2020-11-22 06:56:35,97.1001,97.5885,97.7717,98.6874,80.6777,81.8987,81.6545,81.5324,16.1477,15.9646,14.9267,14.9878,15.1099,14.9267,15.7814,14.9267,15.8425,15.1099,14.9878,15.4151,45.7631,14.9939,22.2222,26.9109,95.1893,136.703,100.269,81.6117,50,50,50,50,50.3358,50.1526,50.2747,50.2137,50,50,50,50,11.4469,11.2027,11.2637,11.8742,11.2637,10.7143,11.0195,11.2637,11.8132,12.4847,11.9353,12.1184,54.4872,56.1355,54.6093,55.5861,26.5873,25.7326,26.221,26.16,44.9023,59.8596,44.536,45.1465,33.0586,33.547,33.7302,34.8901,28.3578,28.2357,28.1746,28.4799,44.5971,44.6581,44.6581,43.9255,34.0965,34.0965,34.707,34.4017,26.3431,26.6484,27.0757,26.221,45.2686,45.2686,44.7802,45.5128,33.3639,33.3639,33.7302,33.0586,26.5873,27.0147,25.3053,30.6166,43.9866,44.3529,44.4139,44.2918,15.6593,15.232,30.9829,15.4762,15.3541,15.1099,38.9194,15.232,16.0867,15.232,15.8425,15.4151,35.3175,35.5006,36.0501,35.6838,97.2222,98.0769,97.2222,98.138,50.4579,50.2747,50.8242,50.7631,50,50,50,50,50.3968,50.5189,50.3358,50.3968,5.7081800000000005,0.396825,1.31258,58.7607,33.486,53.9988,25.3663,57.6618,29.6398,53.1441,2.77778,0.396825,1139.34,179.06,1471.0,0.0,1.0,1.0,1.0,1.0,0.0,0.07783949999999999,44.4979,44.3941,44.913,44.3941,0.129731,14.3333,96.2881,88.0847,91.9011,96.3935,0.0,7.9615399999999985,4.782019999999998,0.0,0.0,-16.9423,97.5747,95.1803,39.1537,319.284,38.8566,301.564,288.86,41.8252,417.423,417.431,416.278,512.725,510.981,591.79,418.801,416.35,518.737,514.798,597.101,406.942,404.271,526.793,525.076,618.053,406.004,404.921,525.935,524.503,619.06,432.741,432.597,535.81,533.306,613.45,433.676,432.8130000000001,537.099,536.526,612.0840000000002,591.144,596.67,21.746,405.244,1143.35
2020-11-22 06:56:40,97.1001,97.5885,97.7717,98.6874,80.6777,81.8987,81.6545,81.5324,16.1477,15.9646,14.9267,14.9878,15.1099,14.9267,15.7814,14.9267,15.8425,14.4994,14.9878,15.4151,45.7631,14.9939,23.199,26.9109,96.5568,134.261,100.269,82.4908,50,50,50,50,50.3358,50.1526,50.2747,50.2137,50,50,50,50,11.4469,11.2027,11.2637,11.8742,10.7143,10.7143,11.0195,11.2637,11.8132,12.4847,11.9353,12.1184,54.4872,56.1355,54.6093,55.5861,26.5873,25.7326,26.221,26.16,44.9023,59.8596,44.536,45.1465,33.0586,33.547,33.1807,34.8901,28.3578,28.2357,28.1746,28.4799,44.5971,44.6581,44.6581,43.9255,34.0965,34.0965,34.707,34.4017,26.3431,26.6484,26.3431,26.7705,45.2686,45.2686,44.7802,45.5128,33.3639,33.3639,33.7302,33.0586,26.5873,27.0757,25.3053,30.6166,43.9866,44.3529,44.4139,44.2918,15.6593,15.232,30.9829,15.4762,15.3541,15.1099,38.9194,15.232,16.0867,15.232,15.8425,15.4151,35.3175,35.5006,36.0501,35.6838,97.2222,98.0769,97.2222,98.138,50.4579,50.2747,50.8242,50.7631,50,50,50,50,50.3968,50.5189,50.3358,50.3968,5.7081800000000005,0.396825,1.31258,58.7607,33.486,53.9988,25.3663,57.6618,29.6398,53.1441,2.77778,0.396825,1143.83,179.06,1471.78,0.0,1.0,1.0,1.0,1.0,0.0,0.07783949999999999,44.4979,44.3941,44.913,44.3941,0.129731,14.3333,94.8142,90.4607,92.797,95.8485,0.0,7.9615399999999985,4.73004,0.0,0.0,-26.5455,97.5747,95.1803,39.1537,319.284,38.8566,303.159,288.86,41.8252,417.423,417.431,416.278,512.725,510.981,591.79,418.801,416.35,518.737,514.798,598.106,406.942,404.271,525.7919999999998,525.076,618.053,406.004,404.921,525.935,524.503,619.06,432.741,432.597,535.81,533.306,613.45,433.676,432.8130000000001,537.099,536.526,612.0840000000002,591.144,597.675,21.5751,404.715,1143.87
2020-11-22 06:56:45,97.1001,97.5885,97.7717,98.6874,80.6777,81.8987,81.6545,81.5324,16.1477,15.9646,14.9267,14.9878,15.1099,14.9267,15.7814,14.9267,15.8425,15.1709,14.9878,15.4151,45.7631,14.9939,23.199,25.641,95.6777,132.894,100.269,82.4908,50,50,50,50,50.3358,50.1526,50.2747,50.2137,50,50,50,50,11.4469,11.2027,11.2637,11.8742,10.7143,10.7143,11.0195,11.2637,11.8132,12.4847,11.9353,12.1184,54.4872,56.1355,54.6093,55.5861,26.5873,25.7326,26.221,26.16,44.9023,59.8596,45.2686,45.1465,33.0586,33.547,33.1807,34.2796,28.3578,28.2357,28.1746,28.4799,44.5971,44.6581,44.6581,44.475,34.0965,34.0965,34.1575,34.4017,26.3431,26.6484,26.3431,26.7705,45.2686,45.2686,44.7802,45.5128,33.3639,33.3639,33.7302,33.0586,26.5873,27.0757,25.3053,30.6166,45.1465,44.3529,44.4139,44.2918,15.6593,15.232,30.9829,15.4762,15.3541,15.1099,38.9194,15.232,16.0867,15.232,15.8425,15.4151,35.3175,35.5006,36.0501,35.6838,97.2222,98.0769,97.2222,98.138,50.4579,50.2747,50.8242,50.7631,50,50,50,50,50.3968,50.5189,50.3358,50.3968,5.7081800000000005,0.396825,1.31258,58.7607,33.486,53.9988,25.3663,57.6618,29.6398,53.1441,2.77778,0.396825,1138.11,179.06,1471.59,0.0,1.0,1.0,1.0,1.0,0.0,0.07783949999999999,44.4979,44.3941,44.913,44.3941,0.129731,14.3333,97.2097,91.4078,93.7012,96.8497,0.0,7.9615399999999985,4.262580000000002,0.0,0.0,-69.0889,97.5747,95.1803,39.1537,319.918,39.5374,303.159,288.86,41.8252,417.423,417.431,416.278,512.725,510.981,590.786,418.801,416.35,518.737,514.798,598.106,406.942,404.271,525.7919999999998,525.076,617.0459999999998,406.004,404.921,525.935,524.503,619.06,432.741,432.597,536.812,533.306,613.45,433.676,432.8130000000001,537.099,536.526,612.0840000000002,590.113,597.675,21.5751,405.244,1144.4
2020-11-22 06:56:50,97.1001,97.5885,97.7717,98.6874,80.6777,81.8987,81.6545,81.5324,16.1477,15.9646,15.5372,14.9878,15.1099,14.9267,15.7814,14.9267,15.8425,15.1709,14.9878,15.4151,45.7631,15.873,23.199,24.6642,95.6777,133.871,100.269,83.663,50,50,50,50,50.3358,50.1526,50.2747,50.2137,50,50,50,50,11.4469,11.2027,11.2637,11.8742,10.7143,10.7143,11.0195,11.2637,11.8132,12.4847,11.9353,12.1184,54.4872,56.1355,54.6093,55.5861,26.5873,25.7326,26.221,26.16,44.9023,59.8596,45.2686,45.1465,33.0586,33.547,33.1807,33.7302,28.3578,28.2357,28.1746,28.4799,44.5971,44.6581,44.6581,44.475,34.0965,34.0965,33.6081,34.4017,26.3431,26.6484,26.8926,26.7705,45.2686,45.2686,44.7802,45.5128,33.3639,33.3639,33.7302,33.0586,26.5873,27.0757,25.3053,30.6166,45.1465,44.3529,44.4139,44.8413,15.6593,15.232,30.9829,15.4762,15.3541,15.1099,38.9194,15.232,16.0867,15.232,15.8425,15.4151,35.3175,35.5006,36.0501,35.6838,97.2222,98.0769,97.2222,98.138,50.4579,50.2747,50.8242,50.7631,50,50,50,50,50.3968,50.5189,50.3358,50.3968,5.7081800000000005,0.396825,1.31258,58.7607,33.486,53.9988,25.3663,57.6618,29.6398,53.1441,2.77778,0.396825,1136.88,179.06,1477.55,0.0,1.0,1.0,1.0,1.0,0.0,0.07783949999999999,44.4979,44.8611,44.913,44.3941,0.129731,14.3333,96.7928,88.6599,92.4515,96.976,0.0,7.9615399999999985,4.26269,0.0,0.0,-85.4618,97.5747,95.1803,39.1537,322.422,39.5374,302.0370000000001,288.86,41.8252,417.423,417.431,416.278,512.725,510.981,590.786,418.801,416.35,518.737,514.798,598.106,406.942,404.271,525.7919999999998,525.076,617.0459999999998,406.004,404.921,525.935,524.503,619.06,432.741,432.597,536.812,533.306,613.45,433.676,432.8130000000001,537.099,536.526,612.0840000000002,590.113,597.675,21.5751,404.715,1144.4
2020-11-22 06:56:55,97.1001,97.5885,97.7717,98.6874,80.6777,81.8987,81.6545,81.5324,16.1477,15.9646,15.5372,14.9878,15.1099,14.9267,15.7814,14.9267,15.8425,15.1709,14.9878,15.4151,45.7631,16.7521,25.0549,25.0549,96.6544,133.871,100.269,82.7839,50,50,50,50,50.3358,50.1526,50.2747,50.2137,50,50,50,50,11.4469,11.2027,11.2637,11.8742,10.7143,10.7143,11.0195,11.2637,11.8132,12.4847,11.9353,12.1184,54.4872,56.1355,54.6093,55.5861,26.5873,25.7326,26.221,26.16,44.9023,59.8596,45.2686,45.1465,33.0586,33.547,33.1807,33.7302,28.3578,28.2357,28.1746,28.4799,44.5971,44.6581,44.6581,44.475,34.0965,34.0965,34.4628,34.4017,26.3431,26.6484,26.8926,26.7705,45.2686,45.2686,44.7802,45.5128,33.3639,33.3639,33.7302,33.0586,26.5873,26.2821,25.3053,30.6166,45.1465,44.3529,44.4139,44.8413,15.6593,15.232,30.9829,15.4762,15.3541,15.1099,38.9194,15.232,16.0867,15.232,15.8425,15.4151,35.3175,35.5006,36.0501,35.6838,97.2222,98.0769,97.2222,98.138,50.4579,50.2747,50.8242,50.7631,50,50,50,50,50.3968,50.5189,50.3358,50.3968,5.7081800000000005,0.396825,1.31258,58.7607,33.486,53.9988,25.3663,57.6618,29.6398,53.1441,2.77778,0.396825,1136.97,179.584,1475.16,0.0,1.0,1.0,1.0,1.0,0.0,0.07783949999999999,44.9649,44.8611,44.913,44.3941,0.129731,13.7159,95.5759,90.4104,91.968,97.0935,0.0,7.9615399999999985,4.5975199999999985,0.0,0.0,-98.5109,97.5747,95.1803,39.1537,323.052,38.85,302.0370000000001,288.86,41.8252,417.423,416.422,416.278,513.727,510.981,590.786,418.801,416.35,518.737,514.798,598.106,406.942,404.271,525.7919999999998,525.076,617.0459999999998,406.004,404.921,525.935,524.503,619.06,432.741,432.597,536.812,533.306,613.45,433.676,432.8130000000001,537.099,536.526,612.0840000000002,590.113,597.675,21.5751,404.715,1143.77
2020-11-22 06:57:00,97.1001,97.5885,97.7717,98.6874,80.6777,81.8987,81.6545,81.5324,16.1477,15.9646,15.5372,14.9878,15.1099,14.9267,15.7814,15.5372,15.8425,15.1709,14.9878,15.4151,45.7631,16.7521,25.0549,25.9341,96.6544,135.82399999999998,100.269,82.7839,50,50,50,50,50.3358,50.1526,50.2747,50.2137,50,50,50,50,11.4469,11.2027,11.2637,11.8742,10.7143,10.7143,11.0195,11.2637,11.8132,12.4847,11.9353,12.1184,54.4872,56.1355,54.6093,55.5861,26.5873,25.7326,26.221,26.16,44.9023,59.8596,45.2686,45.1465,33.0586,33.547,32.6313,32.8144,28.3578,28.2357,28.1746,28.4799,44.5971,44.6581,44.6581,44.475,34.0965,34.0965,34.4628,34.4017,26.3431,26.6484,26.8926,26.7705,45.2686,45.2686,44.7802,45.5128,33.3639,33.3639,33.7302,33.0586,26.5873,26.8926,25.3053,30.6166,45.1465,44.3529,44.4139,44.8413,15.6593,15.232,30.9829,15.4762,15.3541,15.1099,38.9194,15.232,16.0867,15.232,15.8425,15.4151,35.3175,35.5006,36.0501,35.6838,97.2222,98.0769,97.2222,98.138,50.4579,50.2747,50.8242,50.7631,50,50,50,50,50.3968,50.5189,50.3358,50.3968,5.7081800000000005,0.396825,1.31258,58.7607,33.486,53.9988,25.3663,57.6618,29.6398,53.1441,2.77778,0.396825,1136.97,179.584,1475.57,0.0,1.0,1.0,1.0,1.0,0.0,0.07783949999999999,44.9649,44.8611,44.913,44.3941,0.129731,13.7159,95.3121,89.508,92.2799,97.0935,0.0,7.9615399999999985,4.5975199999999985,0.0,0.0,-104.219,97.5747,95.1803,39.8408,323.052,38.316,300.877,288.86,41.8252,417.423,416.422,416.278,513.727,511.983,590.786,418.801,416.35,518.737,514.798,598.106,406.942,404.271,525.7919999999998,525.076,617.0459999999998,406.004,404.921,525.935,524.503,619.06,432.741,432.597,536.812,534.308,613.45,433.676,432.8130000000001,537.099,536.526,612.0840000000002,590.113,597.675,21.5751,404.715,1143.27
2020-11-22 06:57:05,97.1001,97.5885,97.7717,98.6874,80.6777,81.8987,81.6545,81.5324,16.1477,15.9646,15.5372,14.9878,15.1099,14.9267,15.7814,15.5372,15.8425,15.1709,14.9878,15.4151,44.88399999999999,17.6313,25.0549,26.8132,96.6544,135.922,100.269,82.7839,50,50,50,50,50.3358,50.1526,50.2747,50.2137,50,50,50,50,11.4469,11.2027,11.2637,11.8742,10.7143,11.2637,11.0195,11.2637,11.8132,12.4847,11.9353,12.1184,54.4872,56.1355,54.6093,55.5861,26.5873,25.7326,26.221,26.16,44.9023,59.8596,45.2686,45.1465,33.0586,33.547,32.6313,32.8144,28.3578,28.2357,28.1746,28.4799,44.5971,44.6581,44.6581,44.475,34.0965,34.0965,34.4628,34.4017,26.3431,26.6484,26.8926,26.7705,45.5739,45.2686,44.7802,45.5128,33.3639,33.3639,33.7302,33.0586,26.5873,26.8926,25.3053,30.6166,45.1465,44.3529,44.4139,44.8413,15.6593,15.232,30.9829,15.4762,15.3541,15.1099,38.9194,15.232,16.0867,15.232,15.8425,15.4151,35.3175,35.5006,36.0501,35.6838,97.2222,98.0769,97.2222,98.138,50.4579,50.2747,50.8242,50.7631,50,50,50,50,50.3968,50.5189,50.3358,50.3968,5.7081800000000005,0.396825,1.31258,58.7607,33.486,53.9988,25.3663,57.6618,29.6398,53.1441,2.77778,0.396825,1129.08,179.584,1474.68,0.0,1.0,1.0,1.0,1.0,0.0,0.07783949999999999,44.9649,44.8611,44.913,44.3941,0.129731,13.7159,95.6493,90.7039,91.6738,95.9586,0.0,7.9615399999999985,12.6099,0.0,0.0,-101.321,97.5747,95.1803,40.3415,323.907,39.194,299.757,288.86,41.8252,417.423,416.422,415.268,513.727,511.983,590.786,418.801,416.35,518.737,514.798,598.106,406.942,404.271,525.7919999999998,525.076,617.0459999999998,406.004,404.921,525.935,524.503,619.06,432.741,432.597,536.812,534.308,614.457,433.676,432.8130000000001,537.099,537.528,612.0840000000002,590.113,597.675,21.5751,404.715,1143.27
2020-11-22 06:57:10,97.1001,97.5885,97.7717,98.6874,80.6777,81.8987,81.6545,81.5324,16.1477,15.9646,15.5372,14.9878,15.1099,14.9267,15.7814,15.5372,15.8425,14.6215,14.9878,15.4151,44.88399999999999,17.6313,23.9805,26.8132,97.8266,137.289,98.8034,82.7839,50,50,50,50,50.3358,50.1526,50.2747,50.2137,50,50,50,50,11.4469,11.2027,11.2637,11.8742,10.7143,11.8132,11.0195,11.2637,11.8132,12.4847,11.9353,12.1184,54.4872,56.1355,54.6093,55.5861,27.1367,25.7326,26.221,26.16,44.9023,59.8596,45.2686,45.1465,33.0586,33.547,32.6313,32.8144,28.3578,28.2357,28.1746,28.4799,44.5971,44.6581,44.6581,44.475,34.0965,34.0965,34.4628,34.4017,26.3431,26.6484,26.8926,26.7705,45.5739,45.2686,44.7802,45.5128,33.3639,33.3639,33.7302,33.0586,26.5873,26.8926,25.3053,30.6166,45.1465,44.3529,44.4139,44.8413,15.6593,15.232,30.9829,15.4762,15.3541,15.1099,38.9194,15.232,16.0867,15.232,15.8425,15.4151,35.3175,35.5006,36.0501,35.6838,97.2222,98.0769,97.2222,98.138,50.4579,50.2747,50.8242,50.7631,50,50,50,50,50.3968,50.5189,50.3358,50.3968,5.7081800000000005,0.396825,1.31258,58.7607,33.486,53.9988,25.3663,57.6618,29.6398,53.1441,2.77778,0.396825,1134.84,179.584,1482.3,0.0,1.0,1.0,1.0,1.0,0.0,0.07783949999999999,44.9649,44.8611,44.913,44.3941,0.129731,13.7159,96.7157,89.7087,93.0364,95.9586,0.0,7.9615399999999985,11.494000000000002,0.0,0.0,-108.602,97.5747,95.1803,38.5027,325.253,39.194,299.2340000000001,288.86,40.821,417.423,416.422,415.268,513.727,511.983,590.786,418.801,416.35,518.737,512.555,598.106,406.942,404.271,525.7919999999998,525.076,617.0459999999998,406.004,404.921,525.935,524.503,619.06,432.741,432.597,536.812,534.308,614.457,433.676,432.8130000000001,538.101,537.528,613.091,590.113,597.675,21.5751,404.715,1143.27
2020-11-22 06:57:15,97.1001,97.5885,97.7717,98.6874,80.6777,81.8987,81.6545,81.5324,16.1477,15.9646,15.5372,14.9878,15.1099,14.9267,15.7814,15.5372,15.8425,14.6215,14.9878,15.4151,44.88399999999999,16.6545,23.9805,25.9341,95.0916,138.266,94.2124,81.6117,50,50,50,50,50.3358,50.1526,50.2747,50.2137,50,50,50,50,11.4469,11.2027,11.2637,11.8742,10.7143,10.8974,11.0195,11.2637,11.8132,12.4847,11.9353,12.1184,54.4872,56.1355,54.6093,55.5861,27.1367,25.7326,26.221,26.16,46.5507,59.8596,45.2686,45.1465,33.0586,33.547,34.2186,32.265,28.3578,28.2357,28.1746,28.4799,44.5971,44.6581,44.6581,44.475,34.0965,34.768,34.4628,34.4017,26.3431,26.6484,26.8926,26.7705,45.5739,45.2686,44.7802,45.5128,33.3639,33.3639,33.7302,33.0586,26.5873,26.8926,25.3053,30.6166,45.1465,44.3529,44.4139,44.8413,15.6593,15.232,30.9829,15.4762,15.3541,15.1099,38.9194,15.232,16.0867,15.232,15.8425,15.4151,35.3175,35.5006,36.0501,35.6838,97.2222,98.0769,97.2222,98.138,50.4579,50.2747,50.8242,50.7631,50,50,50,50,50.3968,50.5189,50.3358,50.3968,5.7081800000000005,0.396825,1.31258,58.7607,33.486,53.9988,25.3663,57.6618,29.6398,53.1441,2.77778,0.396825,1135.99,179.584,1488.24,0.0,1.0,1.0,1.0,1.0,0.0,0.07783949999999999,44.9649,44.8611,44.913,44.3941,0.129731,14.4362,96.9816,89.0701,93.0364,96.8617,0.0,7.9615399999999985,6.842039999999999,0.0,0.0,-89.0614,97.5747,95.1803,38.5027,325.7920000000001,38.551,302.003,288.86,40.821,417.423,416.422,415.268,513.727,511.983,590.786,418.801,416.35,518.856,512.555,599.159,406.942,404.271,525.7919999999998,525.076,617.0459999999998,406.004,404.921,525.935,524.503,619.06,432.741,432.597,536.812,534.308,614.457,433.676,432.8130000000001,538.101,537.528,613.091,590.113,598.7280000000002,21.5751,405.244,1143.27
2020-11-22 06:57:20,97.1001,97.5885,97.7717,98.6874,80.6777,81.8987,81.6545,81.5324,16.1477,15.9646,15.5372,14.9878,15.1099,14.9267,15.7814,15.5372,15.8425,14.6215,14.9878,15.4151,44.88399999999999,16.6545,23.0037,26.8132,95.0916,137.192,92.0635,81.6117,50,50,50,50,50.3358,50.1526,50.2747,50.2137,50,50,50,50,11.4469,11.2027,11.2637,11.8742,10.7143,10.8974,11.0195,11.2637,11.8132,12.4847,11.9353,12.1184,54.4872,56.1355,54.6093,55.5861,27.1367,25.7326,26.221,26.16,46.0012,59.8596,45.2686,45.1465,33.0586,33.547,34.2186,32.265,28.3578,28.2357,28.1746,28.4799,44.5971,44.6581,44.6581,44.475,34.0965,34.768,34.4628,34.4017,26.3431,26.6484,26.8926,26.7705,45.5739,45.2686,44.7802,45.5128,33.3639,33.3639,33.7302,33.0586,26.5873,25.7936,25.3053,30.6166,45.1465,44.3529,44.4139,44.8413,15.6593,15.232,30.9829,15.4762,15.3541,15.1099,38.9194,15.232,16.0867,15.232,15.8425,15.4151,35.3175,35.5006,36.0501,35.6838,97.2222,98.0769,97.2222,98.138,50.4579,50.2747,50.8242,50.7631,50,50,50,50,50.3968,50.5189,50.3358,50.3968,5.7081800000000005,0.396825,1.31258,58.7607,33.486,53.9988,25.3663,57.6618,29.6398,53.1441,2.77778,0.396825,1134.84,179.584,1482.55,0.0,1.0,1.0,1.0,1.0,0.0,0.07783949999999999,44.9649,44.8611,44.913,44.3941,0.129731,14.4362,95.2432,88.9799,93.0364,96.774,0.0,7.9615399999999985,6.81578,0.0,0.0,-75.2446,97.5747,95.1803,38.5027,324.666,39.9527,305.3040000000001,288.86,40.821,417.423,416.422,415.268,513.727,511.983,590.786,418.801,416.35,518.999,512.555,599.159,406.942,404.271,525.7919999999998,525.076,617.0459999999998,406.004,404.921,525.935,524.503,619.06,432.741,432.597,536.812,534.308,614.457,433.676,432.8130000000001,538.101,537.528,613.091,590.113,598.7280000000002,21.5751,405.244,1142.72
2020-11-22 06:57:25,97.1001,97.5885,97.7717,98.6874,80.6777,81.8987,81.6545,81.5324,16.1477,15.9646,15.5372,14.9878,15.1099,14.9267,15.7814,15.5372,15.8425,14.6215,14.9878,15.4151,44.88399999999999,17.6313,23.0037,25.9341,95.0916,138.168,93.0403,81.514,50,50,50,50,50.3358,50.1526,50.2747,50.2137,50,50,50,50,11.4469,11.2027,11.2637,11.8742,10.7143,10.8974,11.0195,11.2637,11.8132,12.4847,11.9353,12.1184,54.4872,56.1355,54.6093,55.5861,27.1367,25.7326,26.221,26.16,46.0012,59.8596,45.2686,45.1465,33.0586,33.547,34.2186,36.0501,28.3578,28.2357,28.1746,28.4799,44.5971,44.6581,44.6581,44.475,34.0965,34.768,34.4628,34.4017,26.3431,26.6484,26.8926,26.7705,45.5739,45.2686,44.7802,45.5128,33.3639,33.3639,33.7302,33.0586,26.5873,27.2589,25.3053,30.6166,45.1465,44.3529,44.4139,44.8413,15.6593,15.232,30.9829,15.4762,15.3541,15.1099,38.9194,15.232,16.0867,15.232,15.8425,15.4151,35.3175,35.5006,36.0501,35.6838,97.2222,98.0769,97.2222,98.138,50.4579,50.2747,50.8242,50.7631,50,50,50,50,50.3968,50.5189,50.3358,50.3968,5.7081800000000005,0.396825,1.31258,58.7607,33.486,54.9756,23.4737,57.6618,29.6398,53.1441,2.77778,0.396825,1134.84,179.584,1483.3,0.0,1.0,1.0,1.0,1.0,0.0,0.07783949999999999,44.9649,44.8611,44.913,44.8611,0.129731,14.4362,97.6007,89.6392,92.4308,96.4598,0.0,7.9615399999999985,6.94908,0.0,0.0,-58.6285,97.5747,95.1803,37.7605,324.666,41.0938,308.105,288.86,40.821,417.423,416.422,415.268,513.727,511.983,590.786,418.801,416.35,519.1419999999998,513.557,599.159,406.942,404.271,525.7919999999998,525.076,617.0459999999998,406.004,404.921,525.935,524.503,619.06,432.741,432.597,536.812,534.308,614.457,433.676,432.8130000000001,538.101,537.528,613.091,590.113,598.7280000000002,21.5751,404.186,1142.72
2020-11-22 06:57:30,97.1001,97.5885,97.7717,98.6874,80.6777,81.8987,81.6545,81.5324,16.1477,15.9646,15.5372,14.9878,15.1099,14.9267,15.7814,15.5372,15.8425,14.6215,14.9878,15.4151,43.9072,17.6313,23.0037,26.9109,96.3614,138.168,96.5568,82.6862,50,50,50,50,50.3358,50.1526,50.2747,50.2137,50,50,50,50,11.4469,11.2027,11.2637,11.8742,10.7143,10.8974,11.0195,11.2637,11.8132,12.4847,11.9353,12.1184,54.4872,56.1355,54.6093,55.5861,27.1367,25.7326,26.221,26.16,46.0012,59.8596,45.2686,45.1465,33.0586,33.547,34.2186,36.0501,28.3578,28.2357,28.1746,28.4799,44.5971,44.6581,44.6581,44.475,34.0965,34.768,34.4628,34.4017,26.3431,26.6484,26.8926,26.7705,45.5739,45.2686,44.7802,45.5128,33.3639,33.3639,33.7302,33.0586,26.5873,27.2589,25.3053,30.6166,45.1465,44.3529,44.4139,44.8413,15.6593,15.232,30.9829,15.4762,15.3541,15.1099,38.9194,15.232,16.0867,15.232,15.8425,15.4151,35.3175,35.5006,36.0501,35.6838,97.2222,98.0769,97.2222,98.138,50.4579,50.2747,50.8242,50.7631,50,50,50,50,50.3968,50.5189,50.3358,50.3968,5.7081800000000005,0.396825,1.31258,58.7607,33.486,54.9756,23.4737,57.6618,29.6398,53.1441,2.77778,0.396825,1127.89,179.584,1487.35,0.0,1.0,1.0,1.0,1.0,0.0,0.07783949999999999,44.9649,44.8611,44.913,44.8611,0.129731,13.8335,94.6976,89.3001,91.5566,96.4598,0.0,8.06044,13.9091,0.0,0.0,-9.51786,97.5747,95.1803,36.7139,325.256,41.8277,309.699,288.86,40.821,417.423,416.422,415.268,514.7769999999998,512.984,590.786,418.801,416.35,519.285,513.557,599.159,406.942,404.271,525.7919999999998,525.076,617.0459999999998,406.004,404.921,525.935,524.503,619.06,432.741,432.597,536.812,534.308,614.457,433.676,432.8130000000001,538.101,537.528,613.091,590.113,598.7280000000002,21.5751,404.715,1142.19
2020-11-22 06:57:35,97.1001,97.5885,97.7717,98.6874,80.6777,81.8987,81.6545,81.5324,16.1477,16.7582,16.1477,14.9878,15.1099,14.9267,15.7814,15.5372,15.8425,14.6215,14.9878,15.4151,43.9072,17.6313,23.8828,27.79,97.3382,139.341,99.1941,82.6862,50,50,50,50,50.3358,50.1526,50.2747,50.2137,50,50,50,50,11.4469,11.2027,11.2637,11.8742,10.7143,10.8974,11.0195,11.2637,11.8132,12.4847,11.9353,12.1184,54.4872,56.1355,54.6093,55.5861,27.1367,25.7326,26.221,26.16,46.0012,59.8596,45.2686,45.1465,33.0586,34.0965,34.2186,36.0501,28.3578,28.2357,28.1746,28.4799,44.5971,44.6581,44.6581,44.475,34.0965,34.768,34.4628,34.4017,26.3431,26.6484,26.8926,26.7705,45.5739,45.2686,44.7802,45.5128,33.3639,33.3639,33.7302,33.0586,26.5873,26.0379,25.3053,30.6166,45.1465,44.3529,44.4139,44.8413,15.6593,15.232,30.9829,15.4762,15.3541,15.1099,38.9194,15.232,16.0867,15.232,15.8425,15.4151,35.3175,35.5006,36.0501,35.6838,97.2222,98.0769,97.2222,98.138,50.4579,50.2747,50.8242,50.7631,50,50,50,50,50.3968,50.5189,50.3358,50.3968,5.7081800000000005,0.396825,1.31258,58.7607,33.486,54.9756,23.4737,57.6618,29.6398,53.1441,2.77778,0.396825,1126.73,179.584,1483.68,0.0,1.0,1.0,1.0,1.0,0.0,0.07783949999999999,44.9649,44.8611,44.913,44.8611,0.129731,13.8335,95.3943,91.2556,92.9179,96.4598,0.0,8.06044,14.6879,0.0,0.0,1.21764,97.5747,95.1803,36.7139,326.006,41.2531,311.525,288.86,40.821,417.423,415.388,415.268,514.7769999999998,512.984,590.786,418.801,416.35,519.428,512.269,599.159,406.942,404.271,525.7919999999998,525.076,617.0459999999998,406.004,404.921,525.935,524.503,619.06,432.741,432.597,536.812,534.308,614.457,433.676,432.8130000000001,538.101,537.528,613.091,590.113,598.7280000000002,21.5751,404.186,1142.19
2020-11-22 06:57:40,97.1001,97.5885,97.7717,98.6874,80.6777,81.8987,81.6545,82.1429,17.0635,16.7582,16.1477,15.9646,15.1099,14.9267,15.7814,15.5372,15.8425,14.6215,14.9878,15.4151,44.7863,17.6313,24.7619,27.79,97.3382,139.341,100.171,82.6862,50,50,50,50,50.3358,50.1526,50.2747,50.2137,50,50,50,50,11.4469,11.2027,11.2637,11.8742,11.3248,10.8974,11.0195,11.2637,11.8132,12.4847,11.9353,12.1184,54.4872,56.1355,54.6093,55.5861,27.1367,25.7326,26.221,26.16,46.0012,59.8596,45.2686,45.1465,33.0586,34.0965,34.768,35.3175,28.3578,28.2357,28.1746,28.4799,44.5971,44.6581,44.6581,44.475,34.0965,34.768,34.4628,33.8523,26.3431,26.6484,26.8926,26.7705,45.5739,45.2686,44.7802,45.5128,33.3639,33.3639,33.7302,33.0586,26.5873,27.3199,25.3053,30.6166,45.1465,44.3529,45.0855,44.8413,15.6593,15.232,30.9829,15.4762,15.3541,15.1099,38.9194,15.232,16.0867,15.232,15.8425,15.4151,35.3175,35.5006,36.0501,35.6838,97.2222,98.0769,97.2222,98.138,50.4579,50.2747,50.8242,50.7631,50,50,50,50,50.3968,50.5189,50.3358,50.3968,5.7081800000000005,0.396825,1.31258,58.7607,33.486,54.9756,23.4737,57.6618,29.6398,53.1441,2.77778,0.396825,1130.29,179.584,1486.93,0.0,1.0,1.0,1.0,1.0,0.0,0.07783949999999999,44.9649,44.8611,45.38,44.8611,0.129731,13.8335,94.8277,90.4531,91.5992,97.0693,0.0,8.06044,12.9217,0.0,0.0,26.7119,97.5747,95.1803,36.7139,327.553,40.6316,310.925,288.86,40.821,417.423,415.388,415.268,514.7769999999998,512.984,590.786,418.801,416.35,519.571,510.981,599.159,406.942,404.271,525.7919999999998,525.076,617.0459999999998,406.004,404.921,525.935,524.503,619.06,432.741,432.597,536.812,534.308,614.457,433.676,432.8130000000001,538.101,537.528,614.097,590.113,598.7280000000002,21.5751,405.772,1142.19
2020-11-22 06:57:45,97.1001,97.5885,97.7717,98.6874,80.6777,81.8987,81.6545,82.1429,17.0635,17.3077,17.674,17.4908,15.1099,14.9267,15.7814,14.9878,15.8425,15.232,14.9878,15.4151,43.8095,17.6313,24.7619,26.7155,97.3382,138.168,99.7802,82.6862,50,50,50,50,50.3358,50.1526,50.2747,50.2137,50,50,50,50,11.4469,11.2027,11.2637,11.8742,11.3248,10.8974,11.0195,11.2637,11.8132,12.4847,11.9353,12.1184,54.4872,56.1355,54.6093,55.5861,27.1367,25.7326,26.221,26.16,46.0012,59.8596,45.2686,45.1465,33.0586,34.0965,34.768,34.4628,28.3578,28.2357,28.1746,28.4799,44.5971,44.6581,44.6581,44.475,34.0965,34.768,34.4628,33.8523,26.3431,26.6484,26.8926,26.7705,45.5739,45.2686,44.7802,45.5128,33.3639,33.3639,33.7302,33.0586,26.5873,27.3199,25.3053,30.6166,45.1465,44.3529,45.0855,44.8413,15.6593,15.232,30.9829,15.4762,15.3541,15.1099,38.9194,15.232,16.0867,15.232,15.8425,15.4151,35.3175,35.5006,36.0501,35.6838,97.2222,98.0769,97.2222,98.138,50.4579,50.2747,50.8242,50.7631,50,50,50,50,50.3968,50.5189,50.3358,50.3968,5.7081800000000005,0.396825,1.31258,59.6154,33.486,54.9756,23.4737,57.6618,29.6398,53.1441,2.77778,0.396825,1134.9,179.584,1489.03,0.0,1.0,1.0,1.0,1.0,0.0,0.07783949999999999,44.9649,44.8611,45.38,44.8611,0.129731,13.2014,94.8277,91.525,92.6341,97.0693,0.0,8.06044,7.18133,0.0,0.0,34.6847,97.5747,95.1803,36.7139,329.467,40.7787,310.925,288.86,40.821,417.423,415.388,415.268,514.7769999999998,512.984,590.786,418.801,416.35,519.739,509.979,600.188,406.942,404.271,525.7919999999998,525.076,616.039,406.004,404.921,525.935,524.503,619.06,432.741,432.597,537.814,534.308,615.464,433.676,432.8130000000001,538.101,537.528,614.097,590.113,599.757,21.5751,405.244,1142.19
2020-11-22 06:57:50,97.1001,97.5885,97.7717,98.6874,81.8376,81.8987,81.6545,82.1429,17.0635,17.3077,17.674,17.4908,15.1099,14.9267,15.7814,15.6593,15.8425,15.232,14.9878,15.4151,43.8095,17.6313,24.7619,28.7668,97.3382,138.168,99.7802,82.6862,50,50,50,50,50.3358,50.1526,50.2747,50.2137,50,50,50,50,11.4469,11.2027,11.2637,11.8742,11.3248,10.8974,11.0195,11.2637,11.8132,12.4847,12.4847,12.1184,54.4872,56.1355,54.6093,55.5861,27.1367,25.7326,26.221,26.16,46.0012,59.8596,45.2686,45.1465,33.0586,34.0965,34.768,34.4628,28.3578,28.2357,28.1746,28.4799,44.5971,44.6581,44.6581,44.475,34.0965,34.768,34.4628,33.8523,26.3431,26.6484,26.8926,26.7705,45.5739,45.2686,44.7802,45.5128,33.3639,33.3639,33.7302,33.0586,26.5873,25.9158,25.3053,30.6166,45.1465,44.3529,45.0855,44.8413,15.6593,15.232,30.9829,15.4762,15.3541,15.1099,38.9194,15.232,16.0867,15.232,15.8425,15.4151,35.3175,35.5006,36.0501,35.6838,97.2222,98.0769,97.2222,98.138,50.4579,50.2747,50.8242,50.7631,50,50,50,50,50.3968,50.5189,50.3358,50.3968,5.7081800000000005,0.396825,1.31258,59.6154,33.486,54.9756,23.4737,57.6618,29.6398,53.1441,2.77778,0.396825,1126.82,180.111,1489.0,0.0,1.0,1.0,1.0,1.0,0.0,0.07783949999999999,44.9649,44.8611,45.38,44.8611,0.129731,13.2014,94.5956,90.1157,92.2456,97.0693,0.0,8.06044,15.9969,0.0,0.0,16.9885,97.5747,95.1803,36.7139,328.514,42.5639,310.925,288.86,40.821,417.423,415.388,415.268,514.7769999999998,512.984,590.786,418.801,416.35,519.882,511.005,600.188,406.942,404.271,525.7919999999998,525.076,616.039,406.004,404.921,525.935,524.503,619.06,432.741,432.597,537.814,534.308,615.464,433.676,432.8130000000001,538.101,537.528,614.097,590.113,599.757,21.5751,405.772,1142.19
2020-11-22 06:57:55,97.1001,97.5885,97.7717,98.6874,81.8376,81.8987,81.6545,82.1429,17.674,17.8571,17.674,19.0781,15.1099,14.9267,15.7814,15.6593,15.8425,15.232,14.9878,15.4151,44.6886,17.6313,25.641,29.7436,96.2637,139.048,100.659,82.6862,50,50,50,50,50.3358,50.1526,50.2747,50.2137,50,50,50,50,11.4469,11.2027,11.2637,11.8742,11.3248,10.8974,11.0195,11.8132,11.8132,12.4847,12.4847,12.1184,54.4872,56.1355,54.6093,55.5861,27.1367,25.7326,26.221,26.16,46.0012,59.8596,45.2686,45.1465,33.0586,34.0965,34.768,33.7912,28.3578,28.2357,28.1746,28.4799,44.5971,44.6581,44.6581,44.475,34.0965,34.768,34.4628,34.5238,26.3431,26.6484,26.8926,26.7705,45.5739,45.2686,45.3907,45.5128,33.3639,33.3639,33.7302,33.0586,26.5873,26.9536,25.3053,30.6166,45.1465,44.3529,45.0855,44.8413,15.6593,15.232,30.9829,15.4762,15.3541,15.1099,38.9194,15.232,16.0867,15.232,15.8425,15.4151,35.3175,35.5006,36.0501,35.6838,97.2222,98.0769,97.2222,98.138,50.4579,50.2747,50.8242,50.7631,50,50,50,50,50.3968,50.5189,50.3358,50.3968,5.7081800000000005,0.396825,1.31258,59.6154,33.486,54.9756,23.4737,57.6618,29.6398,53.1441,2.77778,0.396825,1122.18,180.111,1489.38,0.0,1.0,1.0,1.0,1.0,0.0,0.07783949999999999,44.9649,44.8611,45.38,44.8611,0.129731,12.5986,94.5956,89.4742,91.3822,96.725,0.0,8.06044,20.532,0.0,0.0,8.26334,97.5747,95.1803,36.7139,329.472,42.0001,311.581,288.86,40.821,417.423,415.388,415.268,515.803,513.986,590.786,418.801,416.35,519.882,509.621,600.188,406.942,404.271,525.7919999999998,525.076,616.039,406.004,404.921,525.935,524.503,619.06,432.741,432.597,537.814,534.308,615.464,433.676,432.8130000000001,538.101,537.528,614.097,590.113,599.757,21.5751,405.772,1142.19
2020-11-22 06:58:00,97.1001,97.5885,97.7717,98.6874,81.8376,81.8987,81.6545,82.1429,18.2234,17.8571,18.2234,19.0781,15.1099,14.9267,15.7814,15.6593,15.8425,15.232,14.9878,15.4151,45.8608,17.6313,24.7619,29.7436,97.2405,139.048,99.4872,82.6862,50,50,50,50,50.3358,50.1526,50.2747,50.2137,50,50,50,50,11.4469,11.2027,11.2637,11.8742,11.3248,10.8974,11.0195,11.8132,11.8132,12.4847,12.4847,12.1184,54.4872,56.1355,54.6093,55.5861,27.1367,25.7326,26.221,26.16,46.0012,59.8596,45.2686,45.1465,33.0586,34.0965,34.768,33.7912,28.3578,28.2357,28.1746,28.4799,44.5971,44.6581,44.6581,44.475,34.0965,34.768,34.4628,34.5238,26.3431,26.6484,26.8926,26.7705,45.5739,45.2686,45.3907,45.5128,33.3639,33.3639,33.7302,33.0586,26.5873,26.9536,25.3053,30.6166,45.1465,44.3529,45.0855,44.8413,15.6593,15.232,30.9829,15.4762,15.3541,15.1099,38.9194,15.232,16.0867,15.232,15.8425,15.4151,35.3175,35.5006,36.0501,35.6838,97.2222,98.0769,97.2222,98.138,50.4579,50.2747,50.8242,50.7631,50,50,50,50,50.3968,50.5189,50.3358,50.3968,5.7081800000000005,0.396825,1.31258,59.6154,33.486,54.9756,23.4737,57.6618,29.6398,53.1441,2.77778,0.396825,1126.85,180.111,1491.56,0.0,1.0,1.0,1.0,1.0,0.0,0.07783949999999999,44.9649,44.8611,45.38,44.8611,0.129731,12.5986,96.3093,91.1081,91.5982,96.725,0.0,8.06044,17.354,0.0,0.0,-14.9998,97.5747,95.1803,37.2558,328.737,41.3196,311.581,288.86,40.821,417.423,415.388,415.268,515.803,513.986,590.786,418.801,416.35,520.001,507.187,600.188,406.942,404.271,525.7919999999998,525.076,616.039,406.004,404.921,525.935,524.503,619.06,432.741,432.597,537.814,534.308,615.464,433.676,432.8130000000001,538.101,537.528,614.097,591.12,599.757,21.5751,405.772,1142.19
2020-11-22 06:58:05,97.1001,97.5885,97.7717,98.6874,81.8376,81.8987,81.6545,82.1429,19.6886,18.956,18.956,19.0781,15.1099,14.9267,15.7814,15.6593,15.8425,15.232,14.9878,15.4151,46.7399,17.6313,24.7619,29.7436,97.2405,139.048,102.222,83.663,50,50,50,50,50.3358,50.1526,50.2747,50.2137,50,50,50,50,11.4469,11.2027,11.2637,11.8742,11.3248,10.8974,11.0195,11.2637,11.8132,12.4847,12.4847,12.1184,54.4872,56.1355,54.6093,55.5861,27.1367,25.7326,26.221,26.16,46.0012,59.8596,45.2686,45.1465,33.0586,34.0965,34.768,33.2418,28.3578,28.2357,28.1746,28.4799,44.5971,44.6581,44.6581,44.475,34.0965,34.768,34.4628,34.5238,26.3431,26.6484,26.8926,26.7705,45.5739,45.2686,45.3907,45.5128,33.3639,33.3639,33.7302,33.0586,26.5873,26.9536,25.3053,30.6166,45.1465,44.3529,45.0855,44.8413,15.6593,15.232,30.9829,15.4762,15.3541,15.1099,38.9194,15.232,16.0867,15.232,15.8425,15.4151,35.3175,35.5006,36.0501,35.6838,97.2222,98.0769,97.2222,98.138,50.4579,50.2747,50.8242,50.7631,50,50,50,50,50.3968,50.5189,50.3358,50.3968,5.7081800000000005,0.396825,1.31258,59.6154,33.486,54.9756,23.4737,57.6618,29.6398,53.1441,2.77778,0.396825,1126.9,180.111,1505.01,0.0,1.0,1.0,1.0,1.0,0.0,0.07783949999999999,44.9649,44.8611,45.38,44.8611,0.129731,12.5986,95.3922,90.4903,92.4142,98.434,0.0,8.06044,12.7802,0.0,0.0,-39.4595,97.5747,95.1803,38.0221,328.097,41.3196,311.581,288.86,40.821,417.423,415.388,415.268,515.803,513.986,591.8380000000002,418.801,416.35,520.144,507.187,600.188,406.942,404.271,525.7919999999998,525.076,616.039,406.004,404.921,525.935,524.503,619.06,432.741,432.597,537.814,535.31,615.464,433.676,432.8130000000001,538.101,538.53,614.097,591.12,599.757,21.5751,405.772,1142.19
2020-11-22 06:58:10,97.1001,97.5885,97.7717,98.6874,81.8376,81.8987,81.6545,82.1429,19.6886,18.956,19.8107,19.0781,15.1099,14.9267,15.7814,15.6593,15.8425,15.232,14.9878,15.4151,46.7399,17.6313,24.7619,29.7436,97.2405,139.048,102.222,82.7839,50,50,50,50,50.3358,50.1526,50.2747,50.2137,50,50,50,50,11.4469,11.2027,11.2637,11.8742,11.3248,10.8974,11.0195,11.2637,11.8132,12.4847,12.4847,12.1184,54.4872,56.1355,54.6093,55.5861,27.1367,25.7326,26.221,26.16,46.0012,59.8596,45.2686,45.1465,33.0586,34.0965,34.768,32.6923,28.3578,28.2357,28.1746,28.4799,44.5971,44.6581,44.6581,44.475,34.0965,34.768,34.4628,34.5238,26.3431,26.6484,26.8926,26.7705,45.5739,45.2686,45.3907,45.5128,33.3639,33.3639,33.7302,33.0586,26.5873,26.9536,25.3053,30.6166,45.1465,44.3529,45.0855,44.8413,15.6593,15.232,30.9829,15.4762,15.3541,15.1099,38.9194,15.232,16.0867,15.232,15.8425,15.4151,35.3175,35.5006,36.0501,35.6838,97.2222,98.0769,97.2222,98.138,50.4579,50.2747,50.8242,50.7631,50,50,50,50,50.3968,50.5189,50.3358,50.3968,5.7081800000000005,0.396825,1.31258,59.6154,33.486,54.9756,23.4737,57.6618,29.6398,53.1441,2.77778,0.396825,1128.01,180.111,1496.83,0.0,1.0,1.0,1.0,1.0,0.0,0.07783949999999999,44.9649,44.8611,45.38,44.8611,0.129731,13.319,96.336,90.563,92.4142,96.6368,0.0,8.06044,12.0984,0.0,0.0,-32.8233,97.5747,95.1803,38.0221,327.3520000000001,39.4202,311.028,288.86,40.821,417.423,415.388,415.268,515.803,513.986,591.8380000000002,418.801,416.35,520.144,507.187,600.188,406.942,404.271,525.7919999999998,525.076,616.039,406.004,404.921,525.935,524.503,619.06,432.741,432.597,537.814,535.31,615.464,433.676,432.8130000000001,539.1030000000002,538.53,614.097,591.12,599.757,21.5751,405.772,1142.19
2020-11-22 06:58:15,97.1001,97.5885,97.7717,98.6874,81.8376,81.8987,81.6545,82.1429,19.6886,19.5055,19.8107,19.0781,15.1099,14.9267,15.7814,15.6593,15.8425,14.6215,14.9878,15.4151,46.7399,17.6313,24.7619,28.2784,97.2405,139.048,99.5849,82.7839,50,50,50,50,50.3358,50.1526,50.2747,50.2137,50,50,50,50,11.4469,11.2027,11.2637,11.8742,11.3248,10.8974,11.0195,11.2637,11.8132,12.4847,12.4847,12.1184,54.4872,56.1355,54.6093,55.5861,27.1367,25.7326,26.7705,26.16,46.0012,59.8596,45.2686,45.1465,33.0586,34.0965,34.768,32.6923,28.3578,28.2357,28.1746,28.4799,44.5971,44.6581,44.6581,44.475,34.0965,34.768,34.4628,34.5238,26.3431,26.6484,26.8926,26.7705,45.5739,45.2686,45.3907,45.5128,33.3639,33.3639,33.7302,33.0586,26.5873,27.0757,25.3053,30.6166,45.1465,44.3529,45.0855,44.8413,15.6593,15.232,30.9829,15.4762,15.3541,15.1099,38.9194,15.232,16.0867,15.232,15.8425,15.4151,35.3175,35.5006,36.0501,35.6838,97.2222,98.0769,97.2222,98.138,50.4579,50.2747,50.8242,50.7631,50,50,50,50,50.3968,50.5189,50.3358,50.3968,5.7081800000000005,0.396825,1.31258,59.6154,33.486,54.9756,23.4737,57.6618,27.6252,53.1441,2.77778,0.396825,1128.01,180.111,1499.89,0.0,1.0,1.0,1.0,1.0,0.0,0.07783949999999999,44.9649,44.8611,45.38,44.8611,0.129731,13.9364,95.4264,91.8018,92.018,95.6761,0.0,8.06044,13.4204,0.0,0.0,-38.817,97.5747,95.1803,38.7248,327.3520000000001,38.4579,309.135,288.86,40.821,417.423,415.388,415.268,515.803,513.986,591.8380000000002,418.801,416.35,520.144,507.187,600.188,406.942,404.271,525.7919999999998,524.0740000000002,616.039,406.004,404.921,525.935,524.503,619.06,432.741,432.597,537.814,535.31,615.464,433.676,432.8130000000001,539.1030000000002,538.53,615.104,591.12,600.81,21.5751,405.244,1142.19
2020-11-22 06:58:20,97.1001,97.5885,97.7717,98.6874,81.8376,81.8987,81.6545,82.1429,20.6044,20.116,20.4823,21.0317,15.1099,14.9267,15.7814,15.6593,15.8425,14.6215,14.9878,15.4151,46.7399,17.6313,24.7619,27.2039,98.1197,139.048,99.4872,83.7607,50,50,50,50,50.3358,50.1526,50.2747,50.2137,50,50,50,50,11.4469,11.2027,11.2637,11.8742,11.3248,10.8974,11.0195,11.2637,11.8132,12.4847,11.9353,12.1184,54.4872,56.1355,54.6093,55.5861,27.1367,25.7326,26.7705,26.16,46.0012,59.8596,45.2686,45.1465,33.0586,34.0965,34.768,31.8987,28.3578,28.2357,28.1746,28.4799,44.5971,44.6581,44.6581,44.475,34.0965,34.768,34.4628,34.5238,26.3431,26.6484,26.8926,26.7705,45.5739,45.2686,45.3907,45.5128,33.3639,33.3639,33.7302,33.0586,26.5873,27.0757,25.3053,30.6166,45.1465,44.3529,45.0855,44.8413,15.6593,15.232,30.9829,15.4762,15.3541,15.1099,38.9194,15.232,16.0867,15.232,15.8425,15.4151,35.3175,35.5006,36.0501,35.6838,97.2222,98.0769,97.2222,98.138,50.4579,50.2747,50.8242,50.7631,50,50,50,50,50.3968,50.5189,50.3358,50.3968,5.7081800000000005,0.396825,1.31258,59.6154,33.486,54.9756,23.4737,57.6618,27.6252,54.0598,2.77778,0.396825,1125.69,180.111,1499.86,0.0,1.0,1.0,1.0,1.0,0.0,0.07783949999999999,44.9649,44.8611,45.38,44.8611,0.129731,13.9364,94.9805,90.2325,92.7023,96.3715,0.0,7.9615399999999985,14.0613,0.0,0.0,-62.3685,97.5747,95.1803,38.1519,327.921,38.4579,306.038,288.86,40.821,417.423,415.388,415.268,515.803,513.986,591.8380000000002,418.801,416.35,520.144,507.187,601.265,406.942,404.271,525.7919999999998,524.0740000000002,616.039,406.004,404.921,525.935,523.502,619.06,432.741,432.597,537.814,535.31,615.464,433.676,432.8130000000001,539.1030000000002,538.53,615.104,591.12,600.81,21.5751,405.772,1141.63
2020-11-22 06:58:25,97.1001,97.5885,97.7717,98.6874,81.8376,81.8987,81.6545,82.1429,21.4591,20.9707,21.398000000000003,21.0317,15.1099,14.9267,15.7814,15.6593,15.8425,14.6215,14.9878,15.4151,47.7167,16.7521,24.7619,29.1575,98.1197,139.92700000000002,98.6081,83.7607,50,50,50,50,50.3358,50.1526,50.2747,50.2137,50,50,50,50,11.4469,11.2027,11.2637,11.8742,11.3248,10.8974,11.0195,11.2637,11.8132,12.4847,11.9353,12.1184,54.4872,56.1355,54.6093,55.5861,27.1367,25.7326,26.7705,26.16,46.0012,59.8596,45.2686,45.1465,33.0586,34.0965,34.768,31.8987,28.3578,28.2357,28.1746,28.4799,44.5971,45.2076,44.6581,45.0244,34.0965,34.768,34.4628,34.5238,26.3431,26.6484,26.8926,26.7705,45.5739,45.8181,45.3907,45.5128,33.3639,33.3639,33.7302,33.0586,26.5873,27.0757,25.3053,30.6166,45.1465,44.3529,45.0855,44.8413,15.6593,15.232,30.9829,15.4762,15.3541,15.1099,38.9194,15.232,16.0867,15.232,15.8425,15.4151,35.3175,35.5006,36.0501,35.6838,97.2222,98.0769,97.2222,98.138,50.4579,50.2747,50.8242,50.7631,50,50,50,50,50.3968,50.5189,50.3358,50.3968,5.7081800000000005,0.396825,1.31258,59.6154,33.486,54.9756,23.4737,57.6618,27.6252,54.0598,2.77778,0.396825,1124.67,180.111,1501.98,0.0,1.0,1.0,1.0,1.0,0.0,0.07783949999999999,44.9649,44.8611,45.38,44.8611,0.129731,13.9364,94.9805,90.9332,92.7023,97.2669,0.0,7.9615399999999985,14.8135,0.0,0.0,-63.3798,97.5747,95.1803,38.1519,327.221,39.641,303.791,288.86,40.821,417.423,415.388,415.268,515.803,513.986,591.8380000000002,418.801,416.35,520.144,507.187,601.265,406.942,404.271,524.79,524.0740000000002,616.039,406.004,404.921,524.933,523.502,619.06,432.741,432.597,537.814,535.31,616.47,433.676,432.8130000000001,539.1030000000002,538.53,615.104,592.149,600.81,21.5751,404.715,1141.63
2020-11-22 06:58:30,97.1001,97.5885,97.7717,98.6874,81.8376,81.8987,81.6545,82.1429,21.4591,21.9475,21.398000000000003,21.8864,15.1099,14.9267,15.7814,15.6593,15.8425,14.6215,14.9878,15.4151,47.7167,17.7289,24.7619,29.1575,98.9988,139.048,100.757,84.6398,50,50,50,50,50.3358,50.1526,50.2747,50.2137,50,50,50,50,11.4469,11.2027,11.2637,11.8742,11.3248,10.8974,11.0195,11.2637,11.8132,12.4847,11.9353,12.1184,54.4872,56.1355,54.6093,55.5861,27.1367,26.2821,26.7705,26.16,46.0012,59.8596,45.2686,45.1465,33.0586,34.0965,34.768,36.4164,28.3578,28.2357,28.1746,28.4799,44.5971,45.2076,44.6581,45.0244,34.0965,34.768,34.4628,34.5238,26.3431,26.6484,26.8926,26.7705,45.5739,45.8181,45.3907,45.5128,33.3639,33.3639,33.7302,33.0586,26.5873,27.1978,25.3053,30.6166,45.1465,44.3529,45.0855,44.8413,15.6593,15.232,30.9829,15.4762,15.3541,15.1099,38.9194,15.232,16.0867,15.232,15.8425,15.4151,35.3175,35.5006,36.0501,35.6838,97.2222,98.0769,97.2222,98.138,50.4579,50.2747,50.8242,50.7631,50,50,50,50,50.3968,50.5189,50.3358,50.3968,5.7081800000000005,0.396825,1.31258,59.6154,33.486,54.9756,23.4737,57.6618,27.6252,54.0598,2.77778,0.396825,1123.42,180.705,1504.31,0.0,1.0,1.0,1.0,1.0,0.0,0.07783949999999999,44.9649,44.8611,45.38,44.8611,0.129731,13.9364,95.6087,88.1108,92.7023,96.2302,0.0,7.9615399999999985,14.8135,0.0,0.0,-54.4526,97.5747,95.1803,38.8433,327.221,38.6396,301.515,288.86,40.821,417.423,415.388,415.268,515.803,513.986,591.8380000000002,418.801,416.35,520.144,507.187,601.265,406.942,404.271,524.79,524.0740000000002,616.039,406.004,404.921,524.933,523.502,619.06,432.741,432.597,537.814,535.31,616.47,433.676,432.8130000000001,539.1030000000002,538.53,615.104,592.149,600.81,21.5751,405.244,1141.11
2020-11-22 06:58:35,97.1001,97.5885,97.7717,98.6874,81.8376,81.8987,81.6545,82.1429,22.6801,21.9475,21.9475,21.8864,15.1099,14.9267,15.7814,15.6593,15.8425,14.6215,14.9878,15.4151,47.7167,17.7289,25.9341,27.9853,98.9988,141.099,102.027,83.7607,50,50,50,50,50.3358,50.1526,50.2747,50.2137,50,50,50,50,11.4469,11.2027,11.2637,11.8742,11.3248,11.4469,11.0195,11.2637,11.8132,12.4847,11.9353,12.1184,54.4872,56.1355,54.6093,55.5861,27.1367,26.2821,26.7705,26.16,46.0012,59.8596,45.2686,45.1465,33.0586,34.0965,34.768,36.4164,29.0293,28.2357,28.1746,28.4799,44.5971,45.2076,44.6581,45.0244,34.0965,34.768,34.4628,34.5238,26.3431,26.6484,26.8926,26.7705,45.5739,45.8181,45.3907,46.0623,33.3639,33.3639,33.7302,33.0586,26.5873,27.1978,25.3053,30.6166,45.1465,44.3529,45.0855,44.8413,15.6593,15.232,30.9829,15.4762,15.3541,15.1099,38.9194,15.232,16.0867,15.232,15.8425,15.4151,35.3175,35.5006,36.0501,35.6838,97.2222,98.0769,97.2222,98.138,50.4579,50.2747,50.8242,50.7631,50,50,50,50,50.3968,50.5189,50.3358,50.3968,5.7081800000000005,0.396825,1.31258,59.6154,33.486,54.9756,23.4737,57.6618,27.6252,54.0598,2.77778,0.396825,1126.82,180.705,1504.69,0.0,1.0,1.0,1.0,1.0,0.0,0.07783949999999999,44.9649,44.8611,45.38,44.8611,0.129731,13.9364,94.7297,89.6221,92.7023,96.2302,0.0,7.9615399999999985,14.8135,0.0,0.0,-32.1987,97.5747,95.1803,39.4234,324.379,39.1951,298.75,288.86,40.821,417.423,415.388,415.268,515.803,513.986,592.866,418.801,416.35,520.144,507.187,601.265,406.942,404.271,524.79,524.0740000000002,616.039,406.004,404.921,524.933,523.502,619.06,432.741,432.597,537.814,535.31,616.47,433.676,432.8130000000001,539.1030000000002,538.53,615.104,592.149,600.81,21.5751,405.244,1141.11
2020-11-22 06:58:40,97.1001,97.5885,97.7717,98.6874,81.8376,81.8987,81.6545,82.1429,22.6801,23.5958,22.7411,23.5958,15.1099,14.9267,15.7814,14.9267,15.8425,14.6215,14.9878,15.4151,48.8889,17.7289,25.9341,26.0317,98.9988,140.122,102.027,82.8816,50,50,50,50,50.3358,50.1526,50.2747,50.2137,50,50,50,50,11.4469,11.2027,11.2637,11.8742,11.3248,11.4469,11.0195,11.2637,11.8132,12.4847,11.9353,12.1184,54.4872,56.1355,54.6093,55.5861,27.1367,26.2821,26.7705,26.16,46.0012,59.8596,45.2686,45.1465,33.0586,34.0965,34.768,35.8669,29.0293,28.2357,28.1746,28.4799,44.5971,45.2076,44.6581,45.0244,34.0965,34.768,34.4628,34.5238,26.3431,26.6484,26.8926,26.7705,45.5739,45.8181,45.3907,46.0623,33.3639,33.3639,33.7302,33.0586,26.5873,27.1978,25.3053,30.6166,45.1465,44.3529,45.0855,44.8413,15.6593,15.232,30.9829,15.4762,15.3541,15.1099,38.9194,15.232,16.0867,15.232,15.8425,15.4151,35.3175,35.5006,36.0501,35.6838,97.2222,98.0769,97.2222,98.138,50.4579,50.2747,50.8242,50.7631,50,50,50,50,50.3968,50.5189,50.3358,50.3968,5.7081800000000005,0.396825,1.31258,59.6154,33.486,54.9756,21.8864,57.6618,27.6252,54.0598,2.77778,0.396825,1125.69,180.705,1499.97,0.0,1.0,1.0,1.0,1.0,0.0,0.07783949999999999,44.9649,44.8611,45.38,44.8611,0.129731,14.5391,96.6364,89.8295,92.7023,96.9942,0.0,7.9615399999999985,14.8135,0.0,0.0,-25.7914,97.5747,95.1803,39.4234,322.949,39.1951,296.319,288.86,40.821,417.423,415.388,415.268,515.803,513.986,592.866,418.801,416.35,520.025,507.187,601.265,406.942,404.271,524.79,524.0740000000002,616.039,406.004,404.921,524.933,523.502,619.06,432.741,432.597,538.816,535.31,616.47,433.676,432.8130000000001,539.1030000000002,538.53,615.104,592.149,600.81,21.5751,405.244,1141.11
2020-11-22 06:58:45,97.1001,97.5885,97.7717,98.6874,81.8376,81.8987,81.6545,82.1429,22.6801,22.8632,22.7411,23.5958,15.1099,14.9267,15.7814,15.5983,15.8425,14.6215,14.9878,15.4151,48.8889,17.7289,25.9341,26.0317,98.9988,140.122,102.906,81.7094,50,50,50,50,50.3358,50.1526,50.2747,50.2137,50,50,50,50,11.4469,11.2027,11.2637,11.8742,10.7753,10.7143,11.0195,11.2637,11.8132,12.4847,11.9353,12.1184,54.4872,56.1355,54.6093,55.5861,27.1367,26.2821,26.7705,26.16,46.0012,59.8596,45.2686,45.1465,33.0586,34.0965,34.768,35.0122,29.0293,28.2357,28.1746,28.4799,44.5971,45.2076,44.6581,45.0244,34.0965,34.768,34.4628,34.5238,26.3431,26.6484,26.8926,26.7705,45.5739,45.8181,45.3907,46.0623,33.3639,33.3639,33.7302,33.0586,26.5873,26.0379,25.3053,30.6166,45.1465,44.3529,45.0855,44.8413,15.6593,15.232,30.9829,15.4762,15.3541,15.1099,38.9194,15.232,16.0867,15.232,15.8425,15.4151,35.3175,35.5006,36.0501,35.6838,97.2222,98.0769,97.2222,98.138,50.4579,50.2747,50.8242,50.7631,50,50,50,50,50.3968,50.5189,50.3358,50.3968,5.7081800000000005,0.396825,1.31258,59.6154,33.486,54.9756,21.8864,57.6618,27.6252,54.0598,2.77778,0.396825,1124.44,180.705,1498.11,0.0,1.0,1.0,1.0,1.0,0.0,0.07783949999999999,44.9649,44.8611,45.38,44.8611,0.129731,14.5391,96.8898,89.8236,92.7023,96.2167,0.0,7.9615399999999985,14.0695,0.0,0.0,-29.2276,97.5747,95.1803,38.8014,322.324,38.1759,294.22,288.86,40.821,417.423,415.388,415.268,515.803,513.986,592.866,418.801,416.35,520.025,506.185,601.265,406.942,404.271,524.79,524.0740000000002,616.039,406.004,404.921,524.933,523.502,619.06,432.741,432.597,538.816,535.31,616.47,433.676,432.8130000000001,539.1030000000002,538.53,616.111,592.149,600.81,21.5751,405.772,1141.11
2020-11-22 06:58:50,97.1001,97.5885,97.7717,98.6874,81.8376,81.8987,81.6545,82.1429,24.2064,22.8632,23.4127,23.5958,15.1099,14.9267,15.7814,15.5983,15.8425,14.6215,14.9878,15.4151,48.8889,17.7289,25.9341,27.0085,97.7289,138.755,100.464,82.7839,50,50,50,50,50.3358,50.1526,50.2747,50.2137,50,50,50,50,11.4469,11.2027,11.2637,11.8742,10.7753,10.7143,11.0195,11.2637,11.8132,12.4847,11.9353,12.1184,54.4872,56.1355,54.6093,55.5861,27.1367,26.2821,26.7705,26.16,46.0012,59.8596,45.2686,45.1465,33.0586,34.0965,34.768,35.0122,29.0293,28.2357,28.1746,28.4799,44.5971,45.2076,44.6581,45.0244,34.0965,34.768,34.4628,34.5238,26.3431,26.6484,26.8926,26.7705,45.5739,45.8181,45.3907,46.0623,33.3639,33.3639,33.7302,33.0586,26.5873,26.8315,25.3053,30.6166,45.1465,44.3529,45.0855,44.8413,15.6593,15.232,30.9829,15.4762,15.3541,15.1099,38.9194,15.232,16.0867,15.232,15.8425,15.4151,35.3175,35.5006,36.0501,35.6838,97.2222,98.0769,97.2222,98.138,50.4579,50.2747,50.8242,50.7631,50,50,50,50,50.3968,50.5189,50.3358,50.3968,5.7081800000000005,0.396825,1.31258,59.6154,33.486,54.9756,21.8864,57.6618,27.6252,54.0598,2.77778,0.396825,1122.29,180.705,1503.27,0.0,1.0,1.0,1.0,1.0,0.0,0.07783949999999999,44.9649,44.8611,45.38,44.8611,0.129731,14.5391,95.0158,91.9442,91.8761,97.0188,0.0,7.9615399999999985,17.555999999999994,0.0,0.0,-10.8211,97.5747,95.1803,38.8014,321.17,38.8195,292.401,288.86,40.821,417.423,415.388,415.268,515.803,513.986,592.866,418.801,416.35,519.882,506.185,601.265,406.942,404.271,524.79,524.0740000000002,616.039,406.004,404.921,524.933,523.502,619.06,432.741,432.597,538.816,535.31,616.47,433.676,432.8130000000001,539.1030000000002,538.53,616.111,593.153,601.84,21.5751,405.244,1141.11
2020-11-22 06:58:55,97.1001,97.5885,97.7717,98.6874,81.8376,81.8987,81.6545,83.1807,24.2064,23.6569,23.4127,23.5958,15.1099,14.9267,15.7814,15.5983,15.8425,15.1709,14.9878,15.4151,48.8889,17.7289,24.9573,27.9853,96.5568,137.778,98.2173,82.7839,50,50,50,50,50.3358,50.1526,50.2747,50.2137,50,50,50,50,11.4469,11.2027,11.2637,11.8742,10.7753,10.7143,11.0195,11.2637,11.8132,12.4847,11.9353,12.1184,54.4872,56.1355,54.6093,55.5861,27.1367,26.2821,26.7705,26.16,46.0012,59.8596,45.2686,45.1465,33.0586,34.0965,34.768,35.0122,29.0293,28.2357,28.1746,28.4799,44.5971,45.2076,44.6581,45.0244,34.0965,34.768,34.4628,34.5238,26.8926,26.6484,26.8926,26.7705,45.5739,45.8181,45.3907,46.0623,33.3639,33.3639,33.7302,33.0586,26.5873,26.8315,25.3053,30.6166,45.1465,44.3529,45.0855,44.8413,15.6593,15.232,30.9829,15.4762,14.8046,15.1099,38.9194,15.232,16.0867,15.232,15.8425,15.4151,35.3175,35.5006,36.0501,35.6838,97.2222,98.0769,97.2222,98.138,50.4579,50.2747,50.8242,50.7631,50,50,50,50,50.3968,50.5189,50.3358,50.3968,5.7081800000000005,0.396825,1.31258,59.6154,33.486,54.9756,21.8864,57.6618,27.6252,54.0598,2.77778,0.396825,1122.29,180.705,1504.7,0.0,1.0,1.0,1.0,1.0,0.0,0.07783949999999999,44.9649,44.8611,45.38,44.8611,0.129731,15.1419,96.0965,90.9113,94.374,97.0188,0.0,8.06044,14.4706,0.0,0.0,-9.36757,97.5747,95.1803,38.8014,320.415,39.4958,290.315,288.86,40.821,417.423,416.422,415.268,515.803,513.986,593.871,418.801,416.35,519.882,506.185,602.271,406.942,404.271,524.79,524.0740000000002,616.039,406.004,404.921,524.933,523.502,619.06,432.741,432.597,538.816,536.311,616.47,433.676,432.8130000000001,539.1030000000002,538.53,616.111,593.153,601.84,21.5751,404.715,1140.5
2020-11-22 06:59:00,97.1001,97.5885,97.7717,98.6874,81.8376,81.8987,81.6545,83.1807,24.2064,23.6569,24.3895,23.5958,15.1099,14.9267,15.7814,15.5983,15.8425,15.1709,14.9878,15.4151,48.8889,18.6081,24.9573,30.3297,97.5336,136.606,99.0965,82.7839,50,50,50,50,50.3358,50.1526,50.2747,50.2137,50,50,50,50,11.4469,11.2027,11.2637,11.8742,10.7753,10.7143,11.0195,11.2637,11.8132,12.4847,11.9353,12.1184,54.4872,56.1355,54.6093,55.5861,27.1367,26.2821,26.7705,26.16,46.0012,59.8596,45.2686,45.1465,33.0586,34.0965,34.768,34.4628,29.0293,28.2357,28.1746,28.4799,44.5971,45.2076,44.6581,45.0244,34.0965,34.768,34.4628,34.5238,26.8926,26.6484,26.8926,26.7705,45.5739,45.8181,45.3907,46.0623,33.3639,33.3639,33.7302,33.0586,26.5873,26.8315,25.3053,30.6166,45.1465,44.3529,45.0855,44.8413,15.6593,15.232,30.9829,15.4762,14.8046,15.1099,38.9194,15.232,16.0867,15.232,15.8425,15.4151,35.3175,35.5006,36.0501,35.6838,97.2222,98.0769,97.2222,98.138,50.4579,50.2747,50.8242,50.7631,50,50,50,50,50.3968,50.5189,50.3358,50.3968,5.7081800000000005,0.396825,1.31258,59.6154,33.486,54.9756,21.8864,57.6618,27.6252,54.0598,2.77778,0.396825,1119.96,180.115,1501.5,0.0,1.0,1.0,1.0,1.0,0.0,0.07783949999999999,44.9649,44.8611,45.38,44.8611,0.129731,15.1419,96.6283,90.9526,92.3947,97.0188,0.0,8.06044,15.0031,0.0,0.0,-1.30569,97.5747,95.1803,37.6007,322.82,40.4684,287.934,288.86,40.821,417.423,416.422,415.268,515.803,513.986,593.871,418.801,416.35,519.882,506.185,602.271,406.942,404.271,524.79,524.0740000000002,616.039,406.004,404.921,524.933,523.502,619.06,432.741,432.597,538.816,536.311,616.47,433.676,432.8130000000001,539.1030000000002,539.5319999999998,616.111,593.153,601.84,21.5751,405.244,1139.45
2020-11-22 06:59:05,97.1001,97.5885,97.7717,98.6874,82.3871,81.8987,81.6545,83.1807,24.2064,23.6569,24.3895,24.2674,15.1099,14.9267,15.7814,15.5983,15.8425,15.1709,14.9878,15.4151,48.8889,18.6081,24.9573,30.3297,98.6081,137.778,97.6313,81.6117,50,50,50,50,50.3358,50.1526,50.2747,50.2137,50,50,50,50,11.4469,11.2027,11.2637,11.8742,10.7753,10.7143,11.0195,11.2637,11.8132,12.4847,11.9353,12.1184,54.4872,56.1355,54.6093,55.5861,27.1367,26.2821,26.7705,26.16,46.0012,59.8596,45.2686,45.1465,33.0586,34.0965,34.768,33.9133,29.0293,28.2357,28.1746,28.4799,44.5971,45.2076,44.6581,45.0244,34.0965,34.768,34.4628,34.5238,26.8926,26.6484,26.8926,26.7705,45.5739,45.8181,45.3907,46.0623,33.3639,33.3639,33.7302,33.0586,26.5873,26.16,25.3053,30.6166,45.1465,44.3529,45.0855,44.8413,15.6593,15.232,30.9829,15.4762,14.8046,15.1099,38.9194,15.232,16.0867,15.232,15.8425,15.4151,35.3175,35.5006,36.0501,35.6838,97.2222,98.0769,97.2222,98.138,50.4579,50.2747,50.8242,50.7631,50,50,50,50,50.3968,50.5189,50.3358,50.3968,5.7081800000000005,0.396825,1.31258,59.6154,33.486,54.9756,21.8864,58.7607,27.6252,54.0598,2.77778,0.396825,1115.21,180.115,1504.16,0.0,1.0,1.0,1.0,1.0,0.0,0.07783949999999999,44.9649,44.8611,45.38,44.8611,0.129731,15.1419,96.0027,88.93799999999997,91.6868,96.2013,0.0,8.06044,15.0031,0.0,0.0,-19.6705,97.5747,95.1803,37.0943,325.376,39.0081,288.444,288.86,40.821,417.423,416.422,415.268,515.803,513.986,593.871,418.801,416.35,519.739,506.185,602.271,406.942,404.271,524.79,524.0740000000002,616.039,406.004,404.921,524.933,523.502,619.06,432.741,432.597,538.816,536.311,617.477,433.676,432.8130000000001,539.1030000000002,539.5319999999998,616.111,594.158,601.84,21.5751,405.244,1138.95
2020-11-22 06:59:10,97.1001,97.5885,97.7717,98.6874,82.3871,81.8987,81.6545,82.6313,24.7558,24.2674,24.3895,24.2674,15.1099,14.9267,15.7814,15.5983,15.8425,15.1709,14.9878,15.4151,49.768,18.6081,25.9341,31.3065,97.7289,139.048,97.0452,80.7326,50,50,50,50,50.3358,50.1526,50.2747,50.2137,50,50,50,50,11.4469,11.2027,11.2637,11.8742,10.6532,10.7143,11.0195,11.2637,11.8132,12.4847,11.9353,12.1184,54.4872,56.1355,54.6093,55.5861,27.1367,26.2821,26.7705,26.16,46.0012,59.8596,45.2686,45.1465,33.0586,34.0965,34.768,33.9133,29.0293,28.2357,28.1746,28.4799,44.5971,45.2076,44.6581,45.0244,34.0965,34.768,34.4628,34.5238,26.8926,26.6484,26.8926,26.7705,45.5739,45.8181,45.3907,46.0623,33.3639,33.3639,33.7302,33.0586,26.5873,26.8926,25.3053,30.6166,45.1465,44.3529,45.0855,44.8413,15.6593,15.232,30.9829,15.4762,14.8046,15.1099,38.9194,15.232,16.0867,15.232,15.8425,15.4151,35.3175,35.5006,36.0501,35.6838,97.2222,98.0769,97.2222,98.138,50.4579,50.2747,50.8242,50.7631,50,50,50,50,50.3968,50.5189,50.3358,50.3968,5.7081800000000005,0.396825,1.31258,59.6154,33.486,54.9756,21.8864,58.7607,27.6252,54.0598,2.77778,0.396825,1117.54,180.115,1507.9,0.0,1.0,1.0,1.0,1.0,0.0,0.07783949999999999,44.9649,44.8611,45.38,44.8611,0.129731,15.1419,96.0027,88.9755,92.9018,96.9959,0.0,7.9615399999999985,15.8393,0.0,0.0,-43.1833,97.5747,95.1803,36.4589,323.134,39.6469,292.128,288.86,41.8481,417.423,416.422,415.268,515.803,513.986,593.871,418.801,416.35,519.739,505.18300000000005,602.271,406.942,404.271,524.79,524.0740000000002,616.039,406.004,404.921,524.933,523.502,619.06,432.741,432.597,538.816,536.311,617.477,433.676,432.8130000000001,540.105,539.5319999999998,616.111,594.158,601.84,21.5751,405.772,1137.77
2020-11-22 06:59:15,97.1001,97.5885,97.7717,98.6874,82.3871,81.8987,81.6545,82.6313,24.7558,24.2674,24.3895,24.2674,15.1099,14.9267,15.7814,15.5983,15.8425,14.6215,14.9878,15.4151,49.768,18.6081,25.9341,31.3065,97.7289,138.755,93.2356,80.7326,50,50,50,50,50.3358,50.1526,50.2747,50.2137,50,50,50,50,11.4469,11.2027,11.2637,11.8742,10.6532,10.7143,11.0195,11.2637,11.8132,12.4847,11.9353,12.1184,54.4872,56.1355,54.6093,55.5861,27.1367,26.2821,26.7705,26.16,46.0012,59.8596,45.2686,45.1465,33.0586,34.0965,34.768,33.3028,29.0293,28.2357,28.1746,28.4799,45.2686,45.2076,44.6581,45.0244,34.0965,34.768,33.9133,34.5238,26.8926,26.6484,26.8926,26.7705,45.5739,45.8181,45.3907,46.0623,33.3639,33.3639,33.7302,33.0586,26.5873,26.8926,25.3053,30.6166,45.1465,44.3529,45.0855,44.8413,15.6593,15.232,30.9829,15.4762,14.8046,15.1099,38.9194,15.232,16.0867,15.232,15.8425,15.4151,35.3175,35.5006,36.0501,35.6838,97.2222,98.0769,97.2222,98.138,50.4579,50.2747,50.8242,50.7631,50,50,50,50,50.3968,50.5189,50.3358,50.3968,5.7081800000000005,0.396825,1.31258,59.6154,33.486,54.9756,21.8864,58.7607,27.6252,54.0598,2.77778,0.396825,1118.8,180.677,1510.46,0.0,1.0,1.0,1.0,1.0,0.0,0.07783949999999999,44.9649,44.8611,45.38,44.8611,0.129731,15.1419,95.1994,90.3938,92.9018,97.8442,0.0,8.06044,15.8393,0.0,0.0,-22.5702,97.5747,95.1803,37.0943,318.677,38.971,295.14,288.86,41.8481,417.423,416.422,415.268,515.803,513.986,594.876,419.81,416.35,519.739,505.18300000000005,602.271,406.942,404.271,524.79,524.0740000000002,616.039,406.004,404.921,524.933,523.502,619.06,432.741,432.597,538.816,536.311,617.477,433.676,432.8130000000001,540.105,539.5319999999998,616.111,594.158,601.84,21.5751,405.244,1137.21
2020-11-22 06:59:20,97.1001,97.5885,97.7717,98.6874,82.3871,81.8987,81.6545,82.6313,25.3053,25.0611,25.0,24.2674,15.1099,14.9267,15.7814,15.5983,15.8425,15.1709,14.9878,15.4151,49.768,18.6081,25.9341,31.3065,96.6544,137.875,93.2356,80.7326,50,50,50,50,50.3358,50.1526,50.2747,50.2137,50,50,50,50,11.4469,11.2027,11.2637,11.8742,10.6532,10.7143,11.0195,11.2637,11.8132,12.4847,11.9353,12.1184,54.4872,56.1355,54.6093,55.5861,27.1367,26.2821,26.7705,26.16,46.0012,59.8596,45.2686,45.1465,33.0586,34.0965,34.768,32.5092,29.0293,28.2357,28.1746,28.4799,45.2686,45.2076,44.6581,45.0244,34.0965,34.768,33.9133,34.5238,26.8926,26.6484,26.8926,26.7705,45.5739,45.8181,45.3907,46.0623,33.3639,33.3639,33.7302,33.0586,26.5873,26.8926,25.3053,30.6166,45.1465,44.3529,45.0855,44.8413,15.6593,15.232,30.9829,15.4762,14.8046,15.1099,38.9194,15.232,16.0867,15.232,15.8425,15.4151,35.3175,35.5006,36.0501,35.6838,97.2222,98.0769,97.2222,98.138,50.4579,50.2747,50.8242,50.7631,50,50,50,50,50.3968,50.5189,50.3358,50.3968,5.7081800000000005,0.396825,1.31258,59.6154,33.486,54.9756,21.8864,58.7607,27.6252,54.0598,2.77778,0.396825,1109.31,180.677,1510.03,0.0,1.0,1.0,1.0,1.0,0.0,0.07783949999999999,44.9649,44.8611,45.38,44.8611,0.129731,15.1419,96.0083,92.1782,94.1924,97.8442,0.0,8.06044,26.6534,0.0,0.0,-17.6027,97.5747,95.1803,37.7605,315.09,37.8851,297.12,288.86,41.8481,417.423,416.422,415.268,515.803,513.986,594.876,419.81,416.35,519.882,505.18300000000005,602.271,406.942,404.271,524.79,524.0740000000002,616.039,406.004,404.921,524.933,523.502,619.06,432.741,432.597,538.816,536.311,617.477,433.676,432.8130000000001,540.105,539.5319999999998,616.111,594.158,601.84,21.5751,405.244,1136.58
2020-11-22 06:59:25,97.1001,97.5885,97.7717,98.6874,82.3871,81.8987,81.6545,82.6313,25.3053,25.6105,25.0,26.16,15.1099,14.9267,15.7814,15.5983,15.8425,15.1709,14.9878,15.4151,49.768,18.6081,25.0549,32.1856,96.7521,137.875,97.2405,82.4908,50,50,50,50,50.3358,50.1526,50.2747,50.2137,50,50,50,50,11.4469,11.2027,11.2637,11.8742,10.6532,10.7143,11.0195,11.2637,11.8132,12.4847,11.9353,12.1184,54.4872,56.1355,54.6093,55.5861,27.1367,26.2821,26.7705,26.16,46.0012,59.8596,45.2686,45.1465,33.0586,34.0965,34.768,32.5092,29.0293,28.2357,28.1746,28.4799,45.2686,45.2076,44.6581,45.0244,34.0965,34.768,33.9133,34.5238,26.8926,26.6484,26.8926,26.7705,45.5739,45.8181,45.3907,46.0623,33.3639,33.3639,33.7302,33.0586,26.5873,26.16,25.3053,30.6166,45.1465,44.3529,45.0855,44.8413,15.6593,15.232,30.9829,15.4762,14.8046,15.1099,38.9194,15.232,16.0867,15.232,15.8425,15.4151,35.3175,35.5006,36.0501,35.6838,97.2222,98.0769,97.2222,98.138,50.4579,50.2747,50.8242,50.7631,50,50,50,50,50.3968,50.5189,50.3358,50.3968,5.7081800000000005,0.396825,1.31258,59.6154,33.486,54.9756,21.8864,58.7607,27.6252,54.0598,2.77778,0.396825,1109.31,180.677,1506.5,0.0,1.0,1.0,1.0,1.0,0.0,0.07783949999999999,44.9649,44.8611,45.38,44.8611,0.129731,15.8034,96.0015,91.32,92.758,96.5609,0.0,8.06044,28.0535,0.0,0.0,-4.99594,97.5747,95.1803,39.0351,312.961,38.1393,298.755,288.86,41.8481,417.423,416.422,415.268,515.803,512.555,594.876,419.81,417.359,519.882,505.18300000000005,602.271,407.953,404.271,524.79,524.0740000000002,616.039,407.014,404.921,524.933,523.502,619.06,432.741,432.597,538.816,536.311,617.477,433.676,432.8130000000001,540.105,539.5319999999998,616.111,595.235,601.84,21.5751,405.772,1136.58
2020-11-22 06:59:30,97.1001,97.5885,97.7717,98.6874,82.3871,81.8987,81.6545,83.3639,25.3053,25.6105,25.0,26.16,15.1099,14.9267,15.7814,15.5983,15.8425,15.1709,14.9878,15.4151,49.768,17.7289,25.0549,33.1624,97.6313,136.996,96.3614,82.4908,50,50,50,50,50.3358,50.1526,50.2747,50.2137,50,50,50,50,11.4469,11.2027,11.2637,11.8742,10.6532,10.7143,11.0195,11.2637,11.8132,12.4847,11.9353,12.1184,54.4872,56.1355,54.6093,55.5861,27.1367,26.2821,26.7705,26.16,46.0012,59.8596,45.2686,45.1465,33.0586,34.0965,34.768,31.8376,29.0293,28.2357,28.1746,28.4799,45.9402,45.2076,44.6581,45.0244,34.0965,34.768,34.4628,34.5238,26.8926,26.6484,26.8926,26.7705,46.1844,45.8181,45.3907,46.0623,33.3639,33.3639,33.7302,33.0586,26.5873,27.3199,25.3053,30.6166,45.1465,44.3529,45.0855,44.8413,15.6593,15.232,30.9829,15.4762,14.8046,15.1099,38.9194,15.232,16.0867,15.232,15.8425,15.4151,35.3175,35.5006,36.0501,35.6838,97.2222,98.0769,97.2222,98.138,50.4579,50.2747,50.8242,50.7631,50,50,50,50,50.3968,50.5189,50.3358,50.3968,5.7081800000000005,0.396825,1.31258,59.6154,33.486,54.9756,21.8864,58.7607,27.6252,54.0598,2.77778,0.396825,1106.96,180.677,1508.9,0.0,1.0,1.0,1.0,1.0,0.0,0.07783949999999999,44.9649,44.8611,45.38,44.8611,0.129731,15.8034,97.1762,90.6733,93.424,97.2389,0.0,8.06044,30.5381,0.0,0.0,-27.2654,97.5747,95.1803,37.9373,316.046,36.8903,298.755,288.86,41.8481,417.423,416.422,415.268,515.803,510.265,595.881,419.81,417.359,520.025,505.18300000000005,602.271,407.953,405.282,524.79,524.0740000000002,616.039,407.014,405.932,524.933,523.502,619.06,432.741,432.597,539.818,536.311,617.477,433.676,432.8130000000001,540.105,539.5319999999998,617.118,595.235,602.845,21.5751,405.772,1136.58
2020-11-22 06:59:35,97.1001,97.5885,97.7717,98.6874,82.3871,81.8987,81.6545,83.3639,25.3053,25.6105,26.221,26.16,15.1099,14.9267,15.7814,14.9267,15.8425,15.1709,14.9878,15.4151,49.768,17.7289,25.0549,33.1624,98.5104,137.97299999999998,96.3614,82.4908,50,50,50,50,50.3358,50.1526,50.2747,50.2137,50,50,50,50,11.4469,11.2027,11.2637,11.8742,10.6532,10.7143,11.0195,11.2637,11.8132,12.4847,11.9353,12.1184,54.4872,56.1355,54.6093,55.5861,27.1367,26.2821,26.7705,26.16,46.0012,59.8596,44.7192,45.1465,33.0586,34.0965,34.768,31.8376,29.0293,28.2357,28.1746,28.4799,45.9402,45.2076,44.6581,45.0244,34.0965,34.768,34.4628,34.5238,26.8926,26.6484,26.8926,26.7705,46.1844,45.8181,45.3907,46.0623,33.3639,33.3639,33.7302,33.0586,26.5873,27.3199,25.3053,30.6166,45.1465,44.3529,45.0855,44.8413,15.6593,15.232,30.9829,15.4762,14.8046,15.1099,38.9194,15.232,16.0867,15.232,15.8425,15.4151,35.3175,35.5006,36.0501,35.6838,97.2222,98.0769,97.2222,98.138,50.4579,50.2747,50.8242,50.7631,50,50,50,50,50.3968,50.5189,50.3358,50.3968,5.7081800000000005,0.396825,1.31258,59.6154,33.486,54.9756,19.9328,58.7607,27.6252,54.0598,2.77778,0.396825,1109.31,181.235,1503.55,0.0,1.0,1.0,1.0,1.0,0.0,0.07783949999999999,44.9649,45.3281,45.38,44.8611,0.129731,15.8034,95.4275,90.0014,93.424,96.5306,0.0,8.06044,30.5381,0.0,0.0,-44.1367,97.5747,95.1803,37.3523,316.621,38.1393,297.34,288.86,41.8481,417.423,416.422,415.268,515.803,508.977,595.881,419.81,417.359,520.168,505.18300000000005,603.276,407.953,405.282,524.79,524.0740000000002,616.039,407.014,405.932,524.933,523.502,619.06,432.741,432.597,539.818,536.311,617.477,433.676,432.8130000000001,540.105,539.5319999999998,617.118,595.235,602.845,21.5751,405.244,1136.58
2020-11-22 06:59:40,97.1001,97.5885,97.7717,98.6874,82.3871,81.8987,81.6545,83.3639,25.8547,25.6105,26.221,26.16,15.1099,14.9267,15.7814,15.7204,15.8425,15.1709,14.9878,15.4151,49.768,17.7289,25.9341,32.0879,98.5104,136.996,97.4359,82.2955,50,50,50,50,50.3358,50.1526,50.2747,50.2137,50,50,50,50,11.4469,11.2027,11.2637,11.8742,11.4469,10.7143,11.0195,11.2637,11.8132,12.4847,11.9353,12.1184,54.4872,56.1355,54.6093,55.5861,27.1367,26.2821,26.7705,26.16,46.0012,59.8596,44.7192,45.1465,33.0586,34.0965,34.768,32.7534,29.0293,28.2357,28.1746,28.4799,45.9402,45.2076,44.6581,45.0244,34.0965,34.768,34.4628,34.5238,26.8926,26.6484,26.8926,26.7705,46.1844,45.8181,45.3907,46.0623,33.3639,33.3639,33.7302,33.0586,27.9304,27.3199,25.3053,30.6166,45.1465,44.3529,45.0855,44.8413,15.6593,15.232,30.9829,15.4762,15.3541,15.1099,38.9194,15.232,16.0867,15.232,15.8425,15.4151,35.3175,35.5006,36.0501,35.6838,97.2222,98.0769,97.2222,98.138,50.4579,50.2747,50.8242,50.7631,50,50,50,50,50.3968,50.5189,50.3358,50.3968,5.7081800000000005,0.396825,1.31258,59.6154,33.486,54.9756,19.9328,58.7607,27.6252,54.0598,2.77778,0.396825,1116.38,181.235,1509.83,0.0,1.0,1.0,1.0,1.0,0.0,0.07783949999999999,44.9649,45.3281,45.38,44.8611,0.129731,15.8034,97.0093,88.8425,93.424,95.82,0.0,8.06044,31.6848,0.0,0.0,-49.2111,97.5747,95.1803,37.3523,317.773,37.5036,295.9770000000001,288.86,41.8481,417.423,416.422,415.268,515.803,507.832,595.881,419.81,417.359,520.311,504.181,603.276,407.953,405.282,524.79,524.0740000000002,616.039,407.014,405.932,524.933,523.502,619.06,432.741,432.597,539.818,536.311,617.477,433.676,432.8130000000001,540.105,539.5319999999998,617.118,595.235,602.845,21.5751,405.772,1137.89
2020-11-22 06:59:45,97.1001,97.5885,97.7717,98.6874,82.3871,81.8987,81.6545,83.3639,25.8547,25.6105,26.221,26.16,15.1099,14.9267,15.7814,15.7204,15.8425,14.6215,14.9878,15.4151,49.768,17.7289,25.9341,31.0134,98.5104,136.996,97.8266,82.2955,50,50,50,50,50.3358,50.1526,50.2747,50.2137,50,50,50,50,11.4469,11.2027,11.2637,11.8742,11.4469,10.7143,11.0195,11.2637,11.8132,12.4847,11.9353,12.1184,54.4872,56.1355,54.6093,55.5861,27.1367,26.2821,26.7705,26.16,46.0012,59.8596,45.757,45.1465,33.0586,34.0965,34.768,32.7534,29.0293,28.2357,28.1746,28.4799,45.9402,45.2076,44.6581,45.0244,34.0965,34.768,34.4628,34.5238,26.8926,26.6484,26.8926,26.7705,46.1844,45.8181,45.3907,46.0623,33.3639,33.3639,33.7302,33.0586,27.1367,26.5873,25.3053,30.6166,45.1465,44.3529,45.0855,44.8413,15.6593,15.232,30.9829,15.4762,15.3541,15.1099,38.9194,15.232,16.0867,15.232,15.8425,15.4151,35.3175,35.5006,36.0501,35.6838,97.2222,98.0769,97.2222,98.138,50.4579,50.2747,50.8242,50.7631,50,50,50,50,50.3968,50.5189,50.3358,50.3968,5.7081800000000005,0.396825,1.31258,59.6154,33.486,54.9756,19.9328,58.7607,27.6252,54.0598,2.77778,0.396825,1115.21,181.235,1501.22,0.0,1.0,1.0,1.0,1.0,0.0,0.07783949999999999,44.9649,45.3281,45.38,44.8611,0.129731,15.8034,95.9134,88.8425,93.424,95.82,0.0,8.06044,31.1154,0.0,0.0,-54.7883,97.5747,95.1803,36.7139,319.284,37.5036,295.9770000000001,288.86,41.8481,417.423,417.431,415.268,516.805,506.758,595.881,419.81,417.359,520.597,504.181,603.276,407.953,405.282,524.79,524.0740000000002,616.039,407.014,405.932,524.933,523.502,619.06,432.741,432.597,539.818,536.311,617.477,433.676,432.8130000000001,540.105,539.5319999999998,617.118,596.24,602.845,21.5751,405.772,1139.26
2020-11-22 06:59:50,97.1001,97.5885,97.7717,98.6874,82.3871,81.8987,81.6545,83.3639,25.8547,25.6105,26.221,26.16,15.1099,14.9267,15.7814,15.7204,15.8425,14.6215,14.9878,15.4151,49.768,17.7289,25.9341,32.1856,98.5104,136.996,97.8266,81.3187,50,50,50,50,50.3358,50.1526,50.2747,50.2137,50,50,50,50,11.4469,11.2027,11.2637,11.8742,11.4469,10.7143,11.0195,11.2637,11.8132,12.4847,11.9353,12.1184,54.4872,56.1355,56.0745,55.5861,27.1367,26.2821,26.7705,26.16,46.0012,59.8596,45.757,45.1465,33.0586,34.0965,33.547,32.7534,29.0293,28.2357,28.1746,28.4799,45.9402,45.2076,44.6581,45.0244,34.0965,34.768,34.4628,34.5238,26.8926,26.6484,26.8926,26.7705,46.1844,45.8181,45.3907,46.0623,33.3639,33.3639,33.7302,33.0586,27.1367,27.1978,25.3053,30.6166,45.1465,44.3529,45.0855,44.8413,15.6593,15.232,30.9829,15.4762,15.3541,15.1099,38.9194,15.232,16.0867,15.232,15.8425,15.4151,35.3175,35.5006,36.0501,35.6838,97.2222,98.0769,97.2222,98.138,50.4579,50.2747,50.8242,50.7631,50,50,50,50,50.3968,50.5189,50.3358,50.3968,5.7081800000000005,0.396825,1.31258,59.6154,33.486,54.9756,19.9328,58.7607,27.6252,55.1587,2.77778,0.396825,1116.39,181.235,1509.15,0.0,1.0,1.0,1.0,1.0,0.0,0.07783949999999999,44.9649,45.3281,45.38,44.8611,0.129731,15.8034,96.8731,90.5769,94.0936,97.0972,0.0,8.06044,31.9238,0.0,0.0,-47.2064,97.5747,95.1803,36.7139,321.348,38.7043,295.9770000000001,288.86,41.8481,417.423,417.431,415.268,516.805,506.758,596.886,419.81,417.359,520.74,504.181,603.276,407.953,405.282,524.79,524.0740000000002,616.039,407.014,405.932,524.933,523.502,619.06,432.741,432.597,539.818,537.313,618.484,433.676,432.8130000000001,540.105,539.5319999999998,617.118,596.24,602.845,21.5751,405.244,1140.31
2020-11-22 06:59:55,97.1001,97.5885,97.7717,98.6874,82.3871,81.8987,81.6545,83.3639,26.4042,25.6105,26.221,26.16,15.1099,14.9267,15.7814,15.7204,15.8425,14.6215,14.9878,15.4151,49.768,17.7289,25.9341,32.1856,98.5104,137.875,99.6825,82.2955,50,50,50,50,50.3358,50.1526,50.2747,50.2137,50,50,50,50,11.4469,11.2027,11.2637,11.8742,11.4469,10.7143,11.0195,11.2637,11.8132,12.4847,11.9353,12.1184,54.4872,56.1355,56.0745,55.5861,27.1367,26.2821,26.7705,26.16,46.0012,59.8596,45.757,45.1465,33.0586,34.0965,33.547,32.7534,29.0293,28.2357,28.1746,28.4799,45.9402,45.2076,45.2076,45.0244,34.707,34.768,34.4628,34.5238,26.8926,26.6484,26.8926,26.7705,46.1844,45.8181,45.3907,46.0623,33.3639,33.3639,33.7302,33.0586,27.1367,27.1978,25.3053,30.6166,45.1465,44.3529,45.0855,44.8413,15.6593,15.232,30.9829,15.4762,15.3541,15.1099,38.9194,15.232,16.0867,15.232,15.8425,15.4151,35.3175,35.5006,36.0501,35.6838,97.2222,98.0769,97.2222,98.138,50.4579,50.2747,50.8242,50.7631,50,50,50,50,50.3968,50.5189,50.3358,50.3968,5.7081800000000005,0.396825,1.31258,59.6154,33.486,54.9756,19.9328,58.7607,27.6252,55.1587,2.77778,0.396825,1112.89,181.235,1506.8,0.0,1.0,1.0,1.0,1.0,0.0,0.07783949999999999,44.9649,45.3281,45.38,44.8611,0.129731,15.8034,95.3916,89.9304,93.4124,97.1368,0.0,8.06044,32.4785,0.0,0.0,-19.1776,97.5747,95.1803,37.453,321.348,38.7043,295.9770000000001,288.86,41.8481,417.423,417.431,415.268,516.805,505.756,596.886,420.818,417.359,521.0269999999998,504.181,603.276,407.953,405.282,524.79,524.0740000000002,616.039,407.014,405.932,524.933,523.502,619.06,432.741,432.597,539.818,537.313,618.484,433.676,432.8130000000001,540.105,539.5319999999998,617.118,596.24,602.845,21.5751,405.244,1141.66
2020-11-22 07:00:00,97.1001,97.5885,97.7717,98.6874,82.3871,81.8987,81.6545,83.3639,26.4042,25.6105,26.221,26.16,15.1099,14.9267,15.7814,15.7204,15.8425,14.6215,14.9878,15.4151,50.8425,18.7057,25.9341,31.1111,99.9756,137.875,99.6825,82.2955,50,50,50,50,50.3358,50.1526,50.2747,50.2137,50,50,50,50,11.4469,11.2027,11.2637,11.8742,11.4469,11.3248,11.0195,11.2637,11.8132,12.4847,11.9353,12.1184,54.4872,56.1355,55.464,55.5861,27.1367,26.2821,26.7705,26.16,46.0012,59.8596,45.757,45.1465,33.0586,34.0965,33.547,32.7534,29.0293,28.2357,28.1746,28.4799,45.9402,45.2076,45.2076,45.0244,34.707,34.768,34.4628,34.5238,26.8926,26.6484,26.8926,26.7705,46.1844,45.8181,45.3907,46.0623,33.3639,33.3639,33.7302,33.0586,27.1367,26.0989,25.3053,30.6166,45.1465,44.3529,45.0855,44.8413,15.6593,15.232,30.9829,15.4762,15.3541,15.1099,38.9194,15.232,16.0867,15.232,15.8425,15.4151,35.3175,35.5006,36.0501,35.6838,97.2222,98.0769,97.2222,98.138,50.4579,50.2747,50.8242,50.7631,50,50,50,50,50.3968,50.5189,50.3358,50.3968,5.7081800000000005,0.396825,1.31258,59.6154,33.486,54.9756,19.9328,58.7607,27.6252,55.1587,2.77778,0.396825,1115.24,181.235,1508.4,0.0,1.0,1.0,1.0,1.0,0.0,0.07783949999999999,44.9649,45.3281,45.38,44.8611,0.129731,15.8034,95.3916,90.8329,93.4124,97.0965,0.0,8.06044,32.0436,0.0,0.0,-27.9089,97.5747,95.1803,38.4592,319.199,38.7043,295.475,288.86,42.8795,417.423,417.431,415.268,516.805,505.756,596.886,420.818,418.36800000000005,521.17,504.181,603.276,407.953,405.282,524.79,524.0740000000002,616.039,407.014,405.932,524.933,523.502,619.06,432.741,432.597,539.818,537.313,618.484,433.676,432.8130000000001,540.105,540.534,617.118,597.245,602.845,21.5751,405.772,1142.19
2020-11-22 07:00:05,97.1001,97.5885,97.7717,98.6874,82.3871,81.8987,81.6545,83.3639,26.4042,26.4042,26.221,26.16,15.1099,14.9267,15.7814,15.7204,15.8425,14.6215,14.9878,15.4151,49.8657,18.7057,27.0085,32.381,101.343,137.875,99.6825,82.2955,50,50,50,50,50.3358,50.1526,50.2747,50.2137,50,50,50,50,11.4469,11.2027,11.2637,11.8742,11.4469,11.9353,11.0195,11.2637,11.8132,12.4847,11.9353,12.1184,54.4872,56.1355,56.685,55.5861,27.1367,26.2821,26.7705,26.16,46.0012,59.8596,45.757,45.1465,33.0586,34.0965,33.547,32.7534,29.0293,28.2357,28.1746,28.4799,45.9402,45.2076,45.2076,45.0244,34.707,34.768,34.4628,34.5238,26.8926,26.6484,26.8926,26.7705,46.1844,45.8181,45.3907,46.0623,33.3639,33.3639,33.7302,33.0586,27.1367,27.0757,25.3053,30.6166,45.1465,44.3529,45.0855,44.8413,15.6593,15.232,30.9829,15.4762,15.3541,15.1099,38.9194,15.232,16.0867,15.232,15.8425,15.4151,35.3175,35.5006,36.0501,35.6838,97.2222,98.0769,97.2222,98.138,50.4579,50.2747,50.8242,50.7631,50,50,50,50,50.3968,50.5189,50.3358,50.3968,5.7081800000000005,0.396825,1.31258,60.7143,33.486,54.9756,19.9328,58.7607,25.7326,55.1587,2.77778,0.396825,1112.89,180.716,1506.07,0.0,1.0,1.0,1.0,1.0,0.0,0.07783949999999999,44.9649,45.3281,45.38,44.8611,0.129731,14.892,95.3916,89.9596,93.4124,97.8384,0.0,8.06044,33.7785,0.0,0.0,-25.4868,97.5747,95.1803,38.4592,317.237,39.6849,296.517,288.86,42.8795,417.423,417.431,415.268,516.805,505.756,597.891,420.818,418.36800000000005,521.528,504.181,603.276,407.953,405.282,524.79,524.0740000000002,616.039,407.014,405.932,524.933,523.502,619.06,432.741,432.597,539.818,537.313,618.484,433.676,432.8130000000001,540.105,540.534,617.118,597.245,602.845,21.5751,405.772,1142.78
2020-11-22 07:00:10,97.1001,97.5885,97.7717,98.6874,82.3871,81.8987,82.2039,83.3639,26.4042,26.4042,26.221,26.16,15.1099,14.9267,15.7814,15.7204,15.8425,14.6215,14.9878,15.4151,49.8657,18.7057,27.8877,32.381,100.464,136.50799999999998,99.6825,82.2955,50,50,50,50,50.3358,50.1526,50.2747,50.2137,50,50,50,50,11.4469,11.2027,11.2637,11.8742,11.4469,10.9585,11.0195,11.2637,11.8132,12.4847,11.9353,12.1184,54.4872,56.1355,56.1355,55.5861,27.1367,26.2821,26.7705,26.16,46.0012,59.8596,45.757,45.1465,33.0586,34.0965,33.547,32.7534,29.0293,28.2357,28.1746,28.4799,45.9402,45.2076,45.2076,45.0244,34.707,34.768,34.4628,34.9512,26.8926,26.6484,26.8926,26.7705,46.1844,45.8181,45.3907,46.0623,33.3639,33.3639,33.7302,33.0586,27.1367,27.0757,25.3053,30.6166,45.1465,44.3529,45.0855,44.8413,15.6593,15.232,30.9829,15.4762,15.3541,15.1099,38.9194,15.232,16.0867,15.232,15.8425,15.4151,35.3175,35.5006,36.0501,35.6838,97.2222,98.0769,97.2222,98.138,50.4579,50.2747,50.8242,50.7631,50,50,50,50,50.3968,50.5189,50.3358,50.3968,5.7081800000000005,0.396825,1.31258,60.7143,33.486,54.9756,19.9328,58.7607,25.7326,55.1587,2.77778,0.396825,1104.6,180.716,1502.16,0.0,1.0,1.0,1.0,1.0,0.0,0.07783949999999999,44.9649,45.3281,45.38,44.8611,0.129731,13.3778,95.4047,89.2333,92.7925,97.5533,0.0,8.06044,38.5762,0.0,0.0,-16.1816,97.5747,95.1803,37.0943,317.237,38.2566,299.017,288.86,42.8795,417.423,417.431,415.268,516.805,505.756,597.891,420.818,418.36800000000005,521.814,503.179,603.276,407.953,405.282,524.79,524.0740000000002,616.039,407.014,405.932,524.933,523.502,619.06,432.741,432.597,539.818,537.313,618.484,433.676,432.8130000000001,541.107,540.534,617.118,597.245,602.845,21.5751,405.244,1143.32
2020-11-22 07:00:15,97.1001,97.5885,97.7717,98.6874,82.3871,81.8987,82.2039,83.3639,26.4042,26.4042,26.221,26.16,15.1099,14.9267,15.7814,15.7204,15.8425,14.6215,14.9878,15.4151,49.768,18.7057,27.8877,32.381,99.4872,137.485,99.6825,83.37,50,50,50,50,50.3358,50.1526,50.2747,50.2137,50,50,50,50,11.4469,11.2027,11.2637,11.8742,11.4469,10.9585,11.0195,11.2637,11.8132,12.4847,11.9353,12.1184,54.4872,56.1355,55.4029,55.5861,27.1367,26.2821,26.7705,26.16,46.0012,59.8596,45.757,45.1465,33.0586,34.0965,33.547,32.7534,29.0293,28.2357,28.1746,28.4799,45.9402,45.2076,45.2076,45.0244,34.707,34.768,34.4628,34.9512,26.8926,26.6484,26.8926,26.7705,46.1844,45.8181,45.3907,46.0623,33.3639,33.3639,33.7302,33.0586,27.1367,27.0757,25.3053,30.6166,45.1465,44.3529,45.0855,44.8413,15.6593,15.232,30.9829,15.4762,15.3541,15.1099,38.9194,15.232,16.0867,15.232,15.8425,15.4151,35.3175,35.5006,36.0501,35.6838,97.2222,98.0769,97.2222,98.138,50.4579,50.2747,50.8242,50.7631,50,50,50,50,50.3968,50.5189,50.3358,50.3968,5.7081800000000005,0.396825,1.31258,60.7143,33.486,54.9756,19.9328,58.7607,25.7326,55.1587,2.77778,0.396825,1099.95,180.716,1507.97,0.0,1.0,1.0,1.0,1.0,0.0,0.07783949999999999,44.9649,44.8611,45.38,44.8611,0.129731,13.3778,95.8073,90.1795,93.5388,98.5846,0.0,8.06044,44.5694,0.0,0.0,-5.48246,97.5747,95.1803,37.0943,314.367,39.9104,298.252,288.86,42.8795,417.423,418.44,415.268,516.805,503.561,597.891,420.818,418.36800000000005,522.172,503.179,603.276,407.953,405.282,524.79,524.0740000000002,616.039,407.014,405.932,524.933,523.502,619.06,432.741,432.597,539.818,537.313,618.484,433.676,432.8130000000001,541.107,540.534,617.118,598.25,602.845,21.5751,405.772,1143.32
2020-11-22 07:00:20,97.1001,97.5885,97.7717,98.6874,82.3871,81.8987,82.2039,83.3639,26.4042,26.4042,26.221,26.16,15.1099,14.9267,15.7814,15.7204,15.8425,15.1709,14.9878,15.4151,49.768,18.7057,27.8877,32.381,99.4872,136.50799999999998,99.6825,83.37,50,50,50,50,50.3358,50.1526,50.2747,50.2137,50,50,50,50,11.4469,11.2027,11.2637,11.8742,11.4469,10.9585,11.0195,11.2637,11.8132,12.4847,11.9353,12.1184,54.4872,56.1355,54.7924,55.5861,27.1367,26.2821,26.7705,26.16,46.0012,59.8596,45.757,45.1465,33.0586,34.0965,33.547,32.7534,29.0293,28.2357,28.1746,28.4799,45.9402,45.2076,45.2076,45.0244,34.707,34.768,34.4628,34.9512,26.8926,26.6484,26.8926,26.7705,46.1844,45.8181,45.3907,46.0623,33.3639,33.3639,33.7302,33.0586,27.1367,26.221,25.3053,30.6166,45.1465,44.3529,45.0855,44.8413,15.6593,15.232,30.9829,15.4762,15.3541,15.1099,38.9194,15.232,16.0867,15.232,15.8425,15.4151,35.3175,35.5006,36.0501,35.6838,97.2222,98.0769,97.2222,98.138,50.4579,50.2747,50.8242,50.7631,50,50,50,50,50.3968,50.5189,50.3358,50.3968,5.7081800000000005,0.396825,1.31258,60.7143,33.486,54.9756,19.9328,58.7607,25.7326,55.1587,2.77778,0.396825,1097.57,180.167,1507.48,0.0,1.0,1.0,1.0,1.0,0.0,0.07783949999999999,44.9649,44.8611,45.38,44.8611,0.129731,13.3778,96.6443,91.1052,93.5388,97.8437,0.0,8.06044,48.6273,0.0,0.0,-9.69777,97.5747,95.1803,37.862,313.834,42.3218,294.5420000000001,288.86,42.8795,417.423,418.44,415.268,516.805,499.91,597.891,420.818,418.36800000000005,522.4580000000002,503.179,603.276,407.953,405.282,524.79,524.0740000000002,616.039,407.014,405.932,524.933,523.502,619.06,432.741,432.597,539.818,537.313,618.484,433.676,432.8130000000001,541.107,540.534,617.118,598.25,602.845,21.5751,406.301,1143.32
2020-11-22 07:00:25,97.1001,97.5885,97.7717,98.6874,82.3871,81.8987,82.2039,83.3639,26.4042,26.4042,26.221,26.16,15.1099,14.9267,15.7814,15.7204,15.8425,15.1709,14.9878,15.4151,49.768,18.7057,27.8877,31.5018,99.4872,135.629,100.757,83.37,50,50,50,50,50.3358,50.1526,50.2747,50.2137,50,50,50,50,11.4469,11.2027,11.2637,11.8742,11.4469,10.9585,11.0195,11.2637,11.8132,12.4847,11.9353,12.1184,54.4872,56.1355,54.7924,55.5861,27.1367,26.2821,26.7705,26.16,46.0012,59.8596,45.757,45.1465,33.0586,34.0965,33.547,32.7534,29.0293,28.7851,28.1746,28.4799,45.9402,45.2076,45.2076,45.0244,34.707,34.768,34.4628,34.9512,26.8926,26.6484,26.8926,26.7705,46.1844,45.8181,45.3907,46.0623,33.3639,33.3639,33.7302,33.0586,26.5873,27.1978,25.3053,30.6166,45.1465,44.3529,45.0855,44.8413,15.6593,15.232,30.9829,15.4762,15.3541,15.1099,38.9194,15.232,16.0867,15.232,15.8425,15.4151,35.3175,35.5006,36.0501,35.6838,97.2222,98.0769,97.2222,98.138,50.4579,50.2747,50.8242,50.7631,50,50,50,50,50.3968,50.5189,50.3358,50.3968,5.7081800000000005,0.396825,1.31258,60.7143,33.486,54.9756,19.9328,58.7607,25.7326,55.1587,2.77778,0.396825,1107.08,180.167,1503.25,0.0,1.0,1.0,1.0,1.0,0.0,0.07783949999999999,44.9649,44.8611,45.38,44.8611,0.129731,13.3778,94.672,90.773,94.4447,98.0429,0.0,8.06044,41.8422,0.0,0.0,-4.7733300000000005,97.5747,95.1803,36.2076,316.245,43.1128,292.43,288.86,42.8795,417.423,418.44,415.268,516.805,497.667,598.896,421.827,418.36800000000005,522.816,503.179,603.276,407.953,405.282,524.79,524.0740000000002,616.039,407.014,405.932,524.933,523.502,619.06,432.741,432.597,540.82,537.313,618.484,433.676,432.8130000000001,541.107,540.534,617.118,598.25,602.845,21.5751,405.772,1143.32
2020-11-22 07:00:30,97.1001,97.5885,97.7717,98.6874,82.3871,81.8987,82.2039,83.3639,26.4042,26.4042,26.221,26.16,15.1099,15.4762,15.7814,15.7204,15.8425,15.1709,14.9878,15.4151,49.768,18.7057,27.8877,31.5018,98.4127,137.485,100.757,83.37,50,50,50,50,50.3358,50.1526,50.2747,50.2137,50,50,50,50,11.4469,11.2027,11.2637,11.8742,11.4469,10.9585,11.0195,11.2637,11.8132,12.4847,11.9353,12.1184,54.4872,56.1355,56.0745,55.5861,27.1367,26.2821,26.7705,26.16,46.0012,59.8596,45.757,45.1465,33.0586,34.0965,33.547,32.7534,29.0293,28.7851,28.1746,28.4799,45.9402,45.2076,45.2076,45.0244,34.707,34.768,34.4628,34.9512,26.8926,26.6484,26.8926,26.7705,46.1844,45.8181,45.3907,46.0623,33.3639,33.3639,33.7302,33.0586,26.5873,27.1978,25.3053,30.6166,45.1465,44.3529,45.0855,44.8413,15.6593,15.232,30.9829,15.4762,15.3541,15.1099,38.9194,15.232,16.0867,15.232,15.8425,15.4151,35.3175,35.5006,36.0501,35.6838,97.2222,98.0769,97.2222,98.138,50.4579,50.2747,50.8242,50.7631,50,50,50,50,50.3968,50.5189,50.3358,50.3968,5.7081800000000005,0.396825,1.31258,60.7143,33.486,54.9756,19.9328,58.7607,25.7326,55.1587,2.77778,0.396825,1112.99,180.167,1501.27,0.0,1.0,1.0,1.0,1.0,0.0,0.07783949999999999,44.9649,44.8611,45.38,44.8611,0.129731,14.0393,95.8703,88.6738,93.6023,98.7609,0.0,8.06044,32.9653,0.0,0.0,-39.397,97.5747,95.1803,34.7125,319.058,42.5041,292.43,288.86,42.8795,417.423,418.44,415.268,516.805,497.667,598.896,421.827,419.377,523.174,503.179,603.276,407.953,405.282,524.79,524.0740000000002,616.039,407.014,405.932,524.933,523.502,619.06,432.741,432.597,540.82,537.313,618.484,433.676,432.8130000000001,541.107,540.534,617.118,598.25,602.845,21.5751,406.301,1144.06
2020-11-22 07:00:35,97.1001,97.5885,97.7717,98.6874,82.3871,81.8987,82.2039,83.3639,26.4042,25.8547,26.221,26.16,15.1099,15.4762,15.7814,14.9267,15.8425,15.1709,14.9878,15.4151,49.768,18.7057,27.8877,30.6227,100.171,138.364,99.4872,84.7375,50,50,50,50,50.3358,50.1526,50.2747,50.2137,50,50,50,50,11.4469,11.2027,11.2637,11.8742,11.4469,10.9585,11.0195,11.2637,11.8132,12.4847,11.9353,12.1184,54.4872,56.1355,56.0745,55.5861,27.1367,26.2821,26.7705,26.16,46.0012,59.8596,45.757,45.1465,33.0586,34.0965,32.9976,32.7534,29.0293,28.7851,28.1746,28.4799,45.9402,45.2076,45.2076,45.0244,34.707,34.768,34.4628,34.9512,26.8926,26.6484,26.8926,26.7705,46.1844,45.8181,45.3907,46.0623,33.3639,33.3639,33.7302,33.0586,26.5873,27.1978,25.3053,30.6166,45.1465,44.3529,45.0855,44.8413,15.6593,15.232,30.9829,15.4762,15.3541,15.1099,38.9194,15.232,16.0867,15.232,15.8425,15.4151,35.3175,35.5006,36.0501,35.6838,97.2222,98.0769,97.2222,98.138,50.4579,50.2747,50.8242,50.7631,50,50,50,50,50.3968,50.5189,50.3358,50.3968,5.7081800000000005,0.396825,1.31258,60.7143,33.486,54.9756,19.9328,58.7607,25.7326,55.1587,2.77778,0.396825,1110.64,180.167,1497.46,0.0,1.0,1.0,1.0,1.0,0.0,0.07783949999999999,44.9649,44.8611,45.38,44.8611,0.129731,14.0393,97.8569,89.4473,93.4251,98.2647,0.0,8.06044,34.5874,0.0,1.34832,-31.9463,97.5747,95.1803,34.0769,320.135,41.8577,291.707,288.86,43.8948,417.423,418.44,416.278,517.806,501.032,598.896,421.827,419.377,523.6030000000002,503.179,603.276,407.953,405.282,524.79,524.0740000000002,616.039,407.014,405.932,524.933,523.502,619.06,432.741,432.597,540.82,537.313,618.484,433.676,432.8130000000001,541.107,540.534,617.118,599.255,603.851,21.5751,406.301,1144.06
2020-11-22 07:00:40,97.1001,97.5885,97.7717,98.6874,82.3871,81.8987,82.2039,83.3639,26.4042,25.8547,26.221,26.16,15.1099,15.4762,15.7814,14.9267,15.8425,15.1709,14.9878,15.4151,49.768,18.7057,25.9341,30.6227,100.171,138.364,99.4872,83.7607,50,50,50,50,50.3358,50.1526,50.2747,50.2137,50,50,50,50,11.4469,11.2027,11.2637,11.8742,10.8974,10.9585,11.0195,11.2637,11.8132,12.4847,11.9353,12.1184,54.4872,56.1355,56.0745,55.5861,27.1367,26.2821,26.7705,26.16,46.0012,59.8596,45.757,45.1465,33.0586,34.0965,32.9976,32.7534,29.0293,28.7851,28.1746,28.4799,45.9402,45.2076,45.2076,45.0244,34.707,34.768,34.4628,34.9512,26.8926,26.6484,26.8926,26.7705,46.1844,45.8181,45.3907,46.0623,33.3639,33.3639,33.7302,33.6081,27.2589,26.8926,25.3053,30.6166,45.1465,44.3529,45.0855,44.8413,15.6593,15.232,30.9829,15.4762,15.3541,15.1099,38.9194,15.232,16.0867,15.232,15.8425,15.4151,35.3175,35.5006,36.0501,35.6838,97.2222,98.0769,97.2222,98.138,50.4579,50.2747,50.8242,50.7631,50,50,50,50,50.3968,50.5189,50.3358,50.3968,5.7081800000000005,0.396825,1.31258,60.7143,33.486,54.9756,19.9328,58.7607,25.7326,55.1587,2.77778,0.396825,1103.59,180.167,1500.85,0.0,1.0,1.0,1.0,1.0,0.0,0.07783949999999999,44.9649,44.8611,45.38,44.8611,0.129731,14.0393,96.9337,90.5042,94.3365,96.8014,0.0,8.06044,40.7613,0.0,0.0,-24.4589,97.5747,95.1803,33.5354,319.961,39.8722,290.627,288.86,43.8948,417.423,418.44,416.278,517.806,502.13,599.901,421.827,419.377,523.889,503.179,603.276,407.953,405.282,524.79,524.0740000000002,616.039,407.014,405.932,524.933,523.502,619.06,432.741,432.597,540.82,537.313,618.484,433.676,432.8130000000001,541.107,540.534,618.125,599.255,603.851,21.746,405.244,1144.06
2020-11-22 07:00:45,97.1001,97.5885,97.7717,98.6874,82.3871,81.8987,82.2039,83.3639,26.4042,25.8547,26.221,26.16,15.1099,15.4762,15.7814,16.0867,15.8425,15.1709,14.9878,15.4151,49.768,18.7057,25.0549,31.5018,99.2918,138.364,97.4359,82.3932,50,50,50,50,50.3358,50.1526,50.2747,50.2137,50,50,50,50,11.4469,11.2027,11.2637,11.8742,10.8974,10.9585,11.0195,11.2637,11.8132,12.4847,11.9353,12.1184,54.4872,56.1355,56.0745,55.5861,27.1367,26.2821,26.7705,26.16,46.0012,59.8596,45.757,45.1465,33.0586,34.0965,32.9976,32.2039,29.0293,28.7851,28.1746,28.4799,45.9402,45.2076,45.2076,45.0244,34.707,34.768,34.4628,34.9512,26.8926,26.6484,26.8926,26.7705,46.1844,45.8181,45.3907,46.0623,33.3639,33.3639,33.7302,33.6081,27.2589,26.8926,25.3053,30.6166,45.1465,44.3529,45.0855,44.8413,15.6593,15.232,30.9829,15.4762,15.3541,14.5604,38.9194,15.232,16.0867,15.232,15.8425,15.4151,35.3175,35.5006,36.0501,35.6838,97.2222,98.0769,97.2222,98.138,50.4579,50.2747,50.8242,50.7631,50,50,50,50,50.3968,50.5189,50.3358,50.3968,5.7081800000000005,0.396825,1.31258,60.7143,33.486,54.9756,19.9328,58.7607,25.7326,55.1587,2.77778,0.396825,1101.22,180.167,1508.24,0.0,1.0,1.0,1.0,1.0,0.0,0.07783949999999999,44.9649,44.8611,45.38,44.8611,0.129731,14.6568,96.9337,88.5503,93.5069,98.9046,0.0,7.9615399999999985,43.9542,0.0,0.0,-80.2331,97.5747,95.1803,32.4263,316.274,38.7824,292.1690000000001,288.86,43.8948,417.423,419.449,416.278,517.806,502.13,599.901,422.836,419.377,524.175,502.177,603.276,408.963,405.282,524.79,523.072,616.039,408.025,405.932,524.933,522.5,619.06,432.741,432.597,540.82,538.315,619.492,433.676,432.8130000000001,541.107,540.534,618.125,599.255,603.851,21.746,405.772,1144.06
2020-11-22 07:00:50,97.1001,97.5885,97.7717,98.6874,82.3871,81.8987,82.2039,83.3639,26.4042,25.8547,26.221,26.16,15.1099,15.4762,15.7814,14.8046,15.8425,14.6215,14.9878,15.4151,49.768,18.7057,25.0549,31.5018,98.4127,138.364,96.4591,81.221,50,50,50,50,50.3358,50.1526,50.2747,50.2137,50,50,50,50,11.4469,11.2027,11.2637,11.8742,10.8974,10.9585,11.0195,11.2637,11.8132,12.4847,11.9353,12.1184,54.4872,56.1355,56.0745,55.5861,27.1367,26.2821,26.7705,26.16,46.0012,59.8596,45.757,45.1465,33.0586,34.0965,32.9976,31.6545,29.0293,28.7851,28.1746,28.4799,45.9402,45.2076,45.2076,45.0244,34.707,34.768,34.4628,34.9512,26.8926,26.6484,26.8926,26.7705,46.1844,46.3675,45.3907,46.0623,33.3639,33.3639,33.7302,33.6081,27.2589,26.8926,25.3053,30.6166,45.1465,44.3529,45.0855,44.8413,15.6593,15.232,30.9829,15.4762,15.3541,14.5604,38.9194,15.232,16.0867,15.232,15.8425,15.4151,35.3175,35.5006,36.0501,35.6838,97.2222,98.0769,97.2222,98.138,50.4579,50.2747,50.8242,50.7631,50,50,50,50,50.3968,50.5189,50.3358,50.3968,5.7081800000000005,0.396825,1.31258,60.7143,33.486,54.9756,19.9328,58.7607,25.7326,55.1587,2.77778,0.396825,1096.47,179.609,1499.97,0.0,1.0,1.0,1.0,1.0,0.0,0.07783949999999999,44.9649,44.8611,45.38,44.8611,0.129731,14.6568,96.9337,89.9751,93.5069,98.2501,0.0,7.9615399999999985,45.3564,0.0,0.0,-73.801,97.5747,95.1803,33.1263,314.939,38.7824,293.46,288.86,43.8948,417.423,419.449,416.278,517.806,500.769,599.901,422.836,419.377,524.462,502.177,603.276,408.963,406.292,524.79,523.072,616.039,408.025,405.932,524.933,522.5,619.06,432.741,432.597,540.82,538.315,619.492,433.676,432.8130000000001,541.107,540.534,618.125,599.255,603.851,21.746,405.772,1144.06
2020-11-22 07:00:55,97.1001,97.5885,97.7717,98.6874,82.3871,81.8987,82.2039,83.3639,26.4042,25.8547,26.221,26.16,15.1099,15.4762,15.7814,15.5983,15.8425,15.293,14.9878,15.4151,49.768,18.7057,24.0781,30.4273,99.2918,138.364,93.2356,79.9512,50,50,50,50,50.3358,50.1526,50.2747,50.2137,50,50,50,50,11.4469,11.2027,11.2637,11.8742,10.8974,10.9585,11.0195,11.2637,11.8132,12.4847,11.9353,12.1184,54.4872,56.1355,56.0745,55.5861,27.1367,26.2821,26.7705,26.16,46.0012,59.8596,45.757,45.1465,33.0586,34.0965,32.9976,31.6545,29.0293,28.7851,28.1746,28.4799,45.9402,45.2076,45.2076,45.0244,34.707,34.768,34.4628,34.9512,26.8926,26.6484,26.8926,26.7705,46.1844,46.3675,45.3907,46.0623,33.3639,33.3639,33.7302,33.6081,27.2589,26.0379,25.3053,30.6166,45.1465,44.3529,45.0855,44.8413,15.6593,15.232,30.9829,15.4762,15.3541,14.5604,38.9194,15.232,16.0867,15.232,15.8425,15.4151,35.3175,35.5006,36.0501,35.6838,97.2222,98.0769,97.2222,98.138,50.4579,50.2747,50.8242,50.7631,50,50,50,50,50.3968,50.5189,50.3358,50.3968,5.7081800000000005,0.396825,1.31258,60.7143,33.486,54.9756,19.9328,58.7607,25.7326,55.1587,2.77778,0.396825,1097.69,179.609,1505.55,0.0,1.0,1.0,1.0,1.0,0.0,0.07783949999999999,44.9649,44.8611,45.38,44.8611,0.129731,14.6568,98.1384,91.4133,93.1571,98.009,0.0,7.9615399999999985,41.2923,0.0,0.0,-71.9944,97.5747,95.1803,34.3429,313.033,40.5376,295.29,288.86,43.8948,417.423,419.449,416.278,517.806,500.769,599.901,422.836,419.377,524.748,502.177,604.2819999999998,408.963,406.292,524.79,523.072,616.039,408.025,406.942,524.933,522.5,619.06,432.741,432.597,540.82,538.315,619.492,433.676,432.8130000000001,541.107,540.534,618.125,600.26,603.851,21.746,405.772,1144.06
2020-11-22 07:01:00,97.1001,97.5885,97.7717,98.6874,82.3871,81.8987,82.2039,83.3639,26.4042,25.8547,26.221,26.16,15.1099,15.4762,15.7814,15.5983,15.8425,15.293,14.9878,15.4151,49.768,18.7057,24.0781,28.1807,99.2918,138.364,92.2588,79.9512,50,50,50,50,50.3358,50.1526,50.2747,50.2137,50,50,50,50,11.4469,11.2027,11.2637,11.8742,10.8974,10.9585,11.0195,11.2637,11.8132,12.4847,11.9353,12.1184,54.4872,56.1355,56.0745,55.5861,27.1367,26.2821,26.7705,26.16,46.0012,59.8596,45.757,45.1465,33.0586,34.0965,32.9976,30.9829,29.0293,28.7851,28.1746,28.4799,45.3907,45.2076,45.2076,45.0244,34.707,34.768,34.4628,34.9512,26.8926,26.6484,26.8926,26.7705,46.1844,45.757,45.3907,46.0623,33.3639,33.3639,33.7302,33.6081,27.2589,26.8926,25.3053,30.6166,45.1465,44.3529,45.0855,44.8413,15.6593,15.232,30.9829,15.4762,15.3541,14.5604,38.9194,15.232,16.0867,15.232,15.8425,15.4151,35.3175,35.5006,36.0501,35.6838,97.2222,98.0769,97.2222,98.138,50.4579,50.2747,50.8242,50.7631,50,50,50,50,50.3968,50.5189,50.3358,50.3968,5.7081800000000005,0.396825,1.31258,60.7143,33.486,54.9756,19.9328,58.7607,25.7326,55.1587,2.77778,0.396825,1101.25,179.084,1507.56,0.0,1.0,1.0,1.0,1.0,0.0,0.07783949999999999,44.9649,44.8611,45.38,44.8611,0.129731,14.6568,96.5175,90.1245,93.8706,98.009,0.0,7.9615399999999985,38.7155,0.0,0.0,-84.3164,97.5747,95.1803,33.0614,313.759,38.9734,296.92,288.86,43.8948,417.423,419.449,416.278,517.806,500.769,600.906,422.836,419.377,525.106,502.177,604.2819999999998,408.963,406.292,523.788,523.072,616.039,408.025,406.942,524.933,522.5,619.06,432.741,432.597,540.82,538.315,619.492,433.676,432.8130000000001,541.107,540.534,618.125,600.26,603.851,21.746,405.772,1143.45
2020-11-22 07:01:05,97.1001,97.5885,97.7717,98.6874,82.3871,81.8987,82.7534,83.3639,26.4042,25.8547,26.221,26.16,15.1099,15.4762,15.7814,15.5983,15.8425,15.293,14.9878,15.4151,49.768,19.5849,24.9573,30.4273,99.2918,138.364,94.0171,79.9512,50,50,50,50,50.3358,50.1526,50.2747,50.2137,50,50,50,50,11.4469,11.2027,11.2637,11.8742,10.348,10.9585,11.0195,11.2637,11.8132,12.4847,11.9353,12.1184,54.4872,56.1355,56.0745,55.5861,27.1367,26.2821,26.7705,26.16,46.0012,59.8596,45.1465,45.1465,33.0586,34.0965,33.8523,30.9829,29.0293,28.7851,28.1746,28.4799,45.3907,45.2076,45.2076,45.0244,34.707,34.768,34.4628,34.9512,26.8926,26.6484,26.8926,26.7705,46.1844,45.757,45.3907,46.0623,33.3639,33.3639,33.7302,33.6081,27.2589,26.8926,25.3053,30.6166,45.1465,44.3529,44.536,44.8413,15.6593,15.232,30.9829,15.4762,15.3541,14.5604,38.9194,15.232,16.0867,15.232,15.8425,15.4151,35.3175,35.5006,36.0501,35.6838,97.2222,98.0769,97.2222,98.138,50.4579,50.2747,50.8242,50.7631,50,50,50,50,50.3968,50.5189,50.3358,50.3968,5.7081800000000005,0.396825,1.31258,60.7143,33.486,54.9756,19.9328,58.7607,25.7326,55.1587,2.77778,0.396825,1102.52,179.084,1509.16,0.0,1.0,1.0,1.0,1.0,0.0,0.07783949999999999,44.9649,44.8611,45.38,44.8611,0.129731,14.6568,95.5822,91.2927,92.5898,97.3909,0.0,7.9615399999999985,33.6551,0.0,0.0,-63.8956,97.5747,95.1803,32.5216,314.862,37.3739,297.444,288.86,44.91,417.423,419.449,417.287,517.806,501.772,600.906,422.836,419.377,525.3919999999998,502.177,604.2819999999998,408.963,406.292,523.788,523.072,616.039,408.025,406.942,523.931,522.5,619.06,432.741,432.597,540.82,538.315,619.492,433.676,432.8130000000001,541.107,541.536,618.125,600.26,603.851,21.746,405.772,1143.45
2020-11-22 07:01:10,97.1001,97.5885,97.7717,98.6874,82.3871,81.8987,82.7534,83.3639,26.4042,25.8547,26.221,26.16,15.1099,15.4762,15.7814,15.5983,15.8425,15.293,14.9878,15.4151,49.9634,19.5849,24.9573,30.4273,99.2918,138.364,97.6313,80.8303,50,50,50,50,50.3358,50.1526,50.2747,50.2137,50,50,50,50,11.4469,11.2027,11.2637,11.8742,10.348,10.9585,11.0195,11.2637,11.8132,12.4847,11.9353,12.1184,54.4872,56.1355,55.525,55.5861,27.1367,26.2821,26.7705,26.16,46.0012,59.8596,45.1465,45.1465,33.0586,34.0965,33.8523,36.7216,29.0293,28.7851,28.1746,28.4799,45.3907,45.2076,45.2076,45.0244,34.707,34.768,34.4628,34.9512,26.8926,26.6484,26.8926,26.7705,46.1844,45.757,45.3907,46.0623,33.3639,33.3639,33.7302,33.6081,27.2589,26.8926,25.3053,30.6166,45.1465,44.3529,44.536,44.8413,15.6593,15.232,30.9829,15.4762,15.3541,14.5604,38.9194,15.232,16.0867,15.232,15.8425,15.4151,35.3175,35.5006,36.0501,35.6838,97.2222,98.0769,97.2222,98.138,50.4579,50.2747,50.8242,50.7631,50,50,50,50,50.3968,50.5189,50.3358,50.3968,5.7081800000000005,0.396825,1.31258,60.7143,33.486,54.9756,19.9328,58.7607,25.7326,55.1587,2.77778,0.396825,1100.15,179.084,1504.12,0.0,1.0,1.0,1.0,1.0,0.0,0.07783949999999999,44.9649,44.8611,45.38,44.8611,0.129731,13.9805,95.6466,90.2812,93.2897,98.078,0.0,8.06044,39.625,0.0,0.0,-33.5684,97.5747,95.1803,31.7742,317.383,36.6967,297.444,288.86,44.91,417.423,420.458,417.287,517.806,501.772,600.906,423.844,419.377,525.678,503.179,604.2819999999998,408.963,406.292,523.788,523.072,616.039,408.025,406.942,523.931,522.5,619.06,432.741,432.597,540.82,538.315,619.492,433.676,432.8130000000001,541.107,541.536,618.125,600.26,603.851,21.746,405.772,1142.16
2020-11-22 07:01:15,97.1001,97.5885,97.7717,98.6874,82.3871,81.8987,82.7534,83.3639,26.4042,25.8547,26.221,26.16,15.1099,15.4762,15.7814,15.5983,15.8425,14.6825,14.9878,15.4151,49.9634,19.5849,25.9341,31.5995,100.171,139.438,101.734,80.8303,50,50,50,50,50.3358,50.1526,50.2747,50.2137,50,50,50,50,11.4469,11.2027,11.2637,11.8742,10.8974,10.9585,11.0195,11.2637,11.8132,12.4847,11.9353,12.1184,54.4872,56.1355,54.9756,55.5861,27.1367,26.2821,26.7705,26.16,46.0012,59.8596,44.5971,45.1465,33.0586,34.0965,33.8523,36.7216,29.0293,28.7851,28.1746,28.4799,45.3907,45.2076,45.2076,45.0244,34.707,34.768,34.4628,34.9512,26.8926,26.6484,26.8926,26.7705,46.1844,45.757,45.3907,46.0623,33.3639,33.3639,33.7302,33.6081,27.2589,26.2821,25.3053,30.6166,45.1465,44.3529,44.536,44.8413,15.6593,15.232,30.9829,15.4762,15.3541,14.5604,38.9194,15.232,16.0867,15.232,15.8425,15.4151,35.3175,35.5006,36.0501,35.6838,97.2222,98.0769,97.2222,98.138,50.4579,50.2747,50.8242,50.7631,50,50,50,50,50.3968,50.5189,50.3358,50.3968,5.7081800000000005,0.396825,1.31258,60.7143,33.486,54.9756,19.9328,58.7607,25.7326,55.1587,2.77778,0.396825,1090.62,179.595,1506.99,0.0,1.0,1.0,1.0,1.0,0.0,0.07783949999999999,44.9649,44.8611,45.38,44.8611,0.129731,13.9805,95.6466,90.2812,92.9809,97.8253,0.0,8.06044,46.9957,0.0,0.0,-65.4475,97.5747,95.1803,31.7742,318.846,37.2544,295.252,288.86,44.91,417.423,420.458,417.287,517.806,501.772,600.906,423.844,419.377,525.821,504.181,604.2819999999998,408.963,406.292,523.788,523.072,616.039,408.025,406.942,523.931,522.5,619.06,432.741,432.597,540.82,538.315,619.492,433.676,432.8130000000001,542.109,541.536,618.125,600.26,603.851,21.746,405.244,1141.49
2020-11-22 07:01:20,97.1001,97.5885,97.7717,98.6874,82.3871,81.8987,82.7534,83.3639,26.4042,25.8547,26.221,26.16,15.1099,15.4762,15.7814,15.5983,15.8425,14.6825,14.9878,15.4151,49.9634,19.5849,25.9341,31.5995,102.222,137.875,101.734,82.1001,50,50,50,50,50.3358,50.1526,50.2747,50.2137,50,50,50,50,11.4469,11.2027,11.2637,11.8742,10.8974,11.5079,11.0195,11.2637,11.8132,12.4847,11.9353,12.1184,54.4872,56.1355,54.1819,55.5861,27.1367,26.2821,26.7705,26.16,46.0012,59.8596,44.5971,45.1465,33.0586,34.0965,33.8523,36.7216,29.0293,28.7851,28.1746,28.4799,45.3907,45.2076,45.2076,45.0244,34.707,34.768,34.4628,34.9512,26.8926,26.6484,26.8926,26.7705,46.1844,45.757,45.3907,46.0623,33.3639,33.3639,33.7302,33.6081,27.2589,27.1978,25.3053,30.6166,45.1465,44.3529,44.536,44.8413,15.6593,15.232,30.9829,15.4762,15.3541,14.5604,38.9194,15.232,16.0867,15.232,15.8425,15.4151,35.3175,35.5006,36.0501,35.6838,97.2222,98.0769,97.2222,98.138,50.4579,50.2747,50.8242,50.7631,50,50,50,50,50.3968,50.5189,50.3358,50.3968,5.7081800000000005,0.396825,1.31258,60.7143,35.0733,54.9756,19.9328,58.7607,25.7326,55.1587,2.77778,0.396825,1095.39,179.595,1509.22,0.0,1.0,1.0,1.0,1.0,0.0,0.07783949999999999,44.9649,44.8611,45.38,44.8611,0.129731,13.9805,96.6551,89.5732,92.9809,97.9363,0.0,8.06044,49.7035,0.0,0.0,-59.0619,97.5747,95.1803,32.4425,317.815,37.2544,293.687,288.86,44.91,417.423,420.458,417.287,517.806,501.772,600.906,423.844,419.377,526.1080000000002,504.181,604.2819999999998,408.963,406.292,523.788,523.072,616.039,408.025,406.942,523.931,522.5,619.06,432.741,432.597,540.82,538.315,619.492,433.676,432.8130000000001,542.109,541.536,618.125,601.265,603.851,21.746,405.772,1140.97
2020-11-22 07:01:25,97.1001,97.5885,97.7717,98.6874,82.3871,81.8987,82.7534,83.3639,26.4042,25.8547,26.221,26.16,15.1099,15.4762,15.7814,15.5983,15.8425,14.6825,14.9878,15.4151,49.9634,18.7057,25.9341,31.5995,102.222,138.852,101.734,83.5653,50,50,50,50,50.3358,50.1526,50.2747,50.2137,50,50,50,50,11.4469,11.2027,11.2637,11.8742,10.8974,10.7753,11.0195,11.2637,11.8132,12.4847,11.9353,12.1184,54.4872,56.1355,55.7692,55.5861,27.1367,26.2821,26.7705,26.16,46.0012,59.8596,44.0476,45.1465,33.0586,34.0965,33.8523,36.1111,29.0293,28.7851,28.1746,28.4799,45.3907,45.2076,44.536,45.0244,34.707,34.768,34.4628,34.9512,26.8926,26.6484,26.8926,26.7705,46.1844,45.757,45.3907,46.0623,33.3639,33.3639,33.7302,33.6081,27.2589,27.1978,25.3053,30.6166,45.1465,44.3529,44.536,44.8413,15.6593,15.232,30.9829,15.4762,15.3541,14.5604,38.9194,15.232,16.0867,15.232,15.8425,15.4151,35.3175,35.5006,36.0501,35.6838,97.2222,98.0769,97.2222,98.138,50.4579,50.2747,50.8242,50.7631,50,50,50,50,50.3968,50.5189,50.3358,50.3968,5.7081800000000005,0.396825,1.31258,60.7143,35.0733,54.9756,19.9328,58.7607,25.7326,55.1587,2.77778,0.396825,1101.37,179.595,1507.5,0.0,1.0,1.0,1.0,1.0,0.0,0.07783949999999999,44.9649,44.8611,45.38,44.8611,0.129731,14.5832,95.6235,90.3134,93.2359,97.9363,0.0,8.06044,45.6922,0.0,0.0,-56.4376,97.5747,95.1803,33.1263,313.263,36.2978,292.659,288.86,44.91,417.423,420.458,417.287,517.806,501.772,600.906,423.844,419.377,526.394,503.036,604.2819999999998,408.963,406.292,523.788,523.072,616.039,408.025,406.942,523.931,522.5,619.06,432.741,432.597,541.822,538.315,619.492,433.676,432.8130000000001,542.109,541.536,618.125,601.265,603.851,21.746,405.772,1141.64
2020-11-22 07:01:30,97.1001,97.5885,97.7717,98.6874,82.3871,81.8987,82.7534,83.3639,26.4042,26.4042,26.221,26.16,15.1099,15.4762,15.7814,15.5983,15.8425,14.6825,14.9878,15.4151,48.8889,18.7057,25.9341,32.4786,100.171,138.852,101.734,83.5653,50,50,50,50,50.3358,50.1526,50.2747,50.2137,50,50,50,50,11.4469,11.2027,11.2637,11.8742,10.8974,10.7753,11.0195,11.2637,11.8132,12.4847,12.4847,12.1184,54.4872,56.1355,55.7692,55.5861,27.1367,26.2821,26.7705,26.16,46.0012,59.8596,45.2686,45.1465,33.0586,34.0965,33.8523,35.1954,29.0293,28.7851,28.1746,28.4799,45.3907,45.2076,44.536,45.0244,34.707,34.768,34.4628,34.9512,26.8926,26.6484,26.8926,26.7705,46.1844,45.757,45.3907,46.0623,33.3639,33.3639,33.7302,33.6081,27.2589,27.1978,25.3053,30.6166,45.1465,44.3529,44.536,44.8413,15.6593,15.232,30.9829,15.4762,15.3541,14.5604,38.9194,15.232,16.0867,15.232,15.8425,15.4151,35.3175,35.5006,36.0501,35.6838,97.2222,98.0769,97.2222,98.138,50.4579,50.2747,50.8242,50.7631,50,50,50,50,50.3968,50.5189,50.3358,50.3968,5.7081800000000005,0.396825,1.31258,60.7143,35.0733,54.9756,17.9182,58.7607,25.7326,55.1587,2.77778,0.396825,1107.31,179.595,1510.01,0.0,1.0,1.0,1.0,1.0,0.0,0.07783949999999999,44.9649,44.8611,45.38,44.8611,0.129731,14.5832,97.4755,90.3134,93.2359,97.9363,0.0,8.06044,45.3022,0.0,0.0,-52.7853,97.5747,95.1803,33.1263,308.509,36.9228,289.992,288.86,45.9408,417.423,421.467,418.296,517.806,501.772,601.9119999999998,424.852,419.377,526.5369999999998,501.962,604.2819999999998,408.963,406.292,523.788,523.072,616.039,408.025,406.942,523.931,522.5,619.06,432.741,432.597,541.822,538.315,619.492,433.676,432.8130000000001,542.109,541.536,618.125,601.265,603.851,21.746,406.301,1142.87
2020-11-22 07:01:35,97.1001,97.5885,97.7717,98.6874,82.3871,81.8987,82.7534,83.3639,26.4042,26.4042,26.221,26.16,15.1099,15.4762,15.7814,15.5983,15.8425,14.6825,14.9878,15.4151,48.8889,18.7057,27.8877,32.4786,100.171,138.852,101.734,83.5653,50,50,50,50,50.3358,50.1526,50.2747,50.2137,50,50,50,50,11.4469,11.2027,11.2637,11.8742,11.5079,10.7753,11.0195,11.2637,11.8132,12.4847,12.4847,12.1184,55.0366,56.1355,55.7692,55.5861,27.1367,26.2821,26.7705,26.16,46.0012,59.8596,45.2686,45.1465,33.0586,34.0965,33.8523,34.6459,29.0293,28.7851,28.1746,28.4799,45.3907,45.2076,44.536,45.0244,34.707,34.768,34.4628,34.9512,26.8926,26.6484,26.8926,26.7705,46.1844,45.757,45.3907,46.0623,33.3639,33.3639,33.7302,33.6081,27.2589,27.0147,25.3053,30.6166,45.1465,44.3529,44.536,44.8413,15.6593,15.232,30.9829,15.4762,15.3541,14.5604,38.9194,15.232,16.0867,15.232,15.8425,15.4151,35.3175,35.5006,36.0501,35.6838,97.2222,98.0769,97.2222,98.138,50.4579,50.2747,50.8242,50.7631,50,50,50,50,50.3968,50.5189,50.3358,50.3968,5.7081800000000005,0.396825,1.31258,60.7143,35.0733,54.9756,17.9182,58.7607,25.7326,55.1587,2.77778,0.396825,1104.95,179.595,1512.27,0.0,1.0,1.0,1.0,1.0,0.0,0.07783949999999999,44.9649,44.8611,45.38,44.8611,0.129731,13.9658,97.3523,87.6211,93.9826,98.0703,0.0,8.06044,46.9606,0.0,0.0,-43.5175,97.5747,95.1803,33.1263,307.684,36.9228,287.334,288.86,45.9408,418.43300000000005,421.467,418.296,518.808,501.772,601.9119999999998,424.852,419.377,526.823,501.962,604.2819999999998,408.963,406.292,523.788,523.072,616.039,408.025,406.942,523.931,522.5,619.06,432.741,432.597,541.822,538.315,619.492,433.676,432.8130000000001,542.109,541.536,618.125,601.265,603.851,21.746,405.772,1143.97
2020-11-22 07:01:40,97.1001,97.5885,97.7717,98.6874,82.3871,81.8987,82.7534,83.3639,26.4042,26.4042,26.221,26.16,15.1099,15.4762,15.7814,14.9878,15.8425,14.6825,14.9878,15.4151,49.9634,18.7057,26.8132,32.4786,100.171,138.559,101.734,84.5421,50,50,50,50,50.3358,50.1526,50.2747,50.2137,50,50,50,50,11.4469,11.2027,11.2637,11.8742,11.5079,10.7753,11.0195,11.2637,11.8132,12.4847,12.4847,12.1184,55.0366,56.1355,55.7692,55.5861,27.1367,26.2821,26.7705,26.16,46.0012,59.8596,45.2686,45.1465,33.0586,34.0965,33.8523,34.6459,29.0293,28.7851,28.1746,28.4799,45.3907,45.2076,44.536,45.0244,34.707,34.768,34.4628,34.9512,26.8926,26.6484,26.8926,26.7705,46.1844,45.757,45.3907,46.0623,33.3639,33.3639,33.7302,33.6081,27.2589,27.0147,25.3053,30.6166,45.1465,44.3529,44.536,44.8413,15.6593,15.232,30.9829,15.4762,15.3541,14.5604,38.9194,15.232,16.0867,15.232,15.8425,15.4151,35.3175,35.5006,36.0501,35.6838,97.2222,98.0769,97.2222,98.138,50.4579,50.2747,50.8242,50.7631,50,50,50,50,50.3968,50.5189,50.3358,50.3968,5.7081800000000005,0.396825,1.31258,60.7143,35.0733,54.9756,17.9182,58.7607,25.7326,55.1587,2.77778,0.396825,1104.98,179.595,1514.16,0.0,1.0,1.0,1.0,1.0,0.0,0.07783949999999999,44.9649,44.8611,45.38,44.8611,0.129731,13.9658,95.9471,91.6293,94.1136,99.7148,0.0,8.06044,48.9972,0.0,0.0,-44.6775,97.5747,95.1803,31.9818,308.276,36.0717,287.84,288.86,45.9408,418.43300000000005,421.467,418.296,518.808,501.772,601.9119999999998,424.852,419.377,526.966,501.962,604.2819999999998,408.963,406.292,523.788,523.072,616.039,408.025,406.942,523.931,522.5,619.06,432.741,432.597,541.822,538.315,619.492,433.676,432.8130000000001,542.109,541.536,618.125,601.265,603.851,21.746,405.772,1145.25
2020-11-22 07:01:45,97.1001,97.5885,97.7717,98.6874,82.3871,81.8987,82.7534,83.3639,27.6252,27.5031,27.1367,26.9536,15.1099,15.4762,15.7814,15.6593,15.8425,14.6825,14.9878,15.4151,49.9634,18.7057,25.8364,32.4786,97.7289,139.438,102.711,84.5421,50,50,50,50,50.3358,50.1526,50.2747,50.2137,50,50,50,50,11.4469,11.2027,11.2637,11.8742,11.5079,10.7753,11.0195,11.2637,11.8132,12.4847,12.4847,12.1184,55.0366,56.1355,55.7692,55.5861,27.1367,26.2821,26.7705,26.16,46.0012,59.8596,45.2686,45.1465,33.0586,34.0965,33.8523,34.0354,29.0293,28.7851,28.1746,28.4799,44.8413,45.2076,44.536,45.0244,34.707,34.768,34.4628,34.9512,26.8926,26.6484,26.8926,26.7705,46.1844,45.757,45.3907,46.0623,33.3639,33.3639,33.7302,33.6081,27.2589,27.0147,25.3053,30.6166,45.1465,44.3529,44.536,44.8413,15.6593,15.232,30.9829,15.4762,15.3541,14.5604,38.9194,15.232,16.0867,15.232,15.8425,15.4151,35.3175,35.5006,36.0501,35.6838,97.2222,98.0769,97.2222,98.138,50.4579,50.2747,50.8242,50.7631,50,50,50,50,50.3968,50.5189,50.3358,50.3968,5.7081800000000005,0.396825,1.31258,60.7143,35.0733,54.9756,17.9182,58.7607,25.7326,53.9377,2.77778,0.396825,1105.06,179.595,1510.54,0.0,1.0,1.0,1.0,1.0,0.0,0.07783949999999999,44.9649,44.8611,45.38,44.8611,0.129731,13.9658,96.6665,89.9391,92.7503,98.8307,0.0,8.06044,45.1251,0.0,0.0,-63.1495,97.5747,95.1803,30.6321,309.965,35.2237,288.345,288.86,45.9408,418.43300000000005,421.467,418.296,518.808,501.772,601.9119999999998,424.852,419.377,527.109,501.962,604.2819999999998,408.963,406.292,523.788,523.072,616.039,408.025,406.942,523.931,522.5,619.06,432.741,432.597,541.822,539.317,619.492,433.676,432.8130000000001,542.109,541.536,618.125,601.265,603.851,21.746,405.244,1146.36
2020-11-22 07:01:50,97.1001,97.5885,97.7717,98.6874,82.3871,81.8987,82.7534,83.3639,27.6252,27.5031,27.1367,26.9536,15.1099,15.4762,15.7814,15.6593,15.8425,14.6825,14.9878,15.4151,49.9634,18.7057,26.8132,32.4786,97.7289,140.415,103.59,84.5421,50,50,50,50,50.3358,50.1526,50.2747,50.2137,50,50,50,50,11.4469,11.2027,11.2637,11.8742,11.5079,10.7753,11.0195,11.2637,11.8132,12.4847,12.4847,12.1184,55.0366,56.1355,55.7692,55.5861,27.1367,26.2821,26.7705,26.16,46.0012,59.8596,45.2686,45.1465,33.0586,34.0965,33.8523,33.4249,29.0293,28.7851,28.1746,28.4799,44.8413,45.2076,44.536,44.475,34.707,34.768,34.4628,34.9512,26.8926,26.6484,26.8926,26.7705,46.1844,45.757,45.3907,46.0623,33.3639,33.3639,33.7302,33.6081,27.2589,26.0989,25.3053,30.6166,45.1465,44.3529,44.536,44.8413,15.6593,15.232,30.9829,15.4762,15.3541,14.5604,38.9194,15.232,16.0867,15.232,15.8425,15.4151,35.3175,35.5006,36.0501,35.6838,97.2222,98.0769,97.2222,98.138,50.4579,50.2747,50.8242,50.7631,50,50,50,50,50.3968,50.5189,50.3358,50.3968,5.7081800000000005,0.396825,1.31258,60.7143,35.0733,54.9756,17.9182,58.7607,25.7326,53.9377,2.77778,0.396825,1102.61,179.595,1510.98,0.0,1.0,1.0,1.0,1.0,0.0,0.07783949999999999,44.9649,44.8611,45.38,44.8611,0.129731,13.3484,97.313,91.2401,93.0893,97.0406,0.0,8.06044,48.2832,0.0,0.0,-61.0242,97.5747,95.1803,31.4959,308.168,35.2237,287.828,288.86,45.9408,418.43300000000005,422.475,419.305,518.808,501.772,601.9119999999998,425.861,419.377,527.253,500.96,604.2819999999998,408.963,406.292,523.788,523.072,616.039,408.025,406.942,523.931,522.5,619.06,432.741,432.597,541.822,539.317,619.492,433.676,432.8130000000001,542.109,541.536,618.125,601.265,603.851,21.746,405.244,1147.44
2020-11-22 07:01:55,97.1001,97.5885,97.7717,98.6874,82.3871,81.8987,82.7534,83.3639,27.6252,27.5031,27.1367,26.9536,15.1099,15.4762,15.7814,15.6593,15.8425,14.6825,14.9878,15.4151,49.9634,19.5849,27.79,32.4786,97.7289,140.415,102.613,84.5421,50,50,50,50,50.3358,50.1526,50.2747,50.2137,50,50,50,50,11.4469,11.2027,11.2637,11.8742,11.5079,10.7753,11.0195,11.2637,11.8132,12.4847,11.9353,12.1184,55.0366,56.1355,55.7692,55.5861,27.1367,26.2821,26.7705,26.16,46.0012,59.8596,45.2686,45.1465,33.0586,34.0965,33.3028,32.8755,29.0293,28.7851,28.1746,28.4799,44.8413,45.2076,44.536,44.475,34.707,34.768,34.4628,34.9512,26.8926,26.6484,26.8926,26.7705,46.1844,45.757,45.3907,46.0623,33.3639,33.3639,33.7302,33.6081,27.2589,27.0757,25.3053,30.6166,45.1465,44.3529,44.536,44.8413,15.6593,15.232,30.9829,15.4762,15.3541,14.5604,38.9194,15.232,16.0867,15.232,15.8425,15.4151,35.3175,35.5006,36.0501,35.6838,97.2222,98.0769,97.2222,98.138,50.4579,50.2747,50.8242,50.7631,50,50,50,50,50.3968,50.5189,50.3358,50.3968,5.7081800000000005,0.396825,1.31258,60.7143,35.0733,54.9756,17.9182,58.7607,25.7326,53.9377,2.77778,0.396825,1102.64,179.05700000000004,1503.25,0.0,1.0,1.0,1.0,1.0,0.0,0.07783949999999999,44.9649,44.8611,45.38,44.8611,0.129731,13.3484,97.313,90.9315,94.7597,97.7417,0.0,8.06044,49.4585,0.0,0.0,-52.8883,97.5747,95.1803,32.1572,308.232,35.2237,287.097,288.86,46.9534,418.43300000000005,422.475,419.305,518.808,501.772,601.9119999999998,425.861,419.377,527.253,500.96,604.2819999999998,408.963,406.292,523.788,523.072,616.039,408.025,406.942,523.931,522.5,619.06,432.741,432.597,541.822,539.317,619.492,433.676,432.8130000000001,542.109,541.536,619.132,601.265,603.851,21.746,405.772,1147.98
2020-11-22 07:02:00,97.1001,97.5885,97.7717,98.6874,82.3871,81.8987,82.7534,83.3639,27.6252,27.5031,27.1367,26.9536,15.1099,15.4762,15.7814,15.6593,15.8425,14.6825,14.9878,15.4151,48.9866,19.5849,27.79,32.4786,96.8498,140.415,101.441,83.663,50,50,50,50,50.3358,50.1526,50.2747,50.2137,50,50,50,50,11.4469,11.2027,11.2637,11.8742,11.5079,10.7753,11.0195,11.2637,11.8132,12.4847,11.9353,12.1184,55.0366,56.1355,55.7692,55.5861,27.1367,26.2821,26.221,26.16,46.0012,59.8596,45.2686,45.1465,33.0586,34.0965,33.3028,32.326,29.0293,28.7851,28.1746,28.4799,44.8413,45.2076,44.536,44.475,34.707,34.768,34.4628,34.9512,26.8926,26.6484,26.8926,26.7705,45.5739,45.757,45.3907,46.0623,33.3639,33.3639,33.7302,33.6081,27.2589,27.0757,25.3053,30.6166,45.1465,44.3529,44.536,44.8413,15.6593,15.232,30.9829,15.4762,15.3541,14.5604,38.9194,15.232,16.0867,15.232,15.8425,15.4151,35.3175,35.5006,36.0501,35.6838,97.2222,98.0769,97.2222,98.138,50.4579,50.2747,50.8242,50.7631,50,50,50,50,50.3968,50.5189,50.3358,50.3968,5.7081800000000005,0.396825,1.31258,60.7143,35.0733,54.1819,17.9182,58.7607,25.7326,53.9377,2.77778,0.396825,1099.08,179.05700000000004,1507.31,0.0,1.0,1.0,1.0,1.0,0.0,0.07783949999999999,44.9649,44.8611,45.38,44.8611,0.129731,12.7456,96.6511,91.0276,93.5965,98.6778,0.0,8.06044,46.6269,0.0,0.0,-52.6767,97.5747,95.1803,32.1572,308.232,35.2237,284.243,288.86,46.9534,418.43300000000005,422.475,419.305,518.808,501.772,601.9119999999998,425.861,420.386,527.396,500.96,604.2819999999998,408.963,406.292,523.788,523.072,616.039,408.025,406.942,523.931,522.5,619.06,432.741,432.597,541.822,539.317,619.492,433.676,432.8130000000001,542.109,541.536,619.132,601.265,603.851,21.917,405.772,1147.98
2020-11-22 07:02:05,97.1001,97.5885,97.7717,98.6874,82.3871,81.8987,82.7534,83.3639,27.6252,27.5031,27.1367,26.9536,15.1099,15.4762,15.7814,15.6593,15.8425,14.6825,14.9878,15.4151,48.9866,19.5849,27.79,32.5763,95.9707,141.392,101.441,82.7839,50,50,50,50,50.3358,50.1526,50.2747,50.2137,50,50,50,50,11.4469,11.2027,11.2637,11.8742,11.5079,10.7753,11.0195,11.2637,11.8132,12.4847,11.9353,12.1184,55.0366,56.1355,55.7692,55.5861,27.1367,26.2821,27.0147,26.16,46.0012,59.8596,45.2686,45.1465,33.0586,34.0965,33.3028,32.326,29.0293,28.7851,28.1746,28.4799,44.8413,45.2076,44.536,44.475,34.707,34.768,34.4628,34.9512,26.8926,26.6484,26.8926,26.7705,45.5739,45.757,45.3907,46.0623,33.3639,33.3639,33.7302,33.6081,27.2589,27.0757,25.3053,30.6166,45.1465,44.3529,44.536,44.8413,15.6593,15.232,30.9829,15.4762,15.3541,14.5604,38.9194,15.232,16.0867,15.232,15.8425,15.4151,35.3175,35.5006,36.0501,35.6838,97.2222,98.0769,97.2222,98.138,50.4579,50.2747,50.8242,50.7631,50,50,50,50,50.3968,50.5189,50.3358,50.3968,5.7081800000000005,0.396825,1.31258,60.7143,37.2711,54.1819,17.9182,58.7607,25.7326,53.9377,2.77778,0.396825,1095.54,179.05700000000004,1507.7,0.0,1.0,1.0,1.0,1.0,0.0,0.07783949999999999,44.9649,44.8611,45.38,44.8611,0.129731,12.7456,96.6511,89.2535,94.3713,97.7539,0.0,8.06044,50.3179,0.0,0.0,-52.267,97.5747,95.1803,33.488,306.601,35.2237,280.849,288.86,46.9534,418.43300000000005,422.475,419.305,518.808,501.772,601.9119999999998,425.861,420.386,527.539,500.96,604.2819999999998,408.963,406.292,523.788,523.072,616.039,408.025,406.942,523.931,522.5,619.06,432.741,432.597,541.822,539.317,619.492,433.676,432.8130000000001,542.109,541.536,619.132,601.265,603.851,21.917,405.244,1147.98
2020-11-22 07:02:10,97.1001,97.5885,97.7717,98.6874,82.3871,81.8987,82.7534,83.3639,27.6252,27.5031,27.1367,26.9536,15.1099,15.4762,15.7814,15.6593,15.8425,14.6825,14.9878,15.4151,48.9866,19.5849,27.79,32.5763,95.9707,141.392,96.9475,81.7094,50,50,50,50,50.3358,50.1526,50.2747,50.2137,50,50,50,50,11.4469,11.2027,11.2637,11.8742,11.5079,10.7753,11.0195,11.2637,11.8132,12.4847,11.9353,12.1184,55.0366,56.1355,55.1587,55.5861,27.1367,26.2821,27.0147,26.16,46.0012,59.8596,45.2686,45.1465,33.0586,34.0965,33.3028,31.6545,29.0293,28.7851,28.1746,28.4799,44.8413,45.2076,44.536,44.475,34.707,34.768,34.4628,34.9512,26.8926,26.6484,26.8926,26.7705,45.5739,45.757,45.3907,46.0623,33.3639,33.3639,33.7302,33.6081,27.2589,25.9768,25.3053,30.6166,45.1465,44.3529,44.536,44.8413,15.6593,15.232,30.9829,15.4762,15.3541,14.5604,38.9194,15.232,16.0867,15.232,15.8425,15.4151,35.3175,35.5006,36.0501,35.6838,97.2222,98.0769,97.2222,98.138,50.4579,50.2747,50.8242,50.7631,50,50,50,50,50.3968,50.5189,50.3358,50.3968,5.7081800000000005,0.396825,1.31258,60.7143,38.9194,54.1819,17.9182,58.7607,25.7326,53.9377,2.77778,0.396825,1095.46,179.05700000000004,1509.2,0.0,1.0,1.0,1.0,1.0,0.0,0.07783949999999999,44.9649,44.8611,44.913,44.8611,0.129731,13.4513,96.3717,90.3481,94.3713,98.5223,0.0,8.06044,49.3485,0.0,0.0,-68.4654,97.5747,95.1803,34.3764,306.068,35.5844,280.332,288.86,46.9534,418.43300000000005,422.475,419.305,518.808,501.772,601.9119999999998,425.861,420.386,527.682,499.958,604.2819999999998,408.963,406.292,523.788,523.072,616.039,408.025,406.942,523.931,522.5,619.06,432.741,432.597,541.822,539.317,619.492,433.676,432.8130000000001,542.109,541.536,619.132,601.265,603.851,21.917,404.715,1147.98
2020-11-22 07:02:15,97.1001,97.5885,97.7717,98.6874,82.3871,81.8987,83.3028,83.3639,27.6252,27.5031,27.1367,26.9536,15.1099,15.4762,15.7814,15.6593,15.8425,14.6825,14.9878,15.4151,48.9866,19.5849,27.79,31.2088,94.9939,141.392,96.9475,82.5885,50,50,50,50,50.3358,50.1526,50.2747,50.2137,50,50,50,50,11.4469,11.2027,11.2637,11.8742,11.5079,10.7753,11.0195,11.2637,11.8132,12.4847,11.9353,12.1184,55.0366,56.1355,55.1587,55.5861,27.1367,26.2821,27.6862,26.16,46.0012,59.8596,45.2686,45.1465,33.0586,34.0965,33.3028,31.044,29.0293,28.7851,28.1746,28.4799,44.8413,45.2076,44.536,44.475,34.707,34.768,34.4628,34.9512,26.8926,26.6484,26.8926,26.7705,45.5739,45.757,45.3907,46.0623,33.3639,33.3639,33.7302,33.6081,27.2589,27.0147,25.3053,30.6166,45.1465,44.3529,44.536,44.8413,15.6593,15.232,30.9829,15.4762,15.3541,14.5604,38.9194,15.232,16.0867,15.232,15.8425,15.4151,35.3175,35.5006,36.0501,35.6838,97.2222,98.0769,97.2222,98.138,50.4579,50.2747,50.8242,50.7631,50,50,50,50,50.3968,50.5189,50.3358,50.3968,5.7081800000000005,0.396825,1.31258,60.7143,38.9194,54.1819,17.9182,57.4786,25.7326,53.9377,2.77778,0.396825,1095.54,178.44099999999997,1507.4,0.0,1.0,1.0,1.0,1.0,0.0,0.07783949999999999,44.4979,44.3941,44.913,44.3941,0.129731,14.1422,97.0142,90.3481,93.499,97.8873,0.0,8.06044,47.4431,0.0,0.0,-52.6224,97.5747,95.1803,35.8172,307.226,35.0011,279.572,288.86,46.9534,418.43300000000005,423.484,420.314,518.808,501.772,601.9119999999998,426.869,420.386,527.9680000000002,499.958,604.2819999999998,408.963,406.292,523.788,523.072,616.039,408.025,406.942,523.931,522.5,619.06,432.741,432.597,541.822,539.317,620.499,433.676,432.8130000000001,542.109,541.536,619.132,602.271,603.851,21.917,405.244,1147.4
2020-11-22 07:02:20,97.1001,97.5885,97.7717,98.6874,82.3871,81.8987,83.3028,83.3639,27.6252,27.5031,27.1367,26.9536,15.1099,15.4762,15.7814,15.6593,15.8425,14.6825,14.9878,15.4151,49.9634,19.5849,27.79,31.2088,93.5287,141.392,100.757,83.5653,50,50,50,50,50.3358,50.1526,50.2747,50.2137,50,50,50,50,11.4469,11.2027,11.2637,11.8742,11.5079,10.7753,11.0195,11.2637,11.8132,12.4847,11.9353,12.1184,55.0366,56.1355,55.1587,55.5861,27.1367,26.2821,26.7705,26.16,46.0012,59.8596,45.2686,45.1465,33.0586,34.0965,32.7534,32.8755,29.0293,28.7851,28.1746,28.4799,44.2918,45.2076,44.536,44.475,34.707,34.768,34.4628,34.9512,26.8926,26.6484,26.8926,26.7705,45.5739,45.757,45.3907,46.0623,33.3639,33.3639,33.7302,33.6081,27.2589,27.0147,25.3053,30.6166,45.1465,44.3529,44.536,44.8413,15.6593,15.232,30.9829,15.4762,14.8046,14.5604,38.9194,15.232,16.0867,15.232,15.8425,15.4151,35.3175,35.5006,36.0501,35.6838,97.2222,98.0769,97.2222,98.138,50.4579,50.2747,50.8242,50.7631,50,50,50,50,50.3968,50.5189,50.3358,50.3968,5.7081800000000005,0.396825,1.31258,60.7143,38.9194,54.1819,17.9182,57.4786,25.7326,53.9377,2.77778,0.396825,1097.95,178.44099999999997,1509.51,0.0,1.0,1.0,1.0,1.0,0.0,0.07783949999999999,44.4979,44.3941,44.913,44.3941,0.129731,14.7597,97.0142,90.3481,93.499,97.2815,0.0,8.06044,49.2065,0.0,0.0,-53.3287,97.5747,95.1803,35.8172,307.226,35.0011,277.23,288.86,46.9534,418.43300000000005,423.484,420.314,518.808,501.772,601.9119999999998,426.869,420.386,528.111,499.958,604.2819999999998,408.963,406.292,523.788,523.072,616.039,408.025,406.942,523.931,522.5,619.06,432.741,432.597,541.822,539.317,620.499,433.676,432.8130000000001,542.109,541.536,619.132,602.271,603.851,21.917,405.772,1146.82
2020-11-22 07:02:25,97.1001,97.5885,97.7717,98.6874,82.3871,83.2418,83.3028,83.3639,27.6252,27.5031,27.1367,26.9536,15.1099,14.9267,15.7814,15.6593,15.8425,14.6825,14.9878,15.4151,49.9634,19.5849,27.79,31.2088,95.873,140.317,101.734,82.6862,50,50,50,50,50.3358,50.1526,50.2747,50.2137,50,50,50,50,11.4469,11.2027,11.2637,11.8742,11.5079,10.7753,11.0195,11.2637,11.8132,12.4847,11.9353,12.1184,55.0366,56.1355,54.6093,55.5861,27.1367,26.2821,26.7705,26.16,46.0012,59.8596,45.2686,45.1465,33.0586,34.0965,32.7534,32.8755,29.0293,28.7851,28.1746,28.4799,44.2918,45.2076,44.536,44.475,34.707,34.768,34.4628,34.9512,26.8926,26.6484,26.8926,26.7705,45.5739,45.757,45.3907,46.0623,33.3639,33.3639,33.7302,33.6081,27.2589,27.0147,25.3053,30.6166,45.1465,44.3529,44.536,44.8413,15.6593,15.232,30.9829,15.4762,14.8046,14.5604,38.9194,15.232,16.0867,15.232,15.8425,15.4151,35.3175,35.5006,36.0501,35.6838,97.2222,98.0769,97.2222,98.138,50.4579,50.2747,50.8242,50.7631,50,50,50,50,50.3968,50.5189,50.3358,50.3968,5.7081800000000005,0.396825,1.31258,60.7143,38.9194,54.1819,17.9182,57.4786,25.7326,53.9377,2.77778,0.396825,1094.38,178.44099999999997,1506.66,0.0,1.0,1.0,1.0,1.0,0.0,0.07783949999999999,44.4979,44.3941,44.913,44.3941,0.129731,14.7597,96.3376,90.0643,94.076,97.2815,0.0,8.06044,50.0935,0.0,0.0,-49.7319,97.5747,95.1803,35.8172,305.088,35.0011,276.194,288.86,46.9534,418.43300000000005,423.484,420.314,518.808,501.772,602.9169999999998,426.869,420.386,528.254,499.958,604.2819999999998,408.963,406.292,523.788,523.072,616.039,408.025,406.942,523.931,522.5,619.06,432.741,432.597,541.822,539.317,620.499,433.676,432.8130000000001,542.109,541.536,619.132,602.271,603.851,21.917,405.772,1146.82
2020-11-22 07:02:30,97.1001,97.5885,97.7717,98.6874,82.3871,83.2418,83.3028,83.3639,27.6252,27.5031,27.1367,26.9536,15.1099,14.9267,15.7814,15.6593,15.8425,14.6825,14.9878,15.4151,49.9634,19.5849,27.79,31.2088,97.0452,140.317,102.222,82.6862,50,50,50,50,50.3358,50.1526,50.2747,50.2137,50,50,50,50,11.4469,11.2027,11.2637,11.8742,11.5079,10.7753,11.0195,11.2637,11.8132,12.4847,11.9353,12.1184,55.0366,56.1355,55.464,55.5861,27.1367,26.2821,26.7705,26.16,46.0012,59.8596,45.2686,45.1465,33.0586,34.0965,32.7534,32.8755,29.0293,28.7851,28.1746,28.4799,44.2918,45.2076,44.536,44.475,34.707,34.768,34.4628,34.9512,26.8926,26.6484,26.8926,26.7705,45.5739,45.757,45.3907,46.0623,33.3639,33.3639,33.7302,33.6081,27.2589,26.8926,25.3053,30.6166,45.1465,44.3529,44.536,44.8413,15.6593,15.232,30.9829,15.4762,14.8046,15.1099,38.9194,15.232,16.0867,15.232,15.8425,15.4151,35.3175,35.5006,36.0501,35.6838,97.2222,98.0769,97.2222,98.138,50.4579,50.2747,50.8242,50.7631,50,50,50,50,50.3968,50.5189,50.3358,50.3968,5.7081800000000005,0.396825,1.31258,60.7143,38.9194,52.6557,17.9182,57.4786,25.7326,53.9377,2.77778,0.396825,1093.27,178.44099999999997,1507.3,0.0,1.0,1.0,1.0,1.0,0.0,0.07783949999999999,44.4979,44.3941,44.913,44.3941,0.129731,14.054,96.9911,90.0816,94.3555,97.2815,0.0,8.06044,51.3706,0.0,0.0,-47.9956,97.5747,95.1803,35.0934,304.047,35.0011,278.001,288.86,47.9681,418.43300000000005,423.484,420.314,518.808,501.772,602.9169999999998,426.869,421.395,528.398,499.958,604.2819999999998,408.963,406.292,523.788,523.072,616.039,408.025,406.942,523.931,522.5,619.06,432.741,432.597,541.822,539.317,620.499,433.676,432.8130000000001,543.111,542.538,619.132,602.271,603.851,21.917,406.301,1146.82
2020-11-22 07:02:35,97.1001,97.5885,97.7717,98.6874,82.3871,83.2418,82.7534,83.3639,27.6252,27.5031,27.1367,26.9536,15.1099,14.9267,15.7814,15.6593,15.8425,14.6825,14.9878,15.4151,50.8425,19.5849,26.9109,31.2088,98.1197,139.243,102.222,82.6862,50,50,50,50,50.3358,50.1526,50.2747,50.2137,50,50,50,50,11.4469,11.2027,11.2637,11.8742,10.9585,10.7753,11.0195,11.2637,11.8132,12.4847,11.9353,12.1184,54.4872,56.1355,55.464,55.5861,27.1367,26.2821,26.7705,26.16,46.0012,59.8596,45.2686,45.1465,33.0586,34.0965,32.7534,32.8755,29.0293,28.7851,28.1746,28.4799,44.2918,45.2076,44.536,44.475,34.707,34.768,34.4628,34.9512,26.8926,26.6484,26.8926,26.7705,45.5739,45.757,45.3907,46.0623,33.3639,33.3639,33.7302,33.6081,27.2589,26.8926,25.3053,30.6166,45.1465,44.3529,44.536,44.8413,15.6593,15.232,30.9829,15.4762,14.8046,15.1099,38.9194,15.232,16.0867,15.232,15.8425,15.4151,35.3175,35.5006,36.0501,35.6838,97.2222,98.0769,97.2222,98.138,50.4579,50.2747,50.8242,50.7631,50,50,50,50,50.3968,50.5189,50.3358,50.3968,5.7081800000000005,0.396825,1.31258,60.7143,38.9194,52.6557,17.9182,57.4786,25.7326,53.9377,2.77778,0.396825,1095.6,178.44099999999997,1509.06,0.0,1.0,1.0,1.0,1.0,0.0,0.07783949999999999,44.4979,44.3941,44.913,44.3941,0.129731,14.054,98.3951,92.3003,93.6784,97.9898,0.0,8.06044,47.8556,0.0,0.0,-64.6217,97.5747,95.1803,33.6945,302.9770000000001,36.6963,282.192,288.86,47.9681,419.441,423.484,420.314,518.808,501.772,602.9169999999998,426.869,421.395,528.5409999999998,499.958,604.2819999999998,408.963,406.292,523.788,523.072,616.039,408.025,406.942,523.931,522.5,619.06,432.741,432.597,541.822,539.317,620.499,433.676,432.8130000000001,543.111,542.538,619.132,602.271,603.851,21.917,405.772,1146.82
2020-11-22 07:02:40,97.1001,97.5885,97.7717,98.6874,82.3871,83.2418,82.7534,83.3639,27.6252,27.5031,27.1367,27.5031,15.1099,14.9267,15.7814,14.9878,15.8425,14.6825,14.9878,15.4151,51.7216,18.7057,26.9109,31.2088,98.9988,140.122,102.222,82.6862,50,50,50,50,50.3358,50.1526,50.2747,50.2137,50,50,50,50,11.4469,11.2027,11.2637,11.8742,10.9585,11.3858,11.0195,11.2637,11.8132,12.4847,11.9353,12.1184,54.4872,56.1355,55.464,55.5861,27.1367,26.2821,26.7705,26.16,46.0012,59.8596,45.2686,45.1465,33.0586,34.0965,34.1575,32.8755,29.0293,28.7851,28.1746,28.4799,44.2918,45.2076,44.536,44.475,34.707,34.768,34.4628,34.9512,26.8926,26.6484,26.8926,26.7705,45.5739,45.757,45.3907,46.0623,33.3639,33.3639,33.7302,33.6081,27.2589,26.8926,25.3053,30.6166,45.1465,44.3529,44.536,44.8413,15.6593,15.232,30.9829,15.4762,14.8046,15.1099,38.9194,15.232,16.0867,15.232,15.8425,15.4151,35.3175,35.5006,36.0501,35.6838,97.2222,98.0769,97.2222,98.138,50.4579,50.2747,50.8242,50.7631,50,50,50,50,50.3968,50.5189,50.3358,50.3968,5.7081800000000005,0.396825,1.31258,60.7143,38.9194,52.6557,17.9182,57.4786,25.7326,53.9377,2.77778,0.396825,1102.73,178.44099999999997,1509.54,0.0,1.0,1.0,1.0,1.0,0.0,0.07783949999999999,44.4979,44.3941,44.913,44.3941,0.129731,14.054,96.3965,92.5984,93.6784,97.3638,0.0,8.06044,50.1202,0.0,0.0,-89.9339,97.5747,95.1803,32.974000000000004,300.11,38.3599,284.842,288.86,47.9681,419.441,423.484,421.323,518.808,501.772,602.9169999999998,427.877,421.395,528.684,499.958,604.2819999999998,408.963,406.292,523.788,523.072,616.039,408.025,406.942,523.931,522.5,619.06,432.741,432.597,541.822,539.317,620.499,433.676,432.8130000000001,543.111,542.538,619.132,602.271,603.851,21.917,405.772,1146.31
2020-11-22 07:02:45,97.1001,97.5885,97.7717,98.6874,82.3871,83.2418,82.7534,83.3639,27.6252,27.5031,27.1367,27.5031,15.1099,14.9267,15.7814,15.6593,15.8425,14.6825,14.9878,15.4151,51.7216,18.7057,26.0317,31.2088,100.073,140.122,102.222,82.6862,50,50,50,50,50.3358,50.1526,50.2747,50.2137,50,50,50,50,11.4469,11.2027,11.2637,11.8742,10.9585,11.3858,11.0195,11.2637,11.8132,12.4847,11.9353,12.1184,54.4872,56.1355,55.464,55.5861,27.1367,26.2821,26.7705,26.16,46.0012,59.8596,45.2686,45.1465,33.0586,34.0965,34.1575,32.8755,29.0293,28.7851,28.1746,28.4799,44.2918,45.2076,44.536,44.475,34.707,34.768,34.4628,34.9512,26.8926,26.6484,26.8926,26.7705,45.5739,45.757,45.3907,46.0623,33.3639,33.3639,33.7302,33.6081,27.2589,26.3431,25.3053,30.6166,45.1465,44.3529,44.536,44.8413,15.6593,15.232,30.9829,15.4762,14.8046,15.1099,38.9194,15.232,16.0867,15.232,15.8425,15.4151,35.3175,35.5006,36.0501,35.6838,97.2222,98.0769,97.2222,98.138,50.4579,50.2747,50.8242,50.7631,50,50,50,50,50.3968,50.5189,50.3358,50.3968,5.7081800000000005,0.396825,1.31258,60.7143,38.9194,52.6557,17.9182,57.4786,25.7326,53.9377,2.77778,0.396825,1101.58,178.44099999999997,1506.58,0.0,1.0,1.0,1.0,1.0,0.0,0.07783949999999999,44.4979,44.3941,44.913,44.3941,0.129731,14.054,97.0646,92.0148,93.7939,98.9124,0.0,8.06044,51.227,0.0,0.0,-96.1333,97.5747,95.1803,32.974000000000004,298.164,37.636,284.284,288.86,47.9681,419.441,424.492,421.323,518.808,501.772,602.9169999999998,427.877,421.395,528.827,499.958,604.2819999999998,408.963,406.292,523.788,523.072,616.039,408.025,406.942,523.931,522.5,619.06,432.741,432.597,541.822,539.317,620.499,433.676,432.8130000000001,543.111,542.538,619.132,602.271,603.851,21.917,405.772,1146.98
2020-11-22 07:02:50,97.1001,97.5885,97.7717,98.6874,82.3871,83.2418,82.7534,83.3639,27.6252,27.5031,27.1367,27.5031,15.1099,14.9267,15.7814,15.6593,15.8425,14.6825,14.9878,15.4151,51.7216,18.7057,26.9109,31.2088,100.073,141.001,102.222,83.5653,50,50,50,50,50.3358,50.1526,50.2747,50.2137,50,50,50,50,11.4469,11.2027,11.2637,11.8742,10.9585,10.6532,11.0195,11.2637,11.8132,12.4847,11.9353,12.1184,54.4872,56.1355,55.464,55.5861,27.1367,26.2821,26.7705,26.16,46.0012,59.8596,45.2686,45.1465,33.0586,34.0965,34.1575,32.8755,29.0293,28.7851,28.1746,28.4799,44.2918,45.2076,44.536,44.475,34.707,34.768,34.4628,34.9512,26.8926,26.6484,26.8926,26.7705,45.5739,45.757,45.3907,46.0623,33.3639,33.3639,33.7302,33.6081,27.2589,27.0147,25.3053,30.6166,45.1465,44.3529,44.536,44.8413,15.6593,15.232,30.9829,15.4762,14.8046,15.1099,38.9194,15.232,16.0867,15.232,15.8425,15.4151,35.3175,35.5006,36.0501,35.6838,97.2222,98.0769,97.2222,98.138,50.4579,50.2747,50.8242,50.7631,50,50,50,50,50.3968,50.5189,50.3358,50.3968,5.7081800000000005,0.396825,1.31258,60.7143,38.9194,52.6557,17.9182,57.4786,25.7326,53.9377,2.77778,0.396825,1103.95,178.44099999999997,1509.89,0.0,1.0,1.0,1.0,1.0,0.0,0.07783949999999999,44.4979,44.3941,44.913,44.3941,0.129731,14.054,97.7173,90.0891,94.4071,98.2444,0.0,8.06044,52.7249,0.0,0.0,-71.3809,97.5747,95.1803,34.4106,298.98,38.168,281.889,288.86,47.9681,419.441,424.492,421.323,518.808,501.772,602.9169999999998,427.877,421.395,529.113,499.958,604.2819999999998,409.973,407.30300000000005,523.788,523.072,617.0459999999998,408.025,406.942,523.931,522.5,619.06,432.741,432.597,541.822,539.317,620.499,433.676,432.8130000000001,543.111,542.538,619.132,602.271,603.851,21.917,405.772,1148.15
2020-11-22 07:02:55,97.1001,97.5885,97.7717,98.6874,82.3871,83.2418,82.7534,83.3639,27.6252,27.5031,27.1367,27.5031,15.1099,14.9267,15.7814,15.6593,15.8425,14.6825,14.9878,15.4151,51.7216,18.7057,26.9109,31.2088,99.1941,139.536,100.757,82.4908,50,50,50,50,50.3358,50.1526,50.2747,50.2137,50,50,50,50,11.4469,11.2027,11.2637,11.8742,10.9585,10.6532,11.0195,11.2637,11.8132,12.4847,11.9353,12.1184,54.4872,56.1355,55.464,55.5861,27.1367,26.2821,26.7705,26.16,46.0012,59.8596,45.2686,45.1465,33.0586,34.0965,34.1575,32.8755,29.0293,28.7851,28.1746,28.4799,44.2918,45.2076,44.536,44.475,34.707,34.768,34.4628,34.9512,26.8926,26.6484,26.8926,26.7705,45.5739,45.757,45.3907,46.0623,33.3639,33.3639,33.7302,33.6081,27.2589,27.0147,25.3053,30.6166,45.1465,44.3529,44.536,44.8413,15.6593,15.232,30.9829,15.4762,14.8046,15.1099,38.9194,15.232,16.0867,15.232,15.8425,15.4151,35.3175,35.5006,36.0501,35.6838,97.2222,98.0769,97.2222,98.138,50.4579,50.2747,50.8242,50.7631,50,50,50,50,50.3968,50.5189,50.3358,50.3968,5.7081800000000005,0.396825,1.31258,60.7143,40.812,52.6557,17.9182,57.4786,25.7326,53.9377,2.77778,0.396825,1099.12,178.44099999999997,1508.2,0.0,1.0,1.0,1.0,1.0,0.0,0.07783949999999999,44.4979,44.3941,44.913,44.3941,0.129731,13.3925,96.783,90.7988,94.3557,98.2444,0.0,8.06044,49.3674,0.0,0.0,-47.1169,97.5747,95.1803,34.4106,302.019,38.7414,283.449,288.86,47.9681,419.441,424.492,421.323,518.808,501.772,602.9169999999998,427.877,421.395,529.256,499.958,604.2819999999998,409.973,407.30300000000005,523.788,523.072,617.0459999999998,408.025,406.942,523.931,522.5,619.06,432.741,432.597,541.822,539.317,620.499,433.676,432.8130000000001,543.111,542.538,619.132,602.271,603.851,21.917,406.301,1149.29
2020-11-22 07:03:00,97.1001,97.5885,97.7717,98.6874,82.3871,83.2418,82.7534,83.3639,27.6252,27.5031,27.1367,27.5031,15.1099,14.9267,15.7814,15.6593,15.8425,14.6825,14.9878,15.4151,52.6007,18.7057,26.9109,30.232,99.1941,136.996,100.757,81.514,50,50,50,50,50.3358,50.1526,50.2747,50.2137,50,50,50,50,11.4469,11.2027,11.2637,11.8742,10.8974,10.6532,11.0195,11.2637,11.8132,12.4847,11.9353,12.1184,54.4872,56.1355,55.464,55.5861,27.1367,26.2821,26.7705,26.16,46.0012,59.8596,44.6581,45.1465,33.0586,34.0965,34.1575,32.8755,29.0293,28.7851,28.1746,28.4799,44.2918,45.2076,44.536,44.475,34.707,34.768,34.4628,34.9512,26.8926,26.6484,26.8926,26.7705,45.5739,45.757,45.3907,46.0623,33.3639,33.3639,33.7302,33.6081,27.2589,25.7936,25.3053,30.6166,45.1465,44.3529,44.536,44.8413,15.6593,15.232,30.9829,15.4762,14.8046,15.1099,38.9194,15.232,16.0867,15.232,15.8425,15.4151,35.3175,35.5006,36.0501,35.6838,97.2222,98.0769,97.2222,98.138,50.4579,50.2747,50.8242,50.7631,50,50,50,50,50.3968,50.5189,50.3358,50.3968,5.7081800000000005,0.396825,1.31258,60.7143,40.812,52.6557,17.9182,57.4786,25.7326,53.9377,2.77778,0.396825,1102.71,178.44099999999997,1503.39,0.0,1.0,1.0,1.0,1.0,0.0,0.07783949999999999,44.4979,44.3941,44.913,44.3941,0.129731,13.3925,97.5257,88.5457,94.3557,98.9759,0.0,8.06044,52.8747,0.0,0.0,-42.535,97.5747,95.1803,33.6551,305.652,39.3083,286.349,288.86,47.9681,419.441,424.492,421.323,519.81,501.772,602.9169999999998,427.877,422.403,529.399,499.958,604.2819999999998,409.973,407.30300000000005,523.788,523.072,617.0459999999998,408.025,406.942,523.931,522.5,619.06,432.741,432.597,541.822,539.317,620.499,433.676,432.8130000000001,543.111,542.538,619.132,602.271,603.851,21.917,405.772,1149.92
2020-11-22 07:03:05,97.1001,97.5885,97.7717,98.6874,82.3871,83.2418,82.7534,83.3639,27.6252,27.5031,27.1367,27.5031,15.1099,14.9267,15.7814,15.6593,15.8425,14.6825,14.9878,15.4151,51.7216,17.8266,26.9109,32.0879,97.7289,136.996,102.125,82.8816,50,50,50,50,50.3358,50.1526,50.2747,50.2137,50,50,50,50,11.4469,11.2027,11.2637,11.8742,10.8974,11.6911,11.0195,11.2637,11.8132,12.4847,11.9353,12.1184,54.4872,56.1355,55.464,55.5861,27.1367,26.2821,26.7705,26.16,45.3907,59.8596,44.6581,45.1465,33.0586,34.0965,33.6081,32.8755,29.0293,28.7851,28.1746,28.4799,44.2918,45.2076,44.536,44.475,34.707,34.768,34.4628,34.9512,26.8926,26.6484,26.8926,26.7705,45.5739,45.757,45.3907,46.0623,33.3639,33.3639,33.7302,33.6081,27.2589,26.9536,25.3053,30.6166,45.1465,44.3529,44.536,44.8413,15.6593,15.232,30.9829,15.4762,14.8046,15.1099,38.9194,15.232,16.0867,15.232,15.8425,15.4151,35.3175,35.5006,36.0501,35.6838,97.2222,98.0769,97.2222,98.138,50.4579,50.2747,50.8242,50.7631,50,50,50,50,50.3968,50.5189,50.3358,50.3968,5.7081800000000005,0.396825,1.31258,60.7143,40.812,52.6557,17.9182,57.4786,25.7326,53.9377,2.77778,0.396825,1100.34,178.44099999999997,1505.79,0.0,1.0,1.0,1.0,1.0,0.0,0.07783949999999999,44.4979,44.3941,44.913,44.3941,0.129731,13.3925,97.0147,91.3944,94.3557,98.3558,0.0,8.06044,53.3389,0.0,0.0,-48.8289,97.5747,95.1803,31.8162,309.059,39.0103,289.525,288.86,47.9681,419.441,424.492,421.323,519.81,501.772,602.9169999999998,428.884,422.403,529.686,498.956,604.2819999999998,409.973,407.30300000000005,523.788,523.072,617.0459999999998,409.035,407.953,523.931,522.5,619.06,432.741,432.597,541.822,539.317,620.499,433.676,432.8130000000001,543.111,542.538,619.132,602.271,603.851,21.917,405.772,1150.46
2020-11-22 07:03:10,97.1001,97.5885,97.7717,98.6874,82.3871,83.2418,82.7534,83.3639,27.6252,27.5031,27.1367,27.5031,15.1099,14.9267,15.7814,15.6593,15.8425,14.6825,14.9878,15.4151,50.8425,17.8266,26.9109,32.0879,98.9988,136.996,102.125,82.0024,50,50,50,50,50.3358,50.1526,50.2747,50.2137,50,50,50,50,11.4469,11.2027,11.2637,11.8742,10.8974,11.1416,11.0195,11.2637,11.8132,12.4847,11.9353,12.1184,54.4872,56.1355,55.464,55.5861,27.1367,26.2821,26.7705,26.16,45.3907,59.8596,44.1087,45.1465,33.0586,34.0965,33.6081,32.8755,29.0293,28.7851,28.1746,28.4799,44.2918,45.2076,44.536,44.475,34.707,34.768,34.4628,34.9512,26.8926,26.6484,26.8926,26.7705,45.5739,45.757,45.3907,46.0623,33.3639,33.3639,33.7302,33.6081,27.2589,26.9536,25.3053,30.6166,45.1465,44.3529,44.536,44.8413,15.6593,15.232,30.9829,15.4762,14.8046,15.1099,38.9194,15.232,16.0867,15.232,15.8425,15.4151,35.3175,35.5006,36.0501,35.6838,97.2222,98.0769,97.2222,98.138,50.4579,50.2747,50.8242,50.7631,50,50,50,50,50.3968,50.5189,50.3358,50.3968,5.7081800000000005,0.396825,1.31258,60.7143,40.812,52.6557,17.9182,57.4786,25.7326,53.9377,2.77778,0.396825,1102.81,178.44099999999997,1506.89,0.0,1.0,1.0,1.0,1.0,0.0,0.07783949999999999,44.4979,44.3941,44.913,44.3941,0.129731,14.1422,97.0147,90.9737,93.1837,98.3558,0.0,8.06044,48.125,0.0,0.0,-28.3896,97.5747,95.1803,31.1773,312.7390000000001,39.0103,291.938,288.86,47.9681,419.441,424.492,421.323,519.81,501.772,602.9169999999998,428.884,422.403,529.8290000000002,498.956,604.2819999999998,409.973,407.30300000000005,523.788,523.072,617.0459999999998,409.035,407.953,523.931,522.5,619.06,432.741,432.597,541.822,539.317,620.499,433.676,432.8130000000001,543.111,542.538,619.132,602.271,603.851,21.917,405.244,1151.03
2020-11-22 07:03:15,97.1001,97.5885,97.7717,98.6874,82.3871,83.2418,82.7534,83.3639,27.6252,27.5031,27.1367,27.5031,15.1099,14.9267,15.7814,15.6593,15.8425,14.6825,14.9878,15.4151,50.8425,17.8266,26.9109,32.0879,100.171,136.996,101.05,82.8816,50,50,50,50,50.3358,50.1526,50.2747,50.2137,50,50,50,50,11.4469,11.2027,11.2637,11.8742,10.8974,11.1416,11.0195,11.2637,11.8132,12.4847,11.9353,12.1184,54.4872,56.1355,55.464,55.5861,27.1367,26.2821,26.7705,26.16,45.3907,59.8596,44.1087,45.1465,33.0586,34.0965,33.6081,32.8755,29.0293,28.7851,28.1746,28.4799,44.2918,45.2076,44.536,44.475,34.707,34.768,34.4628,34.9512,26.8926,26.6484,26.8926,26.7705,45.5739,45.757,45.3907,46.0623,33.3639,33.3639,33.7302,33.6081,27.2589,26.9536,25.3053,30.6166,45.1465,44.3529,44.536,44.8413,15.6593,15.232,30.9829,15.4762,14.8046,15.1099,38.9194,15.232,16.0867,15.232,15.8425,15.4151,35.3175,35.5006,36.0501,35.6838,97.2222,98.0769,97.2222,98.138,50.4579,50.2747,50.8242,50.7631,50,50,50,50,50.3968,50.5189,50.3358,50.3968,5.7081800000000005,0.396825,1.31258,60.7143,40.812,52.6557,17.9182,57.4786,25.7326,53.9377,2.77778,0.396825,1108.81,177.896,1505.19,0.0,1.0,1.0,1.0,1.0,0.0,0.07783949999999999,44.4979,44.3941,44.913,44.3941,0.129731,14.8626,99.183,92.1671,94.038,98.3558,0.0,8.06044,43.86,0.0,0.0,-5.3027,97.5747,95.1803,32.2346,313.318,39.0844,293.266,288.86,49.0204,419.441,424.492,421.323,519.81,501.772,602.9169999999998,428.884,422.403,530.115,500.101,604.2819999999998,409.973,407.30300000000005,523.788,523.072,617.0459999999998,409.035,407.953,523.931,522.5,619.06,432.741,432.597,541.822,539.317,620.499,433.676,432.8130000000001,543.111,542.538,619.132,602.271,603.851,21.917,405.772,1151.64
2020-11-22 07:03:20,97.1001,97.5885,97.7717,98.6874,82.3871,83.2418,82.7534,83.3639,27.6252,27.5031,27.1367,27.5031,15.1099,14.9267,15.7814,15.6593,15.8425,14.6825,14.9878,15.4151,49.8657,17.8266,26.9109,32.0879,98.022,136.11700000000002,101.05,82.8816,50,50,50,50,50.3358,50.1526,50.2747,50.2137,50,50,50,50,11.4469,11.2027,11.2637,11.8742,10.8974,11.1416,11.0195,11.2637,11.8132,12.4847,11.9353,12.1184,54.4872,56.1355,55.464,55.5861,27.1367,26.2821,26.7705,26.16,45.3907,59.8596,45.2686,45.1465,33.0586,34.0965,33.0586,32.326,29.0293,28.2357,28.1746,28.4799,44.2918,45.2076,44.536,44.475,34.707,34.768,34.4628,34.9512,26.8926,26.6484,26.8926,26.7705,45.5739,45.0855,45.3907,46.0623,33.3639,33.3639,33.7302,33.6081,27.2589,26.7705,25.3053,30.6166,45.1465,44.3529,44.536,44.8413,15.6593,15.232,30.9829,15.4762,14.8046,15.1099,38.9194,15.232,16.0867,15.232,15.8425,15.4151,35.3175,35.5006,36.0501,35.6838,97.2222,98.0769,97.2222,98.138,50.4579,50.2747,50.8242,50.7631,50,50,50,50,50.3968,50.5189,50.3358,50.3968,5.7081800000000005,0.396825,1.31258,59.4322,40.812,52.6557,17.9182,57.4786,25.7326,53.9377,2.77778,0.396825,1110.02,177.896,1504.69,0.0,1.0,1.0,1.0,1.0,0.0,0.07783949999999999,44.4979,44.3941,44.913,44.3941,0.129731,14.8626,97.5248,90.9691,94.6615,98.3558,0.0,8.06044,38.759,0.0,0.0,-20.2137,97.5747,95.1803,32.8435,313.935,41.1096,295.141,288.86,49.0204,419.441,424.492,421.323,519.81,501.772,602.9169999999998,428.884,422.403,530.258,502.821,604.2819999999998,409.973,407.30300000000005,523.788,523.072,617.0459999999998,409.035,407.953,523.931,522.5,619.06,432.741,432.597,541.822,539.317,620.499,433.676,432.8130000000001,543.111,542.538,619.132,602.271,603.851,22.0879,405.244,1151.64
2020-11-22 07:03:25,97.1001,97.5885,97.7717,98.6874,82.3871,83.2418,82.7534,83.3639,27.6252,27.5031,27.1367,27.5031,15.1099,14.9267,15.7814,15.6593,15.8425,14.6825,14.9878,15.4151,49.8657,17.8266,26.9109,32.0879,97.0452,137.289,99.7802,82.8816,50,50,50,50,50.3358,50.1526,50.2747,50.2137,50,50,50,50,11.4469,11.2027,11.2637,11.8742,11.4469,11.1416,11.0195,11.2637,11.8132,12.4847,11.9353,12.1184,54.4872,56.1355,54.9145,55.5861,27.1367,26.2821,26.7705,26.16,45.3907,59.8596,45.2686,45.1465,33.0586,34.0965,33.0586,32.326,29.0293,28.2357,28.1746,28.4799,44.2918,45.2076,44.536,44.475,34.707,34.768,34.4628,34.9512,26.8926,26.6484,26.8926,26.7705,45.5739,45.0855,45.3907,46.0623,33.3639,33.3639,33.7302,32.7534,27.2589,26.7705,25.3053,30.6166,45.1465,44.3529,44.536,44.8413,15.6593,15.232,30.9829,15.4762,14.8046,15.1099,38.9194,15.232,16.0867,15.232,15.8425,15.4151,35.3175,35.5006,36.0501,35.6838,97.2222,98.0769,97.2222,98.138,50.4579,50.2747,50.8242,50.7631,50,50,50,50,50.3968,50.5189,50.3358,50.3968,5.7081800000000005,0.396825,1.31258,59.4322,40.812,52.6557,17.9182,57.4786,25.7326,53.9377,2.77778,0.396825,1101.75,177.896,1507.86,0.0,1.0,1.0,1.0,1.0,0.0,0.07783949999999999,44.4979,44.3941,44.913,44.3941,0.129731,14.8626,96.9142,91.6651,93.5472,98.3558,0.0,8.06044,46.4347,0.0,0.0,-24.9019,97.5747,95.1803,33.3886,312.163,40.3215,297.043,288.86,49.0204,420.522,425.5,422.331,519.81,501.772,602.9169999999998,428.884,422.403,530.401,505.04,604.2819999999998,409.973,407.30300000000005,523.788,523.072,617.0459999999998,409.035,407.953,523.931,522.5,619.06,432.741,432.597,541.822,539.317,620.499,433.676,432.8130000000001,543.111,542.538,619.132,602.271,603.851,22.0879,404.715,1151.64
2020-11-22 07:03:30,97.1001,97.5885,97.7717,98.6874,82.3871,83.2418,82.7534,83.3639,27.0757,26.8315,27.1367,27.5031,15.1099,14.9267,15.7814,15.6593,15.8425,14.6825,14.9878,15.4151,49.8657,17.8266,26.9109,31.1111,97.0452,137.289,99.7802,81.8071,50,50,50,50,50.3358,50.1526,50.2747,50.2137,50,50,50,50,11.4469,11.2027,11.2637,11.8742,11.4469,11.1416,11.0195,11.2637,11.8132,12.4847,11.9353,12.1184,54.4872,56.1355,54.9145,55.5861,27.1367,26.2821,26.7705,26.16,45.3907,59.8596,45.2686,45.1465,33.0586,34.0965,32.5092,31.7766,29.0293,28.2357,28.1746,28.4799,44.2918,45.2076,44.536,44.475,34.707,34.768,34.4628,34.9512,26.8926,26.6484,26.8926,26.7705,45.5739,45.0855,45.3907,46.0623,33.3639,33.3639,33.7302,32.7534,27.2589,26.7705,25.3053,30.6166,45.1465,44.3529,44.536,44.8413,15.6593,15.232,30.9829,15.4762,14.8046,15.1099,38.9194,15.232,16.0867,15.232,15.8425,15.4151,35.3175,35.5006,36.0501,35.6838,97.2222,98.0769,97.2222,98.138,50.4579,50.2747,50.8242,50.7631,50,50,50,50,50.3968,50.5189,50.3358,50.3968,5.7081800000000005,0.396825,1.31258,59.4322,44.2308,51.9231,17.9182,57.4786,25.7326,53.9377,2.77778,0.396825,1095.8,177.896,1502.38,0.0,1.0,1.0,1.0,1.0,0.0,0.07783949999999999,44.4979,44.3941,44.913,44.3941,0.129731,14.8626,96.9891,92.4257,93.3116,97.7495,0.0,8.06044,53.4805,0.0,0.0,-21.9424,97.5747,95.1803,34.0714,311.012,39.5335,296.516,288.86,49.0204,420.522,425.5,422.331,519.81,501.772,602.9169999999998,428.884,422.403,530.544,505.04,604.2819999999998,409.973,407.30300000000005,523.788,523.072,617.0459999999998,409.035,407.953,523.931,522.5,619.06,432.741,433.604,541.822,539.317,620.499,433.676,432.8130000000001,543.111,542.538,619.132,602.271,603.851,22.0879,405.244,1151.1
2020-11-22 07:03:35,97.1001,97.5885,97.7717,98.6874,82.3871,83.2418,82.7534,83.3639,27.0757,26.8315,27.1367,27.5031,15.1099,14.9267,15.7814,15.6593,15.8425,14.6825,14.9878,15.4151,48.9866,17.8266,26.9109,31.1111,97.0452,138.168,99.5849,82.6862,50,50,50,50,50.3358,50.1526,50.2747,50.2137,50,50,50,50,11.4469,11.2027,11.2637,11.8742,11.4469,11.1416,11.0195,11.2637,11.8132,12.4847,11.9353,12.1184,54.4872,56.1355,54.9145,55.5861,27.1367,26.2821,26.7705,26.16,45.3907,59.8596,45.2686,45.1465,33.0586,34.0965,32.5092,31.7766,29.0293,28.2357,28.1746,28.4799,44.2918,45.2076,44.536,44.475,34.707,34.768,34.4628,34.9512,26.8926,26.6484,26.8926,26.7705,45.5739,45.0855,45.3907,46.0623,33.3639,33.3639,33.7302,32.7534,27.2589,26.0379,25.3053,30.6166,45.1465,44.3529,43.9866,44.8413,15.6593,15.232,30.9829,15.4762,14.8046,15.1099,38.9194,15.232,16.0867,15.232,15.8425,15.4151,35.3175,35.5006,36.0501,35.6838,97.2222,98.0769,97.2222,98.138,50.4579,50.2747,50.8242,50.7631,50,50,50,50,50.3968,50.5189,50.3358,50.3968,5.7081800000000005,0.396825,1.31258,59.4322,44.9634,50.64100000000001,17.9182,57.4786,25.7326,53.9377,2.77778,0.396825,1092.22,177.896,1505.06,0.0,1.0,1.0,1.0,1.0,0.0,0.07783949999999999,44.4979,44.3941,44.913,44.3941,0.129731,15.5094,96.9891,91.468,93.9545,96.9637,0.0,8.06044,56.1222,0.0,0.0,-40.1528,97.5747,95.1803,35.5339,311.012,39.5335,294.8590000000001,288.86,49.0204,421.531,425.5,422.331,519.81,501.772,602.9169999999998,428.884,422.403,530.688,504.038,604.2819999999998,409.973,407.30300000000005,523.788,523.072,617.0459999999998,409.035,407.953,523.931,522.5,619.06,432.741,433.604,541.822,539.317,620.499,433.676,432.8130000000001,543.111,542.538,619.132,602.271,603.851,22.0879,405.772,1150.56
2020-11-22 07:03:40,97.1001,97.5885,97.7717,98.6874,82.3871,83.2418,82.7534,83.3639,27.0757,26.8315,27.1367,27.5031,15.1099,14.9267,15.7814,14.9878,15.8425,14.6825,14.9878,15.4151,49.8657,18.7057,26.9109,31.1111,97.0452,139.145,100.464,83.5653,50,50,50,50,50.3358,50.1526,50.2747,50.2137,50,50,50,50,11.4469,11.2027,11.2637,11.8742,11.4469,11.1416,11.0195,11.2637,11.8132,12.4847,11.9353,12.1184,54.4872,56.1355,54.3651,55.5861,27.1367,26.2821,26.7705,26.16,45.3907,59.8596,45.2686,45.1465,33.0586,34.0965,33.9744,30.9219,29.0293,28.2357,28.1746,28.4799,44.2918,45.2076,44.536,44.475,34.707,34.768,34.4628,34.9512,26.8926,26.6484,26.8926,26.7705,45.5739,45.0855,45.3907,46.0623,33.3639,33.3639,33.7302,32.7534,27.2589,26.8926,25.3053,30.6166,45.1465,44.3529,43.9866,44.8413,15.6593,15.232,30.9829,15.4762,14.8046,15.1099,38.9194,15.232,16.0867,15.232,15.8425,15.4151,35.3175,35.5006,36.0501,35.6838,97.2222,98.0769,97.2222,98.138,50.4579,50.2747,50.8242,50.7631,50,50,50,50,50.3968,50.5189,50.3358,50.3968,5.7081800000000005,0.396825,1.31258,59.4322,44.9634,50.64100000000001,22.558000000000003,55.8913,25.7326,53.9377,2.77778,0.396825,1096.91,177.896,1509.4,0.0,1.0,1.0,1.0,1.0,0.0,0.07783949999999999,44.4979,44.3941,44.913,44.3941,0.129731,16.1268,95.995,93.1621,93.9545,96.9637,0.0,8.06044,52.4165,0.0,0.0,-33.8531,97.5747,95.1803,36.4228,310.473,41.5953,292.398,288.86,49.0204,421.531,425.5,422.331,519.81,501.772,602.9169999999998,429.892,422.403,530.688,502.964,604.2819999999998,409.973,407.30300000000005,523.788,523.072,618.053,409.035,407.953,523.931,522.5,619.06,432.741,433.604,541.822,539.317,619.492,433.676,432.8130000000001,543.111,542.538,619.132,602.271,603.851,22.0879,404.715,1150.56
2020-11-22 07:03:45,97.1001,97.5885,97.7717,98.6874,82.3871,83.2418,82.7534,83.3639,27.0757,26.8315,26.5873,26.9536,15.1099,14.9267,15.7814,14.9878,15.8425,14.6825,14.9878,15.4151,50.9402,18.7057,25.641,31.9902,98.022,139.145,100.464,83.5653,50,50,50,50,50.3358,50.1526,50.2747,50.2137,50,50,50,50,11.4469,11.2027,11.2637,11.8742,11.4469,11.1416,11.0195,11.2637,11.8132,12.4847,11.9353,12.1184,54.4872,56.1355,55.5861,55.5861,27.1367,26.2821,26.7705,26.16,45.3907,59.8596,45.2686,44.475,33.0586,34.0965,33.9744,30.9219,29.0293,28.2357,28.1746,28.4799,44.2918,45.2076,44.536,44.475,34.707,34.768,34.4628,34.9512,26.8926,26.6484,26.8926,26.7705,45.5739,45.0855,44.8413,46.0623,33.3639,33.3639,33.7302,32.7534,27.2589,26.8926,25.3053,30.6166,45.1465,44.3529,43.9866,44.8413,15.6593,15.232,30.9829,15.4762,14.8046,15.1099,38.9194,15.232,16.0867,15.232,15.8425,15.4151,35.3175,35.5006,36.0501,35.6838,97.2222,98.0769,97.2222,98.138,50.4579,50.2747,50.8242,50.7631,50,50,50,50,50.3968,50.5189,50.3358,50.3968,5.7081800000000005,0.396825,1.31258,60.5922,44.9634,50.64100000000001,22.558000000000003,55.8913,25.7326,53.9377,2.77778,0.396825,1100.51,177.896,1498.83,0.0,1.0,1.0,1.0,1.0,0.0,0.07783949999999999,44.4979,44.3941,44.913,44.3941,0.129731,16.8766,96.9211,91.3655,91.8201,97.9033,0.0,8.06044,52.3175,0.0,0.0,-37.8547,97.5747,95.1803,36.4228,312.091,41.5953,290.224,288.86,49.0204,421.531,425.5,422.331,519.81,501.772,602.9169999999998,429.892,423.412,530.831,501.747,604.2819999999998,409.973,407.30300000000005,523.788,523.072,618.053,409.035,407.953,523.931,522.5,619.06,432.741,433.604,541.822,539.317,619.492,433.676,432.8130000000001,543.111,542.538,619.132,602.271,603.851,22.0879,405.244,1150.56
2020-11-22 07:03:50,97.1001,97.5885,97.7717,98.6874,82.3871,83.2418,82.7534,83.3639,27.0757,25.8547,26.5873,26.9536,15.1099,14.9267,15.7814,15.5372,15.8425,14.6825,14.9878,15.4151,50.0611,18.7057,25.641,31.9902,100.366,139.145,100.464,83.5653,50,50,50,50,50.3358,50.1526,50.2747,50.2137,50,50,50,50,11.4469,11.2027,11.2637,11.8742,11.4469,11.1416,11.0195,11.2637,11.8132,12.4847,11.9353,12.1184,54.4872,56.1355,55.5861,55.5861,27.1367,26.2821,26.7705,26.16,45.3907,59.8596,45.2686,44.475,33.0586,34.0965,33.9744,30.3114,29.0293,28.2357,28.1746,28.4799,44.2918,45.2076,44.536,44.475,34.707,34.768,34.4628,34.9512,26.8926,26.6484,26.8926,26.7705,45.5739,45.0855,44.8413,46.0623,33.3639,33.3639,33.7302,32.7534,27.2589,26.8926,25.3053,30.6166,45.1465,44.3529,43.9866,44.8413,15.6593,15.232,30.9829,15.4762,14.8046,15.1099,38.9194,15.232,16.0867,15.232,15.8425,15.4151,35.3175,35.5006,36.0501,35.6838,97.2222,98.0769,97.2222,98.138,50.4579,50.2747,50.8242,50.7631,50,50,50,50,50.3968,50.5189,50.3358,50.3968,5.7081800000000005,0.396825,1.31258,60.5922,44.9634,50.64100000000001,22.558000000000003,55.8913,25.7326,53.9377,2.77778,0.396825,1105.25,177.896,1503.54,0.0,1.0,1.0,1.0,1.0,0.0,0.07783949999999999,44.4979,44.3941,44.913,44.3941,0.129731,16.8766,96.9211,92.1131,92.4731,97.8033,0.0,8.06044,53.208,0.0,0.0,-46.1649,97.5747,95.1803,38.875,312.091,41.5953,287.805,288.86,49.0204,421.531,425.5,422.331,519.81,501.772,602.9169999999998,429.892,423.412,530.831,501.747,604.2819999999998,409.973,407.30300000000005,523.788,523.072,618.053,409.035,407.953,523.931,522.5,619.06,432.741,433.604,541.822,539.317,619.492,434.68300000000005,433.82,543.111,542.538,619.132,602.271,603.851,22.0879,405.244,1151.22
2020-11-22 07:03:55,97.1001,97.5885,97.7717,98.6874,82.3871,83.2418,82.7534,83.3639,27.0757,25.8547,26.0379,26.9536,15.1099,14.9267,15.7814,15.5372,15.8425,14.6825,14.9878,15.4151,50.0611,18.7057,24.6642,32.967,101.343,140.122,99.4872,81.514,50,50,50,50,50.3358,50.1526,50.2747,50.2137,50,50,50,50,11.4469,11.2027,11.2637,11.8742,11.4469,11.1416,11.0195,11.2637,11.8132,12.4847,11.9353,12.1184,54.4872,56.1355,55.5861,55.5861,27.1367,26.2821,26.7705,26.16,45.3907,59.8596,45.2686,44.475,33.0586,34.0965,33.9744,37.0879,29.0293,28.2357,28.1746,28.4799,44.2918,45.2076,44.536,44.475,34.707,34.768,34.4628,34.9512,26.8926,26.6484,26.8926,26.7705,45.5739,45.0855,44.8413,46.0623,33.3639,33.3639,33.7302,32.7534,27.2589,25.8547,25.3053,30.6166,45.1465,44.3529,43.9866,44.8413,15.6593,15.232,30.9829,15.4762,14.8046,15.1099,38.9194,15.232,16.0867,15.232,15.8425,15.4151,35.3175,35.5006,36.0501,35.6838,97.2222,98.0769,97.2222,98.138,50.4579,50.2747,50.8242,50.7631,50,50,50,50,50.3968,50.5189,50.3358,50.3968,5.7081800000000005,0.396825,1.31258,60.5922,44.9634,50.64100000000001,22.558000000000003,55.8913,25.7326,53.9377,2.77778,0.396825,1107.64,177.896,1500.85,0.0,1.0,1.0,1.0,1.0,0.0,0.07783949999999999,44.4979,44.3941,44.913,44.3941,0.129731,16.8766,97.8349,93.2975,91.0381,98.7531,0.0,8.06044,53.9023,0.0,0.0,-37.9618,97.5747,95.1803,40.6451,309.832,42.3826,287.278,288.86,49.0204,421.531,425.5,422.331,519.81,501.772,602.9169999999998,429.892,423.412,530.831,500.745,604.2819999999998,409.973,407.30300000000005,523.788,523.072,618.053,409.035,407.953,523.931,522.5,619.06,432.741,433.604,541.822,539.317,619.492,434.68300000000005,433.82,543.111,542.538,619.132,602.271,603.851,22.0879,404.186,1153.03
2020-11-22 07:04:00,97.1001,97.5885,97.7717,98.6874,82.3871,83.2418,82.7534,83.3639,27.0757,25.8547,26.0379,26.9536,15.1099,14.9267,15.7814,15.5372,15.8425,14.6825,14.9878,15.4151,50.0611,19.7802,24.6642,34.0415,102.32,140.122,99.4872,81.514,50,50,50,50,50.3358,50.1526,50.2747,50.2137,50,50,50,50,11.4469,11.2027,11.2637,11.8742,11.4469,11.1416,11.0195,11.2637,11.8132,12.4847,11.9353,12.1184,54.4872,56.1355,55.5861,55.5861,27.1367,26.2821,26.7705,26.16,45.3907,59.8596,45.2686,44.475,33.0586,34.0965,33.4249,37.0879,29.0293,28.2357,28.1746,28.4799,44.2918,45.2076,44.536,44.475,34.707,34.768,34.4628,34.9512,26.8926,26.6484,26.8926,26.7705,45.5739,45.0855,44.8413,46.0623,33.3639,33.3639,33.7302,32.7534,27.2589,26.8926,25.3053,30.6166,45.1465,44.3529,43.9866,44.8413,15.6593,15.232,30.9829,15.4762,14.8046,15.1099,38.9194,15.232,16.0867,15.232,15.8425,15.4151,35.3175,35.5006,36.0501,35.6838,97.2222,98.0769,97.2222,98.138,50.4579,50.2747,50.8242,50.7631,50,50,50,50,50.3968,50.5189,50.3358,50.3968,5.7081800000000005,0.396825,1.31258,60.5922,44.9634,50.64100000000001,22.558000000000003,55.8913,25.7326,53.9377,2.77778,0.396825,1105.28,177.283,1494.04,0.0,1.0,1.0,1.0,1.0,0.0,0.07783949999999999,44.0308,44.3941,44.44600000000001,44.3941,0.129731,17.5528,96.8002,91.1325,91.9843,98.7531,0.0,8.06044,55.4488,0.0,0.0,-1.7668,97.5747,95.1803,40.6451,308.38,43.0716,290.21,288.86,49.0204,421.531,425.5,422.331,519.81,501.772,602.9169999999998,429.892,423.412,530.974,500.745,604.2819999999998,409.973,407.30300000000005,523.788,523.072,618.053,409.035,407.953,523.931,522.5,619.06,432.741,433.604,541.822,539.317,619.492,434.68300000000005,433.82,543.111,542.538,619.132,602.271,603.851,22.0879,405.772,1153.59
2020-11-22 07:04:05,97.1001,97.5885,97.7717,98.6874,82.3871,83.2418,82.7534,83.3639,26.221,25.8547,26.0379,26.4042,15.1099,14.9267,15.7814,15.5372,15.8425,14.6825,14.9878,15.4151,50.0611,19.7802,23.7851,33.0647,101.441,137.778,99.4872,80.4396,50,50,50,50,50.3358,50.1526,50.2747,50.2137,50,50,50,50,11.4469,11.2027,11.2637,11.8742,11.4469,11.1416,11.0195,11.2637,11.8132,12.4847,11.9353,11.5079,54.4872,56.1355,55.5861,55.5861,27.1367,26.2821,26.7705,26.16,45.3907,59.8596,45.2686,44.475,33.0586,34.0965,32.8755,36.4164,28.3578,28.2357,28.1746,28.4799,44.2918,45.2076,44.536,44.475,34.707,34.768,33.9133,34.9512,26.8926,26.6484,26.8926,26.7705,45.5739,45.0855,44.8413,46.0623,33.3639,33.3639,32.8755,32.7534,27.2589,26.8926,25.3053,30.6166,45.1465,44.3529,43.9866,44.8413,15.6593,15.232,30.9829,15.4762,15.3541,15.1099,38.9194,15.232,16.0867,15.232,15.8425,15.4151,35.3175,35.5006,36.0501,35.6838,97.2222,98.0769,97.2222,98.138,50.4579,50.2747,50.8242,50.7631,50,50,50,50,50.3968,50.5189,50.3358,50.3968,5.7081800000000005,0.396825,1.31258,60.5922,44.9634,50.64100000000001,22.558000000000003,55.8913,25.7326,53.9377,2.77778,0.396825,1104.12,176.775,1498.92,0.0,1.0,1.0,1.0,1.0,0.0,0.07783949999999999,44.0308,43.927,44.44600000000001,44.3941,0.129731,17.5528,95.6835,93.6576,91.9843,99.837,0.0,8.06044,54.4177,0.0,0.0,-17.0212,97.5747,95.1803,40.6451,307.745,43.5852,292.089,288.86,49.0204,421.531,425.5,423.34,519.81,501.772,602.9169999999998,429.892,423.412,530.974,500.745,604.2819999999998,409.973,407.30300000000005,523.788,523.072,618.053,409.035,407.953,523.931,522.5,619.06,432.741,433.604,541.822,539.317,619.492,434.68300000000005,433.82,543.111,542.538,619.132,602.271,603.851,22.0879,405.772,1155.1
2020-11-22 07:04:10,97.1001,97.5885,97.7717,98.6874,82.3871,83.2418,82.7534,82.8144,26.221,25.8547,25.4884,26.4042,15.1099,14.9267,15.7814,15.5372,15.8425,14.6825,14.9878,15.4151,50.0611,19.7802,23.7851,33.9438,101.441,138.755,100.757,79.5604,50,50,50,50,50.3358,50.1526,50.2747,50.2137,50,50,50,50,11.4469,11.2027,11.2637,11.8742,11.4469,11.1416,11.0195,11.8132,11.8132,12.4847,11.9353,12.3626,54.4872,56.1355,55.5861,55.5861,27.1367,26.2821,26.7705,26.16,45.3907,59.8596,45.2686,44.475,33.0586,34.0965,32.8755,35.7448,28.3578,28.2357,28.1746,28.4799,44.2918,45.2076,44.536,44.475,34.707,34.768,33.9133,34.9512,26.8926,26.6484,26.8926,26.7705,45.5739,45.0855,44.8413,46.0623,33.3639,33.3639,33.6081,32.7534,27.2589,26.0379,25.3053,30.6166,45.1465,44.3529,43.9866,44.8413,15.6593,15.232,30.9829,15.4762,15.3541,15.1099,38.9194,15.232,16.0867,15.232,15.8425,15.4151,35.3175,35.5006,36.0501,35.6838,97.2222,98.0769,97.2222,98.138,50.4579,50.2747,50.8242,50.7631,50,50,50,50,50.3968,50.5189,50.3358,50.3968,5.7081800000000005,0.396825,1.31258,60.5922,44.9634,50.64100000000001,22.558000000000003,55.8913,25.7326,53.9377,2.77778,0.396825,1104.12,176.775,1497.66,0.0,1.0,1.0,1.0,1.0,0.0,0.07783949999999999,44.0308,43.927,44.44600000000001,44.3941,0.129731,17.5528,97.9416,94.6161,92.5979,97.801,0.0,8.06044,53.7651,0.0,0.0,-10.1224,97.5747,95.1803,40.6451,307.113,44.2855,292.627,288.86,50.0208,421.531,425.5,423.34,519.81,501.772,602.9169999999998,429.892,423.412,530.974,499.74300000000005,604.2819999999998,409.973,407.30300000000005,523.788,523.072,618.053,409.035,407.953,523.931,522.5,619.06,432.741,433.604,541.822,539.317,619.492,434.68300000000005,433.82,543.111,542.538,619.132,602.271,603.851,22.0879,405.772,1155.71
2020-11-22 07:04:15,97.1001,97.5885,97.7717,98.6874,82.3871,83.2418,82.7534,82.8144,26.221,25.8547,25.4884,26.4042,15.1099,14.9267,15.7814,15.5372,15.8425,14.6825,14.9878,15.4151,50.0611,19.7802,22.906,33.9438,99.8779,136.50799999999998,99.8779,79.5604,50,50,50,50,50.3358,50.1526,50.2747,50.2137,50,50,50,50,11.4469,11.2027,11.2637,11.8742,11.4469,11.1416,11.0195,11.2637,11.8132,12.4847,11.9353,12.3626,54.4872,56.1355,55.5861,55.5861,27.1367,26.2821,26.7705,26.16,45.3907,59.8596,45.2686,44.475,33.0586,34.0965,32.326,35.1954,28.3578,28.2357,28.1746,28.4799,44.2918,45.2076,43.9866,44.475,34.707,34.768,33.9133,34.9512,26.8926,26.6484,26.8926,26.7705,45.5739,45.0855,44.8413,46.0623,33.3639,33.3639,33.6081,32.7534,27.2589,26.8315,25.3053,30.6166,45.1465,44.3529,43.9866,44.8413,15.6593,15.232,30.9829,15.4762,15.3541,15.1099,38.9194,15.232,16.0867,15.232,15.8425,15.4151,35.3175,35.5006,36.0501,35.6838,97.2222,98.0769,97.2222,98.138,50.4579,50.2747,50.8242,50.7631,50,50,50,50,50.3968,50.5189,50.3358,50.3968,5.7081800000000005,0.396825,1.31258,60.5922,44.9634,49.42,22.558000000000003,55.8913,25.7326,53.9377,2.77778,0.396825,1104.15,176.775,1500.34,0.0,1.0,1.0,1.0,1.0,0.0,0.07783949999999999,44.0308,43.927,44.44600000000001,44.3941,0.129731,16.9354,96.9737,92.1891,91.8526,99.5253,0.0,8.06044,52.9592,0.0,0.0,-9.28302,97.5747,95.1803,39.9022,310.067,45.0835,292.105,288.86,50.0208,421.531,426.509,423.34,519.81,501.772,602.9169999999998,429.892,423.412,530.974,499.74300000000005,604.2819999999998,409.973,407.30300000000005,523.788,523.072,618.053,409.035,407.953,523.931,522.5,619.06,432.741,433.604,541.822,539.317,619.492,434.68300000000005,433.82,543.111,542.538,619.132,602.271,603.851,22.0879,405.244,1155.71
2020-11-22 07:04:20,97.1001,97.5885,97.7717,98.6874,82.3871,83.2418,82.7534,82.8144,25.3053,25.8547,25.4884,25.6105,15.1099,14.9267,15.7814,15.5372,15.8425,14.6825,14.9878,15.4151,50.0611,18.8034,22.906,32.4786,99.8779,135.238,101.245,79.5604,50,50,50,50,50.3358,50.1526,50.2747,50.2137,50,50,50,50,11.4469,11.2027,11.2637,11.8742,11.4469,11.1416,11.0195,11.2637,11.8132,12.4847,11.9353,12.3626,54.4872,56.1355,55.5861,55.5861,27.1367,26.2821,26.7705,26.16,45.3907,59.8596,45.2686,44.475,33.0586,34.0965,32.326,34.5849,28.3578,28.2357,28.1746,28.4799,44.2918,45.2076,43.9866,44.475,34.707,34.768,33.9133,34.4017,26.8926,26.6484,26.8926,26.7705,45.5739,45.0855,44.8413,46.0623,33.3639,33.3639,33.6081,32.7534,26.4042,26.8315,25.3053,30.6166,45.1465,44.3529,43.9866,44.8413,15.6593,15.232,30.9829,15.4762,15.3541,15.1099,38.9194,15.232,16.0867,15.232,15.8425,15.4151,35.3175,35.5006,36.0501,35.6838,97.2222,98.0769,97.2222,98.138,50.4579,50.2747,50.8242,50.7631,50,50,50,50,50.3968,50.5189,50.3358,50.3968,5.7081800000000005,0.396825,1.31258,60.5922,44.9634,49.42,22.558000000000003,55.8913,25.7326,53.9377,2.77778,0.396825,1102.97,176.775,1498.15,0.0,1.0,1.0,1.0,1.0,0.0,0.07783949999999999,44.0308,43.927,44.44600000000001,44.3941,0.129731,16.9354,97.5945,91.6575,91.3815,98.3878,0.0,8.06044,54.0984,0.0,0.0,-25.9588,97.5747,95.1803,40.4911,311.75,44.1576,291.584,288.86,50.0208,421.531,426.509,423.34,519.81,501.772,602.9169999999998,429.892,423.412,530.974,499.74300000000005,603.276,409.973,407.30300000000005,523.788,523.072,618.053,409.035,407.953,523.931,522.5,619.06,433.7480000000001,433.604,541.822,539.317,618.484,434.68300000000005,433.82,543.111,542.538,619.132,602.271,603.851,22.0879,405.244,1156.25
2020-11-22 07:04:25,97.1001,97.5885,97.7717,98.6874,82.3871,83.2418,82.7534,82.8144,25.3053,25.3053,24.8779,25.6105,15.1099,14.9267,15.7814,15.5372,15.8425,14.6825,14.9878,15.4151,50.0611,17.8266,22.906,33.3578,99.8779,136.11700000000002,101.245,79.5604,50,50,50,50,50.3358,50.1526,50.2747,50.2137,50,50,50,50,11.4469,11.2027,11.2637,11.8742,11.4469,11.1416,11.0195,11.2637,11.8132,12.4847,12.4847,12.3626,54.4872,56.1355,55.5861,55.5861,27.1367,26.2821,26.221,26.16,45.3907,59.8596,45.2686,44.475,33.0586,34.0965,33.9133,34.5849,28.3578,28.2357,28.1746,28.4799,44.2918,45.2076,43.9866,44.475,34.707,34.768,33.9133,34.4017,26.8926,26.6484,26.8926,26.7705,45.5739,45.0855,44.8413,46.0623,33.3639,33.3639,33.6081,32.7534,26.4042,26.8315,25.3053,30.6166,45.1465,44.3529,43.9866,44.8413,15.6593,15.232,30.9829,15.4762,15.3541,15.1099,38.9194,15.232,16.0867,15.232,15.8425,15.4151,35.3175,35.5006,36.0501,35.6838,97.2222,98.0769,97.2222,98.138,50.4579,50.2747,50.8242,50.7631,50,50,50,50,50.3968,50.5189,50.3358,50.3968,5.7081800000000005,0.396825,1.31258,60.5922,46.7338,49.42,24.4506,55.8913,25.7326,53.9377,2.77778,0.396825,1100.6,176.775,1497.16,0.0,1.0,1.0,1.0,1.0,0.0,0.07783949999999999,44.0308,43.927,44.44600000000001,44.3941,0.129731,16.3326,95.9249,92.3612,91.3815,97.6847,0.0,8.06044,54.6237,0.0,0.0,-43.703,97.5747,95.1803,42.0229,309.026,44.8668,292.627,288.86,50.0208,421.531,426.509,423.34,519.81,501.772,602.9169999999998,429.892,423.412,530.974,499.74300000000005,603.276,409.973,407.30300000000005,523.788,523.072,618.053,409.035,407.953,523.931,522.5,619.06,433.7480000000001,433.604,541.822,539.317,618.484,434.68300000000005,433.82,543.111,542.538,619.132,602.271,602.845,22.0879,405.244,1156.25
2020-11-22 07:04:30,97.1001,97.5885,97.7717,98.6874,82.3871,83.2418,82.7534,82.8144,25.3053,25.3053,24.8779,25.6105,15.1099,14.9267,15.7814,15.5372,15.8425,14.6825,14.9878,15.4151,50.0611,17.8266,23.8828,33.3578,99.8779,137.094,101.245,82.1001,50,50,50,50,50.3358,50.1526,50.2747,50.2137,50,50,50,50,11.4469,11.2027,11.2637,11.8742,10.8974,11.1416,11.0195,11.2637,11.8132,12.4847,12.4847,12.3626,54.4872,56.1355,55.5861,55.5861,27.1367,26.2821,26.221,26.16,45.3907,59.8596,45.2686,44.475,33.0586,33.3639,33.9133,34.0354,28.3578,28.2357,28.1746,28.4799,44.2918,45.2076,43.9866,44.475,34.707,34.768,33.9133,34.4017,26.8926,26.6484,26.8926,26.7705,45.5739,45.0855,44.8413,46.0623,33.3639,33.3639,33.6081,32.7534,26.4042,25.9158,25.3053,30.6166,45.1465,44.3529,43.9866,44.8413,15.6593,15.232,30.9829,15.4762,15.3541,15.1099,38.9194,15.232,16.0867,15.232,15.8425,15.4151,35.3175,35.5006,36.0501,35.6838,97.2222,98.0769,97.2222,98.138,50.4579,50.2747,50.8242,50.7631,50,50,50,50,50.3968,50.5189,50.3358,50.3968,5.7081800000000005,0.396825,1.31258,60.5922,46.7338,49.42,24.4506,55.8913,25.7326,53.9377,2.77778,0.396825,1098.25,176.775,1496.75,0.0,1.0,1.0,1.0,1.0,0.0,0.07783949999999999,44.0308,43.927,44.44600000000001,43.927,0.129731,16.3326,96.6554,93.7765,92.1852,97.6847,0.0,8.06044,55.7538,0.0,0.0,-30.1138,97.5747,95.1803,42.0229,308.993,45.4399,294.694,288.86,50.0208,421.531,426.509,423.34,519.81,501.772,602.9169999999998,429.892,423.412,530.974,499.74300000000005,603.276,409.973,407.30300000000005,523.788,523.072,618.053,409.035,407.953,523.931,522.5,619.06,433.7480000000001,433.604,541.822,539.317,618.484,434.68300000000005,433.82,543.111,542.538,619.132,602.271,602.845,22.0879,405.772,1156.25
2020-11-22 07:04:35,97.1001,97.5885,97.7717,98.6874,82.3871,83.2418,82.7534,82.8144,24.5727,24.6948,24.2064,25.0611,15.1099,14.9267,15.7814,15.5372,15.8425,14.6825,14.9878,15.4151,50.0611,17.8266,23.8828,32.381,99.8779,137.97299999999998,101.245,82.1001,50,50,50,50,50.3358,50.1526,50.2747,50.2137,50,50,50,50,11.4469,11.2027,11.2637,11.8742,10.8974,11.1416,11.0195,11.2637,11.8132,12.4847,12.4847,12.3626,54.4872,56.1355,55.5861,55.5861,26.5873,26.2821,26.221,26.16,45.3907,59.8596,45.2686,44.475,33.0586,33.3639,33.9133,33.3028,28.3578,28.2357,28.1746,28.4799,44.2918,45.2076,43.9866,44.475,34.707,34.768,33.9133,34.4017,26.8926,26.6484,26.8926,26.7705,45.5739,45.0855,44.8413,46.0623,33.3639,33.3639,33.6081,32.7534,26.4042,26.6484,25.3053,30.6166,44.1087,44.3529,43.9866,44.8413,15.6593,14.6825,30.9829,15.4762,15.3541,15.1099,38.9194,15.232,16.0867,15.232,15.8425,15.4151,35.3175,35.5006,36.0501,35.6838,97.2222,98.0769,97.2222,98.138,50.4579,50.2747,50.8242,50.7631,50,50,50,50,50.3968,50.5189,50.3358,50.3968,5.7081800000000005,0.396825,1.31258,60.5922,46.7338,49.42,28.7241,54.6093,25.7326,53.9377,2.77778,0.396825,1098.25,176.775,1489.27,0.0,1.0,1.0,1.0,1.0,0.0,0.07783949999999999,44.0308,43.927,43.927,43.927,0.129731,16.3326,97.7045,90.25,92.1852,98.9005,0.0,8.06044,56.1353,0.0,0.0,-17.2566,97.5747,95.1803,41.5133,308.993,45.4399,295.196,288.86,50.0208,421.531,426.509,423.34,519.81,501.772,602.9169999999998,430.9,423.412,531.117,499.74300000000005,603.276,409.973,407.30300000000005,523.788,523.072,618.053,409.035,407.953,523.931,522.5,619.06,433.7480000000001,433.604,541.822,539.317,618.484,434.68300000000005,433.82,543.111,542.538,619.132,602.271,602.845,22.2589,405.772,1155.73
2020-11-22 07:04:40,97.1001,97.5885,97.7717,98.6874,82.3871,83.2418,82.7534,82.8144,23.9011,24.1453,23.6569,24.2064,15.1099,14.9267,15.7814,14.9878,15.8425,14.6825,14.9878,15.4151,50.0611,17.8266,23.8828,31.4041,99.8779,137.97299999999998,101.148,83.0769,50,50,50,50,50.3358,50.1526,50.2747,50.2137,50,50,50,50,11.4469,11.2027,11.2637,11.8742,10.8974,11.1416,11.0195,11.2637,11.8132,12.4847,12.4847,12.3626,54.4872,56.1355,55.5861,55.5861,26.5873,26.2821,26.221,26.16,45.3907,59.8596,45.2686,44.475,33.0586,33.3639,33.9133,33.3028,28.3578,28.2357,28.1746,28.4799,44.2918,44.3529,43.9866,44.475,34.707,34.768,33.9133,34.4017,26.8926,26.6484,26.8926,26.7705,45.5739,45.0855,44.8413,46.0623,33.3639,33.3639,33.6081,32.7534,26.4042,26.6484,25.3053,30.6166,44.1087,44.3529,43.9866,44.8413,15.6593,14.6825,30.9829,15.4762,15.3541,15.1099,38.9194,15.232,16.0867,15.232,15.8425,15.4151,35.3175,35.5006,36.0501,35.6838,97.2222,98.0769,97.2222,98.138,50.4579,50.2747,50.8242,50.7631,50,50,50,50,50.3968,50.5189,50.3358,50.3968,5.7081800000000005,0.396825,1.31258,60.5922,46.7338,49.42,28.7241,54.6093,25.7326,53.9377,2.77778,0.396825,1097.17,176.202,1490.42,0.0,1.0,1.0,1.0,1.0,0.0,0.07783949999999999,44.0308,43.927,43.46,43.927,0.129731,16.3326,96.5298,93.88,91.5377,98.2556,0.0,8.06044,53.205,0.0,0.0,-42.5374,97.5747,95.1803,40.7982,308.993,46.6839,296.237,288.86,50.0208,421.531,426.509,423.34,519.81,501.772,601.9119999999998,430.9,423.412,531.26,499.74300000000005,603.276,409.973,407.30300000000005,523.788,523.072,618.053,409.035,407.953,523.931,522.5,619.06,433.7480000000001,433.604,541.822,539.317,618.484,434.68300000000005,433.82,543.111,542.538,618.125,601.265,602.845,22.2589,405.772,1155.73
2020-11-22 07:04:45,97.1001,97.5885,97.7717,98.6874,82.3871,83.2418,82.7534,82.8144,23.9011,24.1453,23.6569,24.2064,15.1099,14.9267,15.7814,15.7814,15.8425,14.6825,14.9878,15.4151,50.0611,18.8034,23.8828,30.0366,98.9011,137.97299999999998,103.394,81.9048,50,50,50,50,50.3358,50.1526,50.2747,50.2137,50,50,50,50,11.4469,11.2027,11.2637,11.8742,10.8974,11.1416,11.0195,11.2637,11.8132,12.4847,12.4847,12.3626,54.4872,56.1355,55.5861,55.5861,26.5873,25.7326,26.221,26.16,45.3907,59.8596,45.2686,44.475,33.0586,33.3639,33.9133,32.6923,28.3578,28.2357,28.1746,28.4799,44.2918,44.3529,43.9866,44.475,34.707,34.768,33.9133,34.4017,26.8926,26.6484,26.8926,26.7705,44.9634,45.0855,44.8413,45.2686,33.3639,33.3639,33.6081,32.7534,26.4042,25.7326,25.3053,30.6166,44.1087,44.3529,43.9866,44.8413,15.6593,14.6825,30.9829,15.4762,15.3541,15.1099,38.9194,15.232,16.0867,15.232,15.8425,15.4151,35.3175,35.5006,36.0501,35.6838,97.2222,98.0769,97.2222,98.138,50.4579,50.2747,50.8242,50.7631,50,50,50,50,50.3968,50.5189,50.3358,50.3968,5.7081800000000005,0.396825,1.31258,60.5922,46.7338,49.42,28.7241,54.6093,25.7326,53.9377,2.77778,0.396825,1097.09,175.655,1486.88,0.0,1.0,1.0,1.0,1.0,0.0,0.07783949999999999,44.0308,43.927,43.46,43.927,0.129731,16.3326,97.7783,93.88,91.5377,98.2556,0.0,8.06044,54.4372,0.0,0.0,-51.2121,97.5747,95.1803,40.7982,311.622,47.2189,299.519,288.86,50.0208,421.531,426.509,424.348,519.81,501.772,601.9119999999998,430.9,423.412,531.26,499.74300000000005,603.276,409.973,407.30300000000005,523.788,523.072,619.06,409.035,407.953,523.931,522.5,619.06,433.7480000000001,433.604,541.822,539.317,618.484,434.68300000000005,433.82,543.111,542.538,618.125,601.265,602.845,22.2589,405.772,1155.1
2020-11-22 07:04:50,97.1001,97.5885,97.7717,98.6874,81.7155,83.2418,82.7534,82.8144,23.2906,23.5348,23.6569,24.2064,15.1099,14.9267,15.7814,15.7814,15.8425,14.6825,14.9878,15.4151,50.0611,18.8034,23.0037,30.9158,98.9011,136.215,103.394,82.7839,50,50,50,50,50.3358,50.1526,50.2747,50.2137,50,50,50,50,11.4469,11.2027,11.2637,11.8742,10.1648,11.1416,11.0195,11.2637,11.8132,12.4847,12.4847,12.3626,54.4872,56.1355,55.5861,55.5861,26.5873,25.7326,26.221,26.16,45.3907,59.8596,45.2686,44.475,33.0586,33.3639,33.9133,31.6545,28.3578,28.2357,28.1746,28.4799,44.2918,44.3529,43.9866,44.475,34.707,34.768,33.9133,34.4017,26.3431,26.6484,26.8926,26.7705,44.9634,45.0855,44.8413,45.2686,33.3639,33.3639,33.6081,32.7534,26.4042,26.8926,25.3053,30.6166,44.1087,44.3529,43.9866,44.8413,15.6593,14.6825,30.9829,15.4762,15.3541,15.1099,38.9194,15.232,16.0867,15.232,15.8425,15.4151,35.3175,35.5006,36.0501,35.6838,97.2222,98.0769,97.2222,98.138,50.4579,50.2747,50.8242,50.7631,50,50,50,50,50.3968,50.5189,50.3358,50.3968,5.7081800000000005,0.396825,1.31258,60.5922,46.7338,49.42,28.7241,54.6093,25.7326,53.9377,2.77778,0.396825,1097.09,175.655,1490.11,0.0,1.0,1.0,1.0,1.0,0.0,0.07783949999999999,44.0308,43.927,43.46,43.927,0.129731,16.3326,96.8636,93.0429,91.3091,97.9723,0.0,8.06044,53.4646,0.0,0.0,-50.3999,97.5747,95.1803,40.1286,314.71,49.5034,302.529,288.86,50.0208,421.531,426.509,424.348,519.81,501.772,601.9119999999998,430.9,423.412,531.403,499.74300000000005,603.276,409.973,407.30300000000005,523.788,523.072,619.06,409.035,407.953,523.931,522.5,619.06,433.7480000000001,433.604,541.822,539.317,618.484,434.68300000000005,433.82,543.111,542.538,618.125,601.265,602.845,22.2589,404.715,1154.58
2020-11-22 07:04:55,97.1001,97.5885,97.7717,98.6874,81.7155,83.2418,82.7534,82.8144,22.558000000000003,22.9243,22.7411,23.4127,15.1099,14.9267,15.7814,15.7814,15.8425,14.6825,14.9878,15.4151,48.9866,18.8034,23.0037,31.7949,97.8266,136.215,102.222,81.4164,50,50,50,50,50.3358,50.1526,50.2747,50.2137,50,50,50,50,11.4469,11.2027,11.2637,11.8742,10.8364,11.1416,11.0195,11.2637,11.8132,12.4847,12.4847,12.3626,54.4872,56.1355,55.5861,55.5861,26.5873,25.7326,26.221,26.16,45.3907,59.8596,45.2686,44.475,33.0586,33.3639,33.9133,31.6545,28.3578,28.2357,28.1746,28.4799,44.2918,44.3529,43.9866,44.475,34.707,34.768,33.9133,34.4017,26.3431,26.6484,26.8926,26.7705,44.9634,45.0855,44.8413,45.2686,33.3639,33.3639,33.6081,32.7534,26.4042,26.8926,25.3053,30.6166,44.1087,44.3529,43.9866,44.8413,15.6593,15.232,30.9829,15.4762,15.3541,15.1099,38.9194,15.232,16.0867,15.232,15.8425,15.4151,35.3175,35.5006,36.0501,35.6838,97.2222,98.0769,97.2222,98.138,50.4579,50.2747,50.8242,50.7631,50,50,50,50,50.3968,50.5189,50.3358,50.3968,5.7081800000000005,0.396825,1.31258,60.5922,46.7338,49.42,28.7241,54.6093,25.7326,53.9377,2.77778,0.396825,1095.9,175.655,1482.47,0.0,1.0,1.0,1.0,1.0,0.0,0.07783949999999999,44.0308,43.927,43.46,43.927,0.129731,16.3326,96.8636,91.1678,90.7065,97.1463,0.0,8.06044,54.5448,0.0,0.0,-59.4405,97.5747,95.1803,41.7056,316.1040000000001,49.5034,304.191,288.86,50.0208,421.531,426.509,424.348,519.81,501.772,601.9119999999998,430.9,423.412,531.5459999999998,499.74300000000005,603.276,409.973,407.30300000000005,523.788,523.072,619.06,409.035,407.953,523.931,522.5,619.06,433.7480000000001,433.604,541.822,539.317,618.484,434.68300000000005,433.82,543.111,542.538,618.125,601.265,602.845,22.2589,404.715,1154.06
2020-11-22 07:05:00,97.1001,97.5885,97.7717,98.6874,81.7155,83.2418,82.7534,82.8144,22.558000000000003,22.9243,22.7411,22.8632,15.1099,14.9267,15.7814,15.7814,15.8425,14.6825,14.9878,15.4151,48.9866,17.8266,23.0037,31.7949,97.8266,137.387,102.222,81.4164,50,50,50,50,50.3358,50.1526,50.2747,50.2137,50,50,50,50,11.4469,11.2027,11.2637,11.8742,10.8364,11.1416,11.0195,11.2637,11.8132,12.4847,11.9353,12.3626,54.4872,56.1355,55.0366,55.5861,26.5873,25.7326,26.7705,26.16,45.3907,59.8596,45.2686,44.475,33.0586,33.3639,33.9133,31.044,28.3578,28.2357,28.1746,28.4799,44.2918,44.3529,43.9866,44.475,34.707,34.768,33.9133,34.4017,26.3431,26.6484,26.8926,26.7705,44.9634,44.536,44.2918,45.2686,33.3639,33.3639,33.6081,32.7534,26.4042,26.8926,25.3053,30.6166,44.1087,44.3529,43.9866,44.2918,15.6593,15.232,30.9829,15.4762,15.3541,15.1099,38.9194,15.232,16.0867,15.232,15.8425,15.4151,35.3175,35.5006,36.0501,35.6838,97.2222,98.0769,97.2222,98.138,50.4579,50.2747,50.8242,50.7631,50,50,50,50,50.3968,50.5189,50.3358,50.3968,5.7081800000000005,0.396825,1.31258,60.5922,46.7338,49.42,30.6166,54.6093,25.7326,53.9377,2.77778,0.396825,1097.17,175.655,1488.57,0.0,1.0,1.0,1.0,1.0,0.0,0.07783949999999999,44.0308,43.927,43.46,43.927,0.129731,16.3326,96.9785,93.8921,90.5153,97.8027,0.0,8.06044,54.2766,0.0,0.0,-39.5096,97.5747,95.1803,43.7951,318.3590000000001,49.3391,303.082,288.86,50.0208,421.531,427.517,424.348,519.81,502.821,601.9119999999998,430.9,423.412,531.689,499.74300000000005,603.276,409.973,407.30300000000005,523.788,523.072,619.06,409.035,407.953,523.931,522.5,619.06,433.7480000000001,433.604,541.822,539.317,617.477,434.68300000000005,433.82,543.111,542.538,618.125,601.265,602.845,22.2589,403.657,1153.53
2020-11-22 07:05:05,97.1001,97.5885,97.7717,98.6874,81.7155,83.2418,82.7534,82.8144,22.558000000000003,22.2527,22.1917,22.8632,15.1099,15.5372,15.7814,15.7814,15.8425,14.6825,14.9878,15.4151,48.9866,17.8266,22.0269,30.9158,98.9988,139.243,102.222,82.2955,50,50,50,50,50.3358,50.1526,50.2747,50.2137,50,50,50,50,11.4469,11.2027,11.2637,11.8742,10.8364,11.1416,11.0195,11.2637,11.8132,12.4847,11.9353,12.3626,54.4872,56.1355,55.0366,55.5861,26.5873,25.7326,26.7705,26.16,45.3907,59.8596,45.2686,44.475,33.0586,33.3639,33.9133,32.5092,28.3578,28.2357,28.1746,28.4799,44.2918,44.3529,43.9866,44.475,34.707,34.768,33.9133,34.4017,26.3431,26.6484,26.8926,26.7705,44.2918,44.536,44.2918,44.5971,33.3639,33.3639,33.6081,32.7534,26.4042,26.4652,25.3053,30.6166,44.1087,44.3529,43.9866,44.2918,15.6593,15.232,30.9829,15.4762,15.3541,15.1099,38.9194,15.232,16.0867,15.232,15.8425,15.4151,35.3175,35.5006,36.0501,35.6838,97.2222,98.0769,97.2222,98.138,50.4579,50.2747,50.8242,50.7631,50,50,50,50,50.3968,50.5189,50.3358,50.3968,5.7081800000000005,0.396825,1.31258,60.5922,46.7338,49.42,30.6166,54.6093,25.7326,53.9377,2.77778,0.396825,1092.31,175.655,1492.82,0.0,1.0,1.0,1.0,1.0,0.0,0.07783949999999999,44.0308,43.927,43.46,43.927,0.129731,15.7005,97.567,92.9754,91.1575,96.9298,0.0,8.06044,57.5823,0.0,0.0,-67.2016,97.5747,95.1803,44.3512,319.805,48.0894,302.529,288.86,50.0208,421.531,427.517,424.348,519.81,502.821,601.9119999999998,430.9,423.412,531.8330000000002,498.741,603.276,409.973,407.30300000000005,523.788,523.072,619.06,409.035,407.953,523.931,522.5,619.06,433.7480000000001,433.604,541.822,539.317,617.477,434.68300000000005,433.82,543.111,542.538,618.125,601.265,602.845,22.2589,403.657,1152.93
2020-11-22 07:05:10,97.1001,97.5885,97.7717,98.6874,81.7155,83.2418,82.7534,82.8144,22.558000000000003,22.2527,22.1917,22.8632,15.1099,14.9267,15.7814,15.7814,15.8425,14.6825,14.9878,15.4151,48.9866,17.8266,22.0269,32.0879,98.022,140.122,102.222,81.3187,50,50,50,50,50.3358,50.1526,50.2747,50.2137,50,50,50,50,11.4469,11.2027,11.2637,11.8742,10.8364,11.6911,11.0195,11.2637,11.8132,12.4847,11.9353,12.3626,54.4872,56.1355,55.0366,55.5861,26.5873,25.7326,26.7705,26.16,45.3907,59.8596,45.2686,44.475,33.0586,33.3639,33.9133,32.5092,28.3578,28.2357,28.1746,28.4799,43.7424,44.9023,43.9866,44.475,34.707,34.768,33.9133,34.4017,26.3431,26.6484,26.8926,26.7705,44.2918,44.536,44.2918,44.5971,33.3639,33.3639,33.6081,32.7534,26.4042,26.4652,25.3053,30.6166,44.1087,44.3529,43.9866,44.2918,15.6593,15.232,30.9829,15.4762,15.3541,15.1099,38.9194,15.232,16.0867,15.232,15.8425,15.4151,35.3175,35.5006,36.0501,35.6838,97.2222,98.0769,97.2222,98.138,50.4579,50.2747,50.8242,50.7631,50,50,50,50,50.3968,50.5189,50.3358,50.3968,5.7081800000000005,0.396825,1.31258,60.5922,46.7338,48.5653,30.6166,53.2662,25.7326,53.9377,2.77778,0.396825,1091.23,175.655,1492.69,0.0,1.0,1.0,1.0,1.0,0.0,0.07783949999999999,44.0308,43.927,43.46,43.927,0.129731,15.7005,96.6805,92.3265,90.7906,98.5476,0.0,8.06044,59.6047,0.0,0.0,-35.2787,97.5747,95.1803,44.3512,321.212,47.3318,304.053,288.86,50.0208,421.531,427.517,424.348,520.812,502.821,601.9119999999998,430.9,423.412,531.976,498.741,603.276,409.973,407.30300000000005,523.788,523.072,619.06,409.035,407.953,523.931,522.5,619.06,433.7480000000001,433.604,541.822,539.317,617.477,434.68300000000005,433.82,543.111,542.538,618.125,601.265,602.845,22.2589,405.244,1152.35
2020-11-22 07:05:15,97.1001,97.5885,97.7717,98.6874,81.7155,83.2418,82.7534,82.8144,22.558000000000003,22.2527,21.6422,22.8632,15.1099,14.9267,15.7814,15.7814,15.8425,14.6825,14.9878,15.4151,48.9866,17.8266,22.0269,32.0879,98.022,138.852,96.6544,81.3187,50,50,50,50,50.3358,50.1526,50.2747,50.2137,50,50,50,50,11.4469,11.2027,11.2637,11.8742,10.8364,11.6911,11.0195,11.2637,11.8132,12.4847,11.9353,12.3626,54.4872,56.1355,55.0366,55.5861,26.5873,25.7326,26.7705,26.16,45.3907,59.8596,44.7192,44.475,33.0586,33.3639,33.9133,32.5092,28.3578,28.2357,28.1746,28.4799,44.7192,44.9023,43.9866,43.9255,34.707,34.768,33.9133,34.4017,26.3431,26.0989,26.8926,26.7705,44.2918,44.536,44.2918,44.5971,33.3639,33.3639,33.6081,32.7534,26.4042,26.4652,25.3053,30.6166,44.1087,44.3529,43.9866,44.2918,15.6593,15.232,30.9829,15.4762,15.3541,15.1099,38.9194,15.232,16.0867,15.232,15.8425,15.4151,35.3175,35.5006,36.0501,35.6838,97.2222,98.0769,97.2222,98.138,50.4579,50.2747,50.8242,50.7631,50,50,50,50,50.3968,50.5189,50.3358,50.3968,5.7081800000000005,0.396825,1.31258,60.5922,46.7338,48.5653,30.6166,53.2662,25.7326,53.9377,2.77778,0.396825,1090.03,175.128,1492.62,0.0,1.0,1.0,1.0,1.0,0.0,0.07783949999999999,44.0308,43.927,43.46,43.927,0.129731,15.0831,96.6805,93.5855,90.0547,99.1759,0.0,8.06044,57.1306,0.0,0.0,-46.1125,97.5747,95.1803,44.3512,320.033,47.3318,305.687,288.86,50.0208,421.531,427.517,424.348,520.812,502.821,601.9119999999998,430.9,423.412,532.119,498.741,603.276,409.973,407.30300000000005,523.788,523.072,619.06,409.035,407.953,523.931,522.5,619.06,433.7480000000001,433.604,541.822,539.317,617.477,434.68300000000005,433.82,543.111,542.538,617.118,601.265,602.845,22.2589,405.772,1151.82
2020-11-22 07:05:20,97.1001,97.5885,97.7717,98.6874,81.7155,83.2418,82.7534,82.8144,22.558000000000003,22.2527,21.6422,22.3138,15.1099,14.9267,15.7814,15.7814,15.8425,14.6825,14.9878,15.4151,48.9866,17.8266,21.0501,31.2088,99.0965,138.071,92.9426,80.2442,50,50,50,50,50.3358,50.1526,50.2747,50.2137,50,50,50,50,11.4469,11.2027,11.2637,11.8742,11.3858,11.6911,11.0195,11.2637,11.8132,12.4847,11.9353,12.3626,54.4872,56.1355,55.0366,55.5861,26.5873,25.7326,26.7705,26.16,45.3907,59.3101,44.7192,44.475,33.0586,33.3639,33.9133,32.5092,28.3578,28.2357,28.1746,28.4799,44.7192,44.9023,43.9866,43.9255,34.707,34.768,33.9133,34.4017,26.3431,26.0989,26.8926,26.7705,44.2918,44.536,44.2918,44.5971,33.3639,33.3639,33.6081,32.7534,26.4042,25.7326,25.3053,30.6166,44.1087,44.3529,43.9866,44.2918,15.6593,15.232,30.9829,15.4762,15.3541,15.1099,38.9194,15.232,16.0867,15.232,15.8425,15.4151,35.3175,35.5006,36.0501,35.6838,97.2222,98.0769,97.2222,98.138,50.4579,50.2747,50.8242,50.7631,50,50,50,50,50.3968,50.5189,50.3358,50.3968,5.7081800000000005,0.396825,1.31258,60.5922,46.7338,48.5653,31.7155,53.2662,25.7326,53.9377,2.77778,0.396825,1092.43,175.128,1492.26,0.0,1.0,1.0,1.0,1.0,0.0,0.07783949999999999,44.0308,43.927,43.46,43.927,0.129731,15.0831,96.6805,94.3942,89.4816,97.8695,0.0,8.06044,60.1614,0.0,0.0,-49.6702,97.5747,95.1803,44.3512,318.8590000000001,47.3318,308.445,288.86,50.0208,421.531,427.517,424.348,520.812,502.821,601.9119999999998,430.9,423.412,532.381,498.741,603.276,409.973,407.30300000000005,523.788,523.072,619.06,409.035,407.953,523.931,522.5,620.067,433.7480000000001,433.604,541.822,539.317,617.477,434.68300000000005,433.82,543.111,542.538,617.118,601.265,602.845,22.2589,405.772,1151.82
2020-11-22 07:05:25,97.1001,97.5885,97.7717,98.6874,81.7155,83.2418,82.7534,82.8144,22.558000000000003,22.2527,20.9707,22.3138,15.1099,14.9267,15.7814,14.9878,15.8425,14.6825,14.9878,15.4151,48.9866,17.8266,21.0501,30.1343,99.0965,139.145,92.9426,81.221,50,50,50,50,50.3358,50.1526,50.2747,50.2137,50,50,50,50,11.4469,11.2027,11.2637,11.8742,11.3858,10.4701,11.0195,11.2637,11.8132,12.4847,11.9353,12.3626,54.4872,56.1355,55.0366,55.5861,26.5873,25.7326,25.9768,26.16,45.3907,59.3101,44.1697,44.475,33.0586,33.3639,33.9133,32.5092,28.3578,28.2357,28.1746,28.4799,44.7192,44.9023,43.9866,43.9255,34.707,34.768,33.9133,34.4017,26.3431,26.0989,26.0989,26.7705,44.2918,44.536,44.2918,44.5971,33.3639,33.3639,33.6081,32.7534,26.4042,26.8926,25.3053,30.6166,44.1087,44.3529,43.9866,44.2918,15.6593,15.232,30.9829,15.4762,15.3541,15.1099,38.9194,15.232,16.0867,15.232,15.8425,15.4151,35.3175,35.5006,36.0501,35.6838,97.2222,98.0769,97.2222,98.138,50.4579,50.2747,50.8242,50.7631,50,50,50,50,50.3968,50.5189,50.3358,50.3968,5.7081800000000005,0.396825,1.31258,60.5922,46.7338,48.5653,32.3871,53.2662,25.7326,53.9377,2.77778,0.396825,1093.62,175.737,1491.18,0.0,1.0,1.0,1.0,1.0,0.0,0.07783949999999999,44.0308,43.927,43.46,43.927,0.129731,15.0831,96.6805,93.1312,90.3032,97.8695,0.0,8.06044,61.0747,0.0,0.0,-41.3965,97.5747,95.1803,44.3512,318.232,47.3318,310.13,288.86,50.0208,421.531,427.517,424.348,520.812,502.821,601.9119999999998,430.9,423.412,532.524,498.741,603.276,409.973,407.30300000000005,523.788,523.072,619.06,409.035,407.953,523.931,522.5,620.067,433.7480000000001,433.604,541.822,539.317,617.477,434.68300000000005,433.82,543.111,542.538,617.118,601.265,602.845,22.2589,405.772,1151.82
2020-11-22 07:05:30,97.1001,97.5885,97.7717,98.6874,81.7155,83.2418,82.7534,82.265,22.0085,22.2527,20.9707,22.3138,15.1099,14.9267,15.7814,15.5983,15.8425,14.6825,14.9878,15.4151,48.9866,17.8266,21.0501,30.1343,99.0965,138.168,92.9426,81.221,50,50,50,50,50.3358,50.1526,50.2747,50.2137,50,50,50,50,11.4469,11.2027,11.2637,11.8742,10.6532,10.4701,11.0195,11.2637,11.8132,12.4847,11.9353,12.3626,54.4872,56.1355,55.6471,55.5861,26.5873,25.7326,25.9768,26.16,45.3907,59.3101,44.1697,44.475,33.0586,33.3639,33.9133,32.5092,28.3578,28.2357,28.1746,28.4799,44.7192,44.9023,43.9866,43.9255,34.707,34.768,33.9133,34.4017,26.3431,26.0989,26.0989,26.7705,44.2918,44.536,44.2918,44.5971,33.3639,33.3639,33.6081,32.7534,26.4042,26.8926,25.3053,30.6166,44.1087,44.3529,43.9866,44.2918,15.6593,15.232,30.9829,15.4762,15.3541,15.1099,38.9194,15.232,16.0867,15.232,15.8425,15.4151,35.3175,35.5006,36.0501,35.6838,97.2222,98.0769,97.2222,98.138,50.4579,50.2747,50.8242,50.7631,50,50,50,50,50.3968,50.5189,50.3358,50.3968,5.7081800000000005,0.396825,1.31258,60.5922,46.7338,48.5653,32.3871,53.2662,27.7473,53.9377,2.77778,0.396825,1103.06,175.737,1492.31,0.0,1.0,1.0,1.0,1.0,0.0,0.07783949999999999,44.0308,43.927,43.46,43.927,0.129731,15.7005,96.6805,94.9196,90.235,98.7687,0.0,8.06044,61.0622,0.0,0.0,-26.3085,97.5747,95.1803,45.375,318.232,49.2157,311.559,288.86,50.0208,422.54,427.517,424.348,520.812,502.821,601.9119999999998,430.9,423.412,532.6669999999998,498.741,603.276,409.973,407.30300000000005,523.788,523.072,619.06,409.035,407.953,523.931,522.5,620.067,433.7480000000001,433.604,541.822,539.317,617.477,434.68300000000005,433.82,543.111,542.538,617.118,601.265,602.845,22.2589,405.772,1153.08
2020-11-22 07:05:35,97.1001,97.5885,97.7717,98.6874,81.7155,83.2418,82.7534,82.265,22.0085,22.2527,22.9853,22.3138,15.1099,14.9267,15.7814,15.5983,15.8425,14.6825,14.9878,15.4151,48.1074,17.8266,21.0501,29.1575,98.1197,138.168,93.431,80.2442,50,50,50,50,50.3358,50.1526,50.2747,50.2137,50,50,50,50,11.4469,11.2027,11.2637,11.8742,10.6532,10.4701,11.0195,11.2637,11.8132,12.4847,11.9353,12.3626,54.4872,56.1355,55.6471,55.5861,26.5873,25.7326,25.9768,26.16,45.3907,59.3101,44.1697,44.475,33.0586,33.3639,33.9133,32.5092,28.3578,28.2357,28.1746,28.4799,44.7192,44.9023,43.9866,43.9255,34.707,34.768,33.9133,34.4017,26.3431,26.0989,26.0989,26.7705,44.2918,43.9866,44.2918,44.5971,33.3639,33.3639,33.6081,32.7534,26.4042,26.8926,25.3053,30.6166,44.1087,44.3529,43.9866,44.2918,15.6593,15.232,30.9829,15.4762,15.3541,15.1099,38.9194,15.232,16.0867,15.232,15.8425,15.4151,35.3175,35.5006,36.0501,35.6838,97.2222,98.0769,97.2222,98.138,50.4579,50.2747,50.8242,50.7631,50,50,50,50,50.3968,50.5189,50.3358,50.3968,5.7081800000000005,0.396825,1.31258,60.5922,46.7338,48.5653,32.3871,53.2662,27.7473,53.9377,2.77778,0.396825,1103.17,175.737,1491.06,0.0,1.0,1.0,1.0,1.0,0.0,0.07783949999999999,44.0308,43.927,43.46,43.927,0.129731,16.4209,97.3001,95.5617,91.1469,98.1015,0.0,8.06044,62.9229,0.0,0.0,-26.46,97.5747,95.1803,44.8233,318.817,49.8458,312.9240000000001,288.86,50.0208,422.54,427.517,424.348,520.812,502.821,601.9119999999998,430.9,423.412,532.835,498.741,603.276,409.973,407.30300000000005,523.788,523.072,619.06,409.035,407.953,523.931,522.5,620.067,433.7480000000001,433.604,541.822,539.317,617.477,434.68300000000005,433.82,543.111,542.538,617.118,601.265,602.845,22.2589,405.244,1154.46
2020-11-22 07:05:40,97.1001,97.5885,97.7717,98.6874,81.7155,83.2418,82.7534,82.265,22.0085,21.2759,22.9853,21.7643,15.1099,14.9267,15.7814,15.5983,15.8425,14.6825,14.9878,15.4151,48.1074,17.8266,23.4921,30.0366,97.1429,138.266,95.7753,80.1465,50,50,50,50,50.3358,50.1526,50.2747,50.2137,50,50,50,50,11.4469,11.2027,11.2637,11.8742,10.6532,10.4701,11.0195,11.2637,11.8132,12.4847,11.9353,12.3626,54.4872,56.1355,55.6471,55.5861,26.5873,25.7326,25.9768,26.16,45.3907,59.3101,44.1697,44.475,33.0586,33.3639,33.9133,32.5092,28.3578,28.2357,28.1746,28.4799,44.7192,44.9023,43.9866,44.8413,34.707,34.768,33.9133,34.4017,26.3431,26.0989,26.0989,26.7705,44.2918,43.9866,44.2918,44.5971,33.3639,33.3639,33.6081,32.7534,26.4042,25.7326,25.3053,30.6166,44.1087,44.3529,43.9866,44.2918,15.6593,15.232,30.9829,15.4762,15.3541,15.1099,38.9194,15.232,16.0867,15.232,15.8425,15.4151,35.3175,35.5006,36.0501,35.6838,97.2222,98.0769,97.2222,98.138,50.4579,50.2747,50.8242,50.7631,50,50,50,50,50.3968,50.5189,50.3358,50.3968,5.7081800000000005,0.396825,1.31258,60.5922,46.7338,47.4054,32.3871,53.2662,27.7473,53.9377,2.77778,0.396825,1106.67,175.737,1486.12,0.0,1.0,1.0,1.0,1.0,0.0,0.07783949999999999,44.0308,43.927,43.46,43.927,0.129731,16.4209,97.2115,92.7281,90.7422,98.1015,0.0,8.06044,58.7926,0.0,0.0,-46.5831,97.5747,95.1803,44.8233,317.648,49.8458,311.915,288.86,50.0208,422.54,427.517,424.348,520.812,502.821,601.9119999999998,430.9,423.412,532.9780000000002,498.741,603.276,409.973,407.30300000000005,523.788,523.072,619.06,409.035,407.953,523.931,522.5,620.067,433.7480000000001,433.604,541.822,539.317,617.477,434.68300000000005,433.82,543.111,542.538,616.111,601.265,602.845,22.2589,404.715,1156.63
2020-11-22 07:05:45,97.1001,97.5885,97.7717,98.6874,81.7155,83.2418,82.7534,82.8755,22.0085,21.2759,21.5201,21.7643,15.1099,14.9267,15.7814,15.5983,15.8425,14.6825,14.9878,15.4151,46.7399,17.8266,23.4921,30.0366,96.1661,135.922,98.6081,80.1465,50,50,50,50,50.3358,50.1526,50.2747,50.2137,50,50,50,50,11.4469,11.2027,11.2637,11.8742,10.6532,10.4701,11.0195,11.2637,11.8132,12.4847,11.9353,12.3626,54.4872,56.1355,55.6471,55.5861,26.5873,25.7326,25.9768,26.16,45.3907,59.3101,43.6203,44.475,33.0586,33.3639,33.9133,32.5092,28.3578,28.2357,28.1746,28.4799,44.7192,44.9023,43.9866,43.0708,34.1575,34.768,33.9133,34.4017,26.3431,26.0989,26.0989,26.7705,44.2918,43.9866,43.7424,44.5971,33.3639,33.3639,33.6081,32.7534,26.4042,26.7705,25.3053,30.6166,44.1087,44.3529,43.9866,44.2918,15.6593,15.232,30.9829,15.4762,15.3541,15.1099,38.9194,15.232,16.0867,15.232,15.8425,15.4151,35.3175,35.5006,36.0501,35.6838,97.2222,98.0769,97.2222,98.138,50.4579,50.2747,50.8242,50.7631,50,50,50,50,50.3968,50.5189,50.3358,50.3968,5.7081800000000005,0.396825,1.31258,60.5922,46.7338,47.4054,33.2418,53.2662,27.7473,53.9377,2.77778,0.396825,1100.78,175.737,1487.8,0.0,1.0,1.0,1.0,1.0,0.0,0.07783949999999999,44.0308,43.927,43.46,43.927,0.129731,15.8181,97.2115,91.8564,90.7422,98.1015,0.0,8.06044,59.7976,0.0,0.0,-69.1123,97.5747,95.1803,44.8233,318.2920000000001,49.1306,309.931,288.86,50.0208,422.54,427.517,424.348,520.812,502.821,601.9119999999998,430.9,423.412,532.9780000000002,498.741,603.276,409.973,407.30300000000005,523.788,523.072,619.06,409.035,407.953,523.931,522.5,620.067,433.7480000000001,433.604,541.822,539.317,617.477,434.68300000000005,433.82,543.111,542.538,616.111,601.265,602.845,22.2589,405.772,1157.81
2020-11-22 07:05:50,97.1001,97.5885,97.7717,98.6874,81.7155,83.2418,82.7534,82.8755,25.9768,26.3431,21.5201,22.3138,15.1099,14.9267,15.7814,15.5983,15.8425,14.6825,14.9878,15.4151,46.7399,17.8266,23.4921,31.0134,97.2405,134.359,97.3382,80.1465,50,50,50,50,50.3358,50.1526,50.2747,50.2137,50,50,50,50,11.4469,11.2027,11.2637,11.8742,10.6532,10.4701,11.0195,11.2637,11.8132,12.4847,11.9353,12.3626,54.4872,56.1355,55.6471,55.5861,26.5873,25.7326,25.9768,26.16,45.3907,59.3101,44.9634,44.475,33.0586,33.3639,33.9133,32.5092,28.3578,28.2357,28.1746,28.4799,44.7192,44.9023,43.9866,43.0708,34.1575,34.768,33.9133,34.4017,26.3431,26.0989,26.0989,26.7705,44.2918,43.9866,43.7424,44.5971,33.3639,33.3639,33.6081,32.7534,26.4042,26.7705,25.3053,30.6166,44.1087,44.3529,43.9866,44.2918,15.6593,15.232,30.9829,15.4762,15.3541,15.1099,38.9194,15.232,16.0867,15.232,15.8425,15.4151,35.3175,35.5006,36.0501,35.6838,97.2222,98.0769,97.2222,98.138,50.4579,50.2747,50.8242,50.7631,50,50,50,50,50.3968,50.5189,50.3358,50.3968,5.7081800000000005,0.396825,1.31258,60.5922,46.7338,48.3822,34.2796,53.2662,27.7473,52.5336,2.77778,0.396825,1103.23,175.179,1494.8,0.0,1.0,1.0,1.0,1.0,0.0,0.07783949999999999,44.0308,43.927,43.46,43.927,0.129731,15.8181,99.1966,93.0727,92.7268,98.1015,0.0,8.06044,59.453,0.0,0.0,-89.8666,97.5747,95.1803,46.848,317.629,48.5573,307.962,288.86,50.0208,422.54,427.517,425.404,520.812,502.821,601.9119999999998,430.9,423.412,533.097,498.741,603.276,409.973,407.30300000000005,523.788,523.072,619.06,409.035,407.953,523.931,522.5,620.067,433.7480000000001,433.604,541.822,539.317,617.477,434.68300000000005,433.82,543.111,542.538,616.111,601.265,602.845,22.2589,405.244,1158.49
2020-11-22 07:05:55,97.1001,97.5885,97.7717,98.6874,81.7155,82.5702,82.7534,82.8755,37.9426,38.8584,38.1258,37.8205,15.1099,14.9267,15.7814,15.5983,15.8425,14.6825,14.9878,15.4151,46.7399,17.8266,23.4921,31.0134,98.1197,133.089,97.3382,81.0256,50,50,50,50,50.3358,50.1526,50.2747,50.2137,50,50,50,50,11.4469,11.2027,11.2637,11.8742,10.6532,10.4701,11.0195,11.2637,11.8132,12.4847,11.9353,12.3626,54.4872,56.1355,55.6471,55.5861,26.5873,25.7326,26.5263,26.16,45.3907,59.3101,44.9634,44.475,33.0586,33.3639,33.9133,32.5092,28.3578,28.2357,28.1746,28.4799,44.7192,44.9023,43.9866,44.1697,34.1575,34.768,33.9133,34.4017,26.3431,26.0989,26.0989,26.7705,44.2918,43.9866,43.7424,44.5971,33.3639,33.3639,33.6081,32.7534,26.4042,26.7705,25.3053,30.6166,44.1087,44.3529,43.9866,44.2918,15.6593,15.232,30.9829,15.4762,15.3541,15.1099,38.9194,15.232,16.0867,15.232,15.8425,15.4151,35.3175,35.5006,36.0501,35.6838,97.2222,98.0769,97.2222,98.138,50.4579,50.2747,50.8242,50.7631,50,50,50,50,50.3968,50.5189,50.3358,50.3968,5.7081800000000005,0.396825,1.31258,60.5922,46.7338,47.4054,34.2796,53.2662,27.7473,52.5336,2.77778,0.396825,1098.48,174.675,1485.54,0.0,1.0,1.0,1.0,1.0,0.0,0.07783949999999999,44.0308,43.927,43.46,43.927,0.129731,15.8181,97.9737,92.3679,90.8395,98.1015,0.0,8.06044,59.5715,0.0,0.0,-104.61,97.5747,95.1803,48.327,318.418,48.5573,305.69,288.86,50.0208,422.54,427.517,425.404,520.812,502.821,601.9119999999998,430.9,423.412,533.097,498.741,603.276,409.973,407.30300000000005,523.788,523.072,619.06,409.035,407.953,523.931,522.5,620.067,433.7480000000001,433.604,541.822,539.317,617.477,434.68300000000005,433.82,543.111,542.538,616.111,601.265,602.845,22.4298,405.772,1158.49
2020-11-22 07:06:00,97.1001,97.5885,97.7717,98.6874,81.7155,82.0818,82.7534,82.8755,50.3968,50.7631,50.0916,51.862,15.1099,14.9267,15.7814,15.5983,15.8425,14.6825,14.9878,15.4151,49.3773,20.0733,25.2503,31.0134,96.0684,134.066,97.3382,79.072,50,50,50,50,50.3358,50.1526,50.2747,50.2137,50,50,50,50,11.4469,11.2027,11.2637,11.8742,10.6532,10.4701,11.0195,11.2637,11.8132,12.4847,12.4847,12.3626,54.4872,56.1355,55.6471,55.5861,26.5873,25.7326,26.5263,26.16,45.3907,59.3101,44.9634,44.475,33.0586,33.3639,33.9133,31.9597,28.3578,28.2357,28.1746,28.4799,43.8645,44.9023,43.9866,44.1697,34.1575,34.768,33.9133,34.4017,26.3431,26.0989,26.0989,26.7705,44.2918,43.9866,43.7424,44.5971,33.3639,33.3639,33.6081,32.7534,26.4042,25.7326,25.3053,30.6166,44.1087,44.3529,43.9866,44.2918,15.6593,15.232,30.9829,15.4762,15.3541,15.1099,38.9194,15.232,16.0867,15.232,15.8425,15.4151,35.3175,35.5006,36.0501,35.6838,97.2222,98.0769,97.2222,98.138,50.4579,50.2747,50.8242,50.7631,50,50,50,50,50.3968,50.5189,50.3358,50.3968,5.7081800000000005,0.396825,1.31258,60.5922,46.7338,47.4054,34.2796,51.9841,27.7473,52.5336,2.77778,0.396825,1096.13,174.675,1482.2,0.0,1.0,1.0,1.0,1.0,0.0,0.07783949999999999,44.0308,43.927,43.46,43.927,0.129731,15.8181,97.3541,93.7807,91.6218,97.3136,0.0,8.06044,61.4298,0.0,0.0,-102.019,97.5747,95.1803,48.8495,321.62,49.0837,304.07,288.86,50.0208,422.54,428.572,425.404,520.812,502.821,601.9119999999998,430.9,423.412,533.24,498.741,603.276,409.973,407.30300000000005,523.788,523.072,619.06,409.035,407.953,523.931,522.5,620.067,433.7480000000001,433.604,541.822,539.317,617.477,434.68300000000005,433.82,543.111,542.538,616.111,601.265,602.845,22.4298,405.244,1158.49
2020-11-22 07:06:05,97.1001,97.5885,97.7717,98.6874,81.7155,83.486,82.7534,82.8755,53.7546,53.9988,52.9609,53.8156,15.1099,14.9267,15.7814,15.5983,15.8425,14.6825,14.9878,15.4151,51.3309,21.0501,26.1294,33.0647,96.0684,134.066,98.2173,79.9512,50,50,50,50,50.3358,50.1526,50.2747,50.2137,50,50,50,50,11.4469,11.2027,11.2637,11.8742,10.6532,10.4701,11.0195,11.2637,11.8132,12.4847,12.4847,12.3626,54.4872,56.1355,55.6471,55.5861,26.5873,25.7326,26.5263,26.16,45.3907,59.3101,44.9634,44.475,33.0586,33.3639,33.9133,31.9597,28.3578,28.2357,28.1746,28.4799,43.8645,44.9023,43.9866,44.1697,34.1575,34.768,33.9133,34.4017,25.7936,26.0989,26.0989,26.221,44.2918,43.9866,43.7424,44.5971,33.3639,33.3639,33.6081,32.7534,26.4042,26.7094,25.3053,30.6166,44.1087,44.3529,43.9866,44.2918,15.6593,15.232,30.9829,15.4762,15.3541,15.1099,38.9194,15.232,16.0867,15.232,15.8425,15.4151,35.3175,35.5006,36.0501,35.6838,97.2222,98.0769,97.2222,98.138,50.4579,50.2747,50.8242,50.7631,50,50,50,50,50.3968,50.5189,50.3358,50.3968,5.7081800000000005,0.396825,1.31258,60.5922,46.7338,47.4054,34.2796,51.9841,27.7473,52.5336,2.77778,0.396825,1092.54,174.675,1482.95,0.0,1.0,1.0,1.0,1.0,0.0,0.07783949999999999,44.0308,43.927,42.993,43.927,0.129731,15.2007,97.3541,91.1537,91.3709,98.3796,0.0,8.06044,60.6906,0.0,0.0,-87.4223,97.5747,95.1803,48.1605,323.026,48.3403,304.07,288.86,50.0208,422.54,428.572,425.404,521.861,502.821,601.9119999999998,430.9,423.412,533.24,498.741,603.276,409.973,407.30300000000005,523.788,523.072,619.06,409.035,407.953,523.931,522.5,620.067,433.7480000000001,433.604,541.822,539.317,617.477,434.68300000000005,433.82,543.111,542.538,615.104,601.265,602.845,22.4298,406.301,1157.94
2020-11-22 07:06:10,97.1001,97.5885,97.7717,98.6874,81.7155,82.4481,82.7534,82.8755,53.7546,53.9988,52.9609,53.8156,15.1099,14.9267,15.7814,15.5983,15.8425,14.6825,14.9878,15.4151,52.4054,22.906,26.1294,34.1392,95.1893,134.066,97.1429,79.9512,50,50,50,50,50.3358,50.1526,50.2747,50.2137,50,50,50,50,11.4469,11.2027,11.2637,11.8742,10.6532,10.4701,11.0195,11.2637,11.8132,12.4847,12.4847,12.3626,54.4872,56.1355,55.6471,55.5861,26.5873,25.7326,26.5263,26.16,45.3907,58.7607,44.9634,44.475,33.0586,33.3639,33.9133,31.4103,28.3578,28.2357,28.1746,28.4799,43.8645,44.9023,43.9866,44.1697,34.1575,34.768,33.9133,34.4017,25.7936,26.0989,26.0989,26.221,44.2918,43.9866,43.1929,44.5971,33.3639,33.3639,33.6081,32.7534,26.4042,26.7094,25.3053,30.6166,44.1087,44.3529,43.9866,44.2918,15.6593,15.232,30.9829,15.4762,15.3541,15.1099,38.9194,15.232,16.0867,15.232,15.8425,15.4151,35.3175,35.5006,36.0501,35.6838,97.2222,98.0769,97.2222,98.138,50.4579,50.2747,50.8242,50.7631,50,50,50,50,50.3968,50.5189,50.3358,50.3968,5.7081800000000005,0.396825,1.31258,60.5922,46.7338,47.4054,34.2796,51.9841,27.7473,52.5336,2.77778,0.396825,1088.95,174.15599999999995,1483.65,0.0,1.0,1.0,1.0,1.0,0.0,0.07783949999999999,44.0308,43.927,42.993,43.927,0.129731,15.2007,98.3067,94.4893,91.3709,97.67,0.0,8.06044,62.1163,0.0,0.0,-73.0237,97.5747,95.1803,48.1605,323.842,48.3403,306.8,288.86,50.0208,422.54,428.572,425.404,521.861,502.821,601.9119999999998,430.9,423.412,533.24,498.741,603.276,409.973,407.30300000000005,523.788,523.072,620.067,409.035,407.953,523.931,522.5,620.067,433.7480000000001,433.604,541.822,539.317,617.477,434.68300000000005,433.82,543.111,542.538,615.104,601.265,602.845,22.4298,406.301,1157.37
2020-11-22 07:06:15,97.1001,97.5885,97.7717,98.6874,81.7155,80.7998,82.7534,82.8755,52.8999,52.8999,52.9609,53.8156,15.1099,14.9267,15.7814,14.9878,15.8425,14.6825,14.9878,15.4151,52.4054,23.9805,28.4737,35.3114,94.2124,134.066,97.1429,79.9512,50,50,50,50,50.3358,50.1526,50.2747,50.2137,50,50,50,50,11.4469,11.2027,11.2637,11.8742,10.6532,10.4701,11.0195,11.2637,11.8132,12.4847,12.4847,12.3626,54.4872,56.1355,55.6471,55.5861,26.5873,25.7326,26.5263,26.16,45.3907,59.3101,44.9634,44.475,33.0586,33.3639,33.9133,31.4103,28.3578,28.2357,28.1746,28.4799,43.8645,44.3529,43.9866,44.1697,34.1575,34.768,33.9133,34.4017,25.7936,26.0989,26.0989,26.221,44.2918,43.9866,43.1929,44.5971,33.3639,33.3639,33.6081,32.7534,26.4042,25.7936,25.3053,30.6166,44.1087,44.3529,43.9866,44.2918,15.6593,15.232,30.9829,15.4762,15.3541,15.1099,38.9194,15.232,16.0867,15.232,15.8425,15.4151,35.3175,35.5006,36.0501,35.6838,97.2222,98.0769,97.2222,98.138,50.4579,50.2747,50.8242,50.7631,50,50,50,50,50.3968,50.5189,50.3358,50.3968,5.7081800000000005,0.396825,1.31258,60.5922,46.7338,47.4054,34.2796,51.9841,27.7473,52.5336,2.77778,0.396825,1087.66,174.15599999999995,1481.1,0.0,1.0,1.0,1.0,1.0,0.0,0.07783949999999999,44.0308,43.927,42.993,43.927,0.129731,15.2007,98.3067,93.7337,89.507,96.3827,0.0,8.06044,64.4024,0.0,0.0,-83.8212,97.5747,95.1803,48.7019,322.117,50.4478,307.4190000000001,288.86,50.0208,422.54,428.572,425.404,521.861,502.821,601.9119999999998,430.9,423.412,533.24,498.741,602.246,409.973,407.30300000000005,523.788,523.072,620.067,409.035,407.953,523.931,522.5,620.067,433.7480000000001,433.604,541.822,539.317,617.477,434.68300000000005,433.82,543.111,542.538,615.104,601.265,602.845,22.4298,406.83,1156.17
2020-11-22 07:06:20,97.1001,97.5885,97.7717,98.6874,81.7155,82.0208,82.7534,82.8755,52.8999,52.3504,52.9609,53.8156,15.1099,14.9267,15.7814,15.8425,15.8425,15.232,14.9878,15.4151,53.3822,24.8596,28.4737,35.3114,95.0916,135.14,96.1661,77.7045,50,50,50,50,50.3358,50.1526,50.2747,50.2137,50,50,50,50,11.4469,11.2027,11.2637,11.8742,10.6532,10.4701,11.0195,11.2637,11.8132,12.4847,12.4847,12.3626,54.4872,56.1355,55.6471,55.5861,26.5873,25.7326,26.5263,26.16,45.3907,59.3101,44.9634,44.475,33.0586,33.3639,33.9133,30.7387,28.3578,28.2357,28.1746,28.4799,43.8645,44.3529,43.9866,44.1697,34.1575,34.1575,33.9133,34.4017,25.7936,26.0989,26.0989,26.221,43.6203,43.9866,43.1929,44.5971,33.3639,33.3639,33.6081,32.7534,26.4042,26.7705,25.3053,30.6166,44.1087,44.3529,43.9866,44.2918,15.6593,15.232,30.9829,15.4762,15.3541,15.1099,38.9194,15.232,16.0867,15.232,15.8425,15.4151,35.3175,35.5006,36.0501,35.6838,97.2222,98.0769,97.2222,98.138,50.4579,50.2747,50.8242,50.7631,50,50,50,50,50.3968,50.5189,50.3358,50.3968,5.7081800000000005,0.396825,1.31258,60.5922,46.7338,47.4054,36.1111,51.9841,27.7473,52.5336,2.77778,0.396825,1087.66,174.15599999999995,1482.18,0.0,1.0,1.0,1.0,1.0,0.0,0.07783949999999999,44.0308,43.927,42.993,43.927,0.129731,15.8034,97.3979,92.8155,90.5419,97.299,0.0,8.06044,62.0842,0.0,0.0,-65.2233,97.5747,95.1803,48.7019,321.438,50.9549,306.243,288.86,50.0208,422.54,428.572,425.404,521.861,502.821,601.9119999999998,430.9,423.412,533.24,498.741,602.246,409.973,407.30300000000005,523.788,523.072,620.067,409.035,407.953,523.931,522.5,620.067,433.7480000000001,433.604,541.822,539.317,616.47,434.68300000000005,433.82,543.111,542.538,615.104,601.265,601.816,22.4298,405.772,1155.52
2020-11-22 07:06:25,97.1001,97.5885,97.7717,98.6874,81.7155,82.0208,82.7534,82.8755,52.8999,52.3504,52.9609,53.083,15.1099,14.9267,15.7814,15.8425,15.8425,15.232,14.9878,15.4151,53.3822,24.8596,28.4737,36.4835,96.7521,135.14,95.2869,77.7045,50,50,50,50,50.3358,50.1526,50.2747,50.2137,50,50,50,50,11.4469,11.2027,11.2637,11.8742,10.6532,10.4701,11.0195,11.2637,11.8132,12.4847,12.4847,12.3626,54.4872,56.1355,55.6471,55.5861,26.5873,25.7326,26.5263,26.16,45.3907,59.3101,44.9634,44.475,33.0586,33.3639,33.9133,30.7387,28.3578,28.2357,28.1746,28.4799,43.8645,44.3529,43.9866,44.1697,34.1575,34.1575,33.3639,34.4017,25.7936,26.0989,26.0989,26.221,43.6203,43.9866,43.1929,44.5971,33.3639,33.3639,33.6081,32.7534,26.4042,26.7705,25.3053,30.6166,44.1087,44.3529,43.9866,44.2918,15.6593,15.232,30.9829,15.4762,15.3541,15.1099,38.9194,15.232,16.0867,15.232,15.8425,15.4151,35.3175,35.5006,36.0501,35.6838,97.2222,98.0769,97.2222,98.138,50.4579,50.2747,50.8242,50.7631,50,50,50,50,50.3968,50.5189,50.3358,50.3968,5.7081800000000005,0.396825,1.31258,60.5922,46.7338,47.4054,36.1111,51.9841,27.7473,52.5336,2.77778,0.396825,1085.35,174.15599999999995,1484.26,0.0,1.0,1.0,1.0,1.0,0.0,0.07783949999999999,44.0308,43.927,42.993,43.927,0.129731,16.4503,96.18,92.141,90.5419,97.299,0.0,8.06044,61.7705,0.0,0.0,-90.9293,97.5747,95.1803,49.8621,322.112,51.4669,303.89,288.86,50.0208,422.54,428.572,425.404,521.861,502.821,601.9119999999998,430.9,423.412,533.097,498.741,602.246,409.973,407.30300000000005,523.788,523.072,620.067,409.035,407.953,523.931,522.5,620.067,433.7480000000001,433.604,541.822,539.317,616.47,434.68300000000005,433.82,543.111,542.538,615.104,601.265,601.816,22.4298,405.772,1154.32
2020-11-22 07:06:30,97.1001,97.5885,97.7717,98.6874,81.7155,82.0208,82.7534,82.8755,52.0452,51.801,52.9609,52.5336,15.1099,14.9267,15.7814,15.8425,15.8425,15.232,14.9878,15.4151,54.2613,24.8596,28.4737,36.4835,95.3846,134.164,93.138,77.7045,50,50,50,50,50.3358,50.1526,50.2747,50.2137,50,50,50,50,11.4469,11.2027,11.2637,11.8742,10.6532,10.4701,11.0195,11.2637,11.8132,12.4847,11.9353,12.3626,54.4872,56.1355,55.6471,55.5861,26.5873,25.7326,26.5263,26.16,45.3907,59.3101,44.9634,44.475,33.0586,33.3639,33.9133,35.5006,28.3578,28.2357,28.1746,28.4799,43.8645,44.3529,43.9866,44.1697,34.1575,34.1575,33.3639,34.4017,25.7936,26.0989,26.0989,26.221,43.6203,43.9866,43.1929,43.9866,33.3639,33.3639,33.6081,32.7534,26.4042,26.7705,25.3053,30.6166,44.1087,44.3529,43.9866,44.2918,15.6593,15.232,30.9829,15.4762,15.3541,14.5604,38.9194,15.232,16.0867,15.232,15.8425,15.4151,35.3175,35.5006,36.0501,35.6838,97.2222,98.0769,97.2222,98.138,50.4579,50.2747,50.8242,50.7631,50,50,50,50,50.3968,50.5189,50.3358,50.3968,5.7081800000000005,0.396825,1.31258,60.5922,46.7338,47.4054,36.1111,51.9841,27.7473,52.5336,2.77778,0.396825,1087.69,174.15599999999995,1479.0,0.0,1.0,1.0,1.0,1.0,0.0,0.07783949999999999,44.0308,43.927,42.993,43.927,0.129731,17.053,97.6334,94.0749,89.199,97.6993,0.0,8.06044,62.2982,0.0,0.0,-83.2617,97.5747,95.1803,51.79,322.745,51.201,303.288,288.86,50.0208,422.54,428.572,425.404,521.861,502.821,601.9119999999998,430.9,423.412,532.953,498.741,602.246,409.973,407.30300000000005,523.788,523.072,620.067,409.035,407.953,523.931,522.5,620.067,433.7480000000001,433.604,541.822,539.317,616.47,434.68300000000005,433.82,543.111,542.538,615.104,601.265,601.816,22.4298,406.301,1153.77
2020-11-22 07:06:35,97.1001,97.5885,97.7717,98.6874,81.7155,82.5702,82.7534,82.8755,52.0452,51.2515,52.9609,52.5336,15.1099,14.9267,15.7814,15.8425,15.8425,15.232,14.9878,15.4151,52.6984,24.8596,28.4737,37.4603,95.3846,133.284,93.138,77.7045,50,50,50,50,50.3358,50.1526,50.2747,50.2137,50,50,50,50,11.4469,11.2027,11.2637,11.8742,10.6532,10.4701,11.0195,11.2637,11.8132,12.4847,11.9353,12.3626,54.4872,56.1355,55.6471,55.5861,26.5873,25.7326,26.5263,26.16,45.3907,59.3101,44.9634,44.475,33.0586,33.3639,33.9133,35.5006,28.3578,28.2357,28.1746,28.4799,43.8645,44.3529,43.9866,44.1697,34.1575,34.1575,33.3639,34.4017,25.7936,26.0989,26.0989,26.221,43.6203,43.9866,43.1929,43.9866,33.3639,33.3639,33.6081,32.7534,26.4042,25.9768,25.3053,30.6166,44.1087,44.3529,43.9866,44.2918,15.6593,15.232,30.9829,15.4762,15.3541,14.5604,38.9194,15.232,16.0867,15.232,15.8425,15.4151,35.3175,35.5006,36.0501,35.6838,97.2222,98.0769,97.2222,98.138,50.4579,50.2747,50.8242,50.7631,50,50,50,50,50.3968,50.5189,50.3358,50.3968,5.7081800000000005,0.396825,1.31258,60.5922,46.7338,47.4054,36.1111,51.9841,27.7473,52.5336,2.77778,0.396825,1086.49,174.15599999999995,1478.66,0.0,1.0,1.0,1.0,1.0,0.0,0.07783949999999999,43.5638,43.927,42.993,43.927,0.129731,17.053,98.5588,94.3901,90.9098,97.6993,0.0,8.06044,64.4233,0.0,0.0,-101.746,97.5747,95.1803,52.4015,321.709,51.0723,302.69,288.86,50.0208,422.54,428.572,425.404,521.861,502.821,601.9119999999998,430.9,423.412,532.81,498.741,602.246,409.973,407.30300000000005,523.788,523.072,620.067,409.035,407.953,523.931,522.5,620.067,433.7480000000001,433.604,541.822,539.317,616.47,434.68300000000005,433.82,543.111,542.538,614.097,601.265,601.816,22.4298,405.244,1153.08
2020-11-22 07:06:40,97.1001,97.5885,97.7717,98.6874,81.7155,82.5702,82.7534,82.8755,52.0452,51.2515,51.9841,52.5336,15.1099,14.9267,15.7814,15.8425,15.8425,15.232,14.9878,15.4151,52.6984,24.8596,28.4737,37.4603,95.3846,132.405,91.9658,76.8254,50,50,50,50,50.3358,50.1526,50.2747,50.2137,50,50,50,50,11.4469,11.2027,11.2637,11.8742,10.6532,10.4701,11.0195,11.2637,11.8132,12.4847,11.9353,12.3626,54.4872,56.1355,55.6471,55.5861,26.5873,25.7326,26.5263,26.16,45.3907,59.3101,44.9634,44.475,33.0586,33.3639,33.9133,35.5006,28.3578,28.2357,28.1746,28.4799,43.8645,44.3529,43.9866,44.1697,34.1575,34.1575,33.3639,34.4017,25.7936,26.0989,26.0989,26.221,43.6203,43.9866,43.1929,43.9866,33.3639,33.3639,33.6081,32.7534,26.4042,26.7705,25.3053,30.6166,44.1087,44.3529,43.9866,44.2918,15.6593,15.232,30.9829,15.4762,15.3541,14.5604,38.9194,15.232,16.0867,15.232,15.8425,15.4151,35.3175,35.5006,36.0501,35.6838,97.2222,98.0769,97.2222,98.138,50.4579,50.2747,50.8242,50.7631,50,50,50,50,50.3968,50.5189,50.3358,50.3968,5.7081800000000005,0.396825,1.31258,60.5922,46.7338,47.4054,38.0037,51.9841,27.7473,52.5336,2.77778,0.396825,1086.57,174.15599999999995,1477.71,0.0,1.0,1.0,1.0,1.0,0.0,0.07783949999999999,43.5638,43.927,42.993,43.927,0.129731,17.053,97.9213,91.8534,90.5719,97.786,0.0,8.06044,61.5727,0.0,0.0,-86.5117,97.5747,95.1803,52.9068,320.582,50.5661,302.146,288.86,50.0208,422.54,428.572,425.404,521.861,502.821,601.9119999999998,430.9,423.412,532.6669999999998,497.595,602.246,409.973,407.30300000000005,523.788,523.072,620.067,409.035,407.953,523.931,522.5,620.067,433.7480000000001,433.604,541.822,539.317,616.47,434.68300000000005,433.82,543.111,541.536,614.097,601.265,601.816,22.4298,405.772,1152.54
2020-11-22 07:06:45,97.1001,97.5885,97.7717,98.6874,81.7155,83.1807,82.7534,82.8755,51.1294,51.2515,51.9841,51.1905,15.1099,14.9267,15.7814,15.293,15.8425,14.6215,14.9878,15.4151,53.5775,24.8596,28.4737,37.4603,95.3846,132.405,92.9426,76.8254,50,50,50,50,50.3358,50.1526,50.2747,50.2137,50,50,50,50,11.4469,11.2027,11.2637,11.8742,10.6532,10.4701,11.0195,11.2637,11.8132,12.4847,11.9353,12.3626,54.4872,56.1355,55.6471,55.5861,26.5873,25.7326,26.5263,26.16,45.3907,59.3101,44.9634,44.475,33.0586,33.3639,33.9133,35.5006,28.3578,28.2357,28.1746,28.4799,43.8645,44.3529,43.9866,44.1697,34.1575,34.1575,33.3639,34.4017,25.7936,26.0989,26.0989,26.221,43.6203,43.9866,43.1929,43.9866,33.3639,33.3639,33.6081,32.7534,26.4042,26.7705,25.3053,30.6166,44.1087,44.3529,43.9866,44.2918,15.6593,15.232,30.9829,15.4762,15.3541,15.1099,38.9194,15.4151,16.0867,15.232,15.8425,15.4151,35.3175,35.5006,36.0501,35.6838,97.2222,98.0769,97.2222,98.138,50.4579,50.2747,50.8242,50.7631,50,50,50,50,50.3968,50.5189,50.3358,50.3968,5.7081800000000005,0.396825,1.31258,60.5922,43.9255,47.4054,38.0037,51.9841,27.7473,52.5336,2.77778,0.396825,1088.89,174.15599999999995,1467.88,0.0,1.0,1.0,1.0,1.0,0.0,0.07783949999999999,43.5638,43.927,42.993,43.927,0.129731,17.053,97.1218,95.871,89.2136,97.786,0.0,8.06044,59.0478,0.0,0.0,-42.7754,97.5747,95.1803,52.9068,321.1670000000001,50.5661,302.146,288.86,50.0208,422.54,428.572,425.404,521.861,502.821,601.9119999999998,430.9,423.412,532.548,497.595,602.246,409.973,407.30300000000005,523.788,523.072,620.067,409.035,407.953,523.931,522.5,620.067,433.7480000000001,433.604,541.822,539.317,616.47,434.68300000000005,433.82,543.111,541.536,614.097,601.265,601.816,22.4298,405.772,1151.94
2020-11-22 07:06:50,97.1001,97.5885,97.7717,98.6874,81.7155,81.4713,82.7534,82.8755,49.42,50.7021,50.8242,51.1905,15.1099,14.9267,15.7814,14.4994,15.8425,14.6215,14.9878,15.4151,53.5775,24.8596,27.5946,37.4603,94.5055,132.405,93.9194,75.7509,50,50,50,50,50.3358,50.1526,50.2747,50.2137,50,50,50,50,11.4469,11.2027,11.2637,11.8742,10.6532,11.0195,11.0195,11.2637,11.8132,12.4847,12.4847,12.3626,54.4872,56.1355,55.6471,55.5861,26.5873,25.7326,26.5263,26.16,45.3907,59.3101,44.9634,43.9255,33.0586,33.3639,33.9133,35.5006,28.3578,28.2357,28.1746,28.4799,43.8645,44.3529,43.9866,44.1697,34.1575,34.1575,33.3639,34.4017,25.7936,26.0989,26.0989,26.221,43.6203,43.9866,43.1929,43.9866,33.3639,33.3639,33.6081,32.7534,26.4042,26.7705,25.3053,30.6166,44.1087,44.3529,43.9866,44.2918,15.6593,15.232,30.9829,15.4762,15.3541,15.1099,38.9194,15.4151,16.0867,15.232,15.8425,15.4151,35.3175,35.5006,36.0501,35.6838,97.2222,98.0769,97.2222,98.138,50.4579,50.2747,50.8242,50.7631,50,50,50,50,50.3968,50.5189,50.3358,50.3968,5.7081800000000005,0.396825,1.31258,60.5922,43.9255,47.4054,38.0037,51.9841,29.3956,52.5336,2.77778,0.396825,1093.63,174.15599999999995,1465.89,0.0,1.0,1.0,1.0,1.0,0.0,0.07783949999999999,43.5638,43.927,42.993,43.927,0.129731,17.053,98.0,92.6403,91.1204,97.786,0.0,8.06044,59.4407,0.0,0.0,-32.3525,97.5747,95.1803,52.0994,324.561,51.6661,302.146,288.86,50.0208,423.548,428.572,425.404,521.861,502.821,601.9119999999998,430.9,423.412,532.405,497.595,602.246,409.973,407.30300000000005,523.788,523.072,620.067,409.035,407.953,523.931,522.5,620.067,433.7480000000001,433.604,541.822,539.317,616.47,434.68300000000005,433.82,542.109,541.536,614.097,601.265,601.816,22.4298,405.244,1151.42
2020-11-22 07:06:55,97.1001,97.5885,97.7717,98.6874,81.105,81.4713,82.7534,82.8755,49.42,50.7021,50.8242,50.0916,15.1099,14.9267,15.7814,15.1099,15.8425,14.6215,14.9878,15.4151,52.6007,24.8596,26.7155,36.5812,94.5055,131.03799999999998,93.9194,75.7509,50,50,50,50,50.3358,50.1526,50.2747,50.2137,50,50,50,50,11.4469,11.2027,11.2637,11.8742,10.6532,11.63,11.0195,11.2637,11.8132,12.4847,12.4847,12.3626,54.4872,56.1355,55.6471,55.5861,26.5873,25.7326,26.5263,26.16,45.3907,59.3101,44.9634,43.9255,33.0586,33.3639,33.9133,34.8901,28.3578,28.2357,28.1746,28.4799,43.8645,44.3529,43.9866,44.1697,34.1575,34.1575,33.3639,34.4017,25.7936,26.0989,26.0989,26.221,43.6203,43.9866,43.1929,43.9866,33.3639,33.3639,33.6081,32.7534,26.4042,25.6105,25.3053,30.6166,44.1087,44.3529,43.9866,44.2918,15.6593,15.232,30.9829,15.4762,15.3541,15.1099,38.9194,15.4151,16.0867,15.232,15.8425,15.4151,35.3175,35.5006,36.0501,35.6838,97.2222,98.0769,97.2222,98.138,50.4579,50.2747,50.8242,50.7631,50,50,50,50,50.3968,50.5189,50.3358,50.3968,5.7081800000000005,0.396825,1.31258,60.5922,43.9255,48.7485,38.0037,51.9841,29.3956,52.5336,2.77778,0.396825,1096.02,174.15599999999995,1472.46,0.0,1.0,1.0,1.0,1.0,0.0,0.07783949999999999,43.5638,43.46,42.993,43.927,0.129731,17.053,98.8139,92.0852,91.9755,97.882,0.0,8.06044,56.6907,0.0,0.0,-12.8934,97.5747,95.1803,51.3919,328.624,52.7968,302.768,288.86,50.0208,423.548,428.572,425.404,522.863,502.821,601.9119999999998,430.9,423.412,532.262,497.595,602.246,409.973,407.30300000000005,523.788,523.072,620.067,409.035,407.953,523.931,522.5,620.067,433.7480000000001,433.604,541.822,539.317,616.47,434.68300000000005,433.82,542.109,541.536,614.097,601.265,601.816,22.4298,405.244,1151.42
2020-11-22 07:07:00,97.1001,97.5885,97.7717,98.6874,81.105,81.4713,82.1429,82.8755,48.6264,49.7253,48.9316,49.42,15.1099,14.9267,15.7814,15.1099,15.8425,14.6215,14.9878,15.4151,51.6239,24.8596,26.7155,37.4603,93.138,128.205,93.0403,75.7509,50,50,50,50,50.3358,50.1526,50.2747,50.2137,50,50,50,50,11.4469,11.2027,11.2637,11.8742,10.6532,11.63,11.0195,11.2637,11.8132,12.4847,12.4847,12.3626,54.4872,56.1355,55.6471,55.5861,26.5873,25.7326,26.5263,26.16,45.3907,59.3101,43.8645,43.9255,33.0586,33.3639,33.9133,34.8901,28.3578,28.2357,28.1746,28.4799,43.8645,44.3529,43.9866,44.1697,34.1575,34.1575,33.3639,34.4017,25.7936,26.0989,26.0989,26.221,43.6203,43.9866,43.1929,43.9866,33.3639,33.3639,33.6081,32.7534,26.4042,26.5873,25.3053,30.6166,44.1087,44.3529,43.9866,44.2918,15.6593,15.232,30.9829,15.4762,15.3541,15.1099,38.9194,15.4151,16.0867,15.232,15.8425,15.4151,35.3175,35.5006,36.0501,35.6838,97.2222,98.0769,97.2222,98.138,50.4579,50.2747,50.8242,50.7631,50,50,50,50,50.3968,50.5189,50.3358,50.3968,5.7081800000000005,0.396825,1.31258,59.4322,43.9255,48.7485,38.0037,51.9841,29.3956,52.5336,2.77778,0.396825,1093.63,173.638,1457.92,0.0,1.0,1.0,1.0,1.0,0.0,0.07783949999999999,43.5638,43.46,42.993,43.46,0.129731,17.053,97.1055,94.742,91.0695,97.882,0.0,8.06044,59.0524,0.0,0.0,-23.3828,97.5747,95.1803,50.8195,332.066,52.6601,305.718,288.86,50.0208,423.548,428.572,425.404,522.863,502.821,601.9119999999998,431.955,424.468,532.095,497.595,602.246,409.973,407.30300000000005,523.788,523.072,620.067,409.035,407.953,523.931,522.5,620.067,433.7480000000001,433.604,541.822,539.317,616.47,435.69,433.82,542.109,541.536,614.097,601.265,601.816,22.4298,405.772,1151.42
2020-11-22 07:07:05,97.1001,97.5885,97.7717,98.6874,81.105,81.4713,82.1429,82.8755,48.0159,47.8327,48.9316,48.8095,15.1099,14.9267,15.7814,15.1099,15.8425,14.6215,14.9878,15.4151,51.6239,24.8596,26.7155,38.3394,93.138,128.205,93.0403,77.8999,50,50,50,50,50.3358,50.1526,50.2747,50.2137,50,50,50,50,11.4469,11.2027,11.2637,11.8742,10.5922,11.63,11.0195,11.2637,11.8132,12.4847,12.4847,12.3626,54.4872,56.1355,55.6471,55.5861,26.5873,25.7326,26.5263,26.16,45.3907,59.3101,43.8645,43.9255,33.0586,33.3639,33.9133,34.2796,28.3578,28.2357,28.1746,28.4799,43.8645,44.3529,43.9866,43.6203,34.1575,34.1575,33.3639,34.4017,25.7936,26.0989,26.0989,26.221,43.6203,43.9866,43.1929,43.9866,33.3639,33.3639,33.6081,32.7534,26.4042,26.5873,25.3053,30.6166,44.1087,44.3529,43.4371,44.2918,15.6593,15.232,30.9829,15.4762,15.3541,15.1099,38.9194,15.4151,16.0867,15.232,15.8425,15.4151,35.3175,35.5006,36.0501,35.6838,97.2222,98.0769,97.2222,98.138,50.4579,50.2747,50.8242,50.7631,50,50,50,50,50.3968,50.5189,50.3358,50.3968,5.7081800000000005,0.396825,1.31258,59.4322,43.9255,48.7485,38.0037,51.9841,29.3956,52.5336,2.77778,0.396825,1093.72,173.638,1452.9,0.0,1.0,1.0,1.0,1.0,0.0,0.07783949999999999,43.5638,43.46,42.993,43.46,0.129731,17.053,96.8829,91.4842,91.0695,97.882,0.0,8.06044,56.2434,0.0,0.0,-30.0367,97.5747,95.1803,50.2656,335.076,52.6601,309.275,288.86,51.0385,423.548,428.572,425.404,522.863,502.821,601.9119999999998,431.955,424.468,531.976,497.595,602.246,409.973,407.30300000000005,523.788,523.072,620.067,409.035,407.953,523.931,522.5,620.067,433.7480000000001,433.604,541.822,539.317,616.47,435.69,433.82,542.109,541.536,614.097,601.265,601.816,22.4298,405.244,1151.42
2020-11-22 07:07:10,97.1001,97.5885,97.7717,98.6874,81.105,81.4713,82.1429,82.8755,47.3443,47.8327,47.8327,47.6496,15.1099,14.9267,15.7814,15.1099,15.8425,14.6215,14.9878,15.4151,51.6239,24.8596,25.8364,38.3394,93.138,129.377,93.0403,77.8999,50,50,50,50,50.3358,50.1526,50.2747,50.2137,50,50,50,50,11.4469,11.2027,11.2637,11.8742,10.5922,10.8974,11.0195,11.2637,11.8132,12.4847,12.4847,12.3626,54.4872,56.1355,55.0977,55.5861,26.5873,25.7326,26.5263,26.16,45.3907,59.3101,43.8645,43.9255,33.0586,33.3639,33.9133,34.2796,28.3578,28.2357,28.1746,28.4799,43.8645,44.3529,43.9866,43.6203,34.1575,34.1575,33.3639,34.4017,25.7936,25.4884,26.0989,26.221,43.6203,43.9866,43.1929,43.9866,33.3639,33.3639,33.6081,32.7534,26.4042,25.7326,25.3053,30.6166,44.1087,44.3529,43.4371,44.2918,15.6593,15.232,30.9829,15.4762,15.3541,15.1099,38.9194,15.4151,16.0867,15.232,15.8425,15.4151,35.3175,35.5006,36.0501,35.6838,97.2222,98.0769,97.2222,98.138,50.4579,50.2747,50.8242,50.7631,50,50,50,50,50.3968,50.5189,50.3358,50.3968,5.7081800000000005,0.396825,1.31258,59.4322,43.9255,48.7485,38.0037,50.64100000000001,29.3956,52.5336,2.77778,0.396825,1092.52,173.638,1456.86,0.0,1.0,1.0,1.0,1.0,0.0,0.07783949999999999,43.5638,43.46,42.993,43.46,0.129731,17.053,98.9347,94.2924,91.0695,97.882,0.0,8.06044,58.76,0.0,0.0,-23.9585,97.5747,95.1803,49.6119,337.265,52.0046,310.9170000000001,288.86,51.0385,423.548,428.572,425.404,522.863,502.821,601.9119999999998,431.955,424.468,531.976,497.595,601.193,409.973,407.30300000000005,523.788,523.072,620.067,409.035,407.953,523.931,522.5,620.067,433.7480000000001,434.611,541.822,539.317,616.47,435.69,434.827,542.109,541.536,614.097,601.265,601.816,22.4298,405.244,1151.42
2020-11-22 07:07:15,97.1001,97.5885,97.7717,98.6874,81.105,80.9219,82.1429,82.8755,46.4286,45.5128,47.2222,46.2454,15.1099,14.9267,15.7814,15.1099,15.8425,14.6215,14.9878,15.4151,51.6239,23.9805,25.8364,38.3394,93.138,129.377,92.7473,76.8254,50,50,50,50,50.3358,50.1526,50.2747,50.2137,50,50,50,50,11.4469,11.2027,11.2637,11.8742,10.5922,10.8974,11.0195,11.2637,11.8132,12.4847,12.4847,12.3626,54.4872,56.1355,55.0977,55.5861,26.5873,25.7326,26.5263,26.16,45.3907,59.3101,43.8645,43.9255,33.0586,33.3639,33.9133,33.7302,28.3578,28.2357,28.1746,28.4799,43.8645,44.3529,43.9866,43.6203,34.1575,34.1575,33.3639,34.4017,25.7936,25.4884,26.0989,26.221,43.6203,43.9866,43.1929,43.9866,33.3639,33.3639,33.6081,32.7534,26.4042,26.5873,25.3053,30.0672,44.1087,44.3529,43.4371,44.2918,15.6593,15.232,30.9829,15.4762,15.3541,15.1099,38.9194,15.4151,16.0867,15.232,15.8425,15.4151,35.3175,35.5006,36.0501,35.6838,97.2222,98.0769,97.2222,98.138,50.4579,50.2747,50.8242,50.7631,50,50,50,50,50.3968,50.5189,50.3358,50.3968,5.7081800000000005,0.396825,1.31258,59.4322,43.9255,48.7485,39.8962,50.64100000000001,29.3956,52.5336,2.77778,0.396825,1093.66,173.638,1454.13,0.0,1.0,1.0,1.0,1.0,0.0,0.07783949999999999,43.5638,43.46,42.993,43.46,0.129731,17.053,97.7063,92.8051,90.9987,97.882,0.0,8.06044,61.005,0.0,0.0,-31.5296,97.5747,95.1803,49.6119,336.2630000000001,50.5052,307.931,288.86,51.0385,423.548,428.572,425.404,522.863,502.821,601.9119999999998,431.955,424.468,531.8330000000002,497.595,601.193,408.963,407.30300000000005,523.788,523.072,620.067,408.025,407.953,523.931,522.5,620.067,433.7480000000001,434.611,540.82,539.317,616.47,435.69,434.827,542.109,541.536,614.097,601.265,600.763,22.4298,405.772,1151.94
2020-11-22 07:07:20,97.1001,97.5885,97.7717,98.6874,81.105,80.9219,82.1429,82.8755,45.3907,45.5128,45.5739,46.2454,15.1099,14.9267,15.7814,15.1099,15.8425,14.6215,14.9878,15.4151,52.5031,23.9805,24.7619,37.4603,93.138,129.377,90.3053,76.8254,50,50,50,50,50.3358,50.1526,50.2747,50.2137,50,50,50,50,11.4469,11.2027,11.2637,11.8742,10.5922,10.8974,11.0195,11.2637,11.8132,12.4847,11.9353,12.3626,54.4872,56.1355,55.0977,55.5861,26.5873,25.7326,25.9768,26.16,45.3907,59.3101,43.8645,43.9255,33.0586,33.3639,33.9133,33.7302,28.3578,28.2357,28.1746,28.4799,43.8645,44.3529,43.9866,43.6203,34.1575,34.1575,33.3639,34.4017,25.7936,25.4884,26.0989,26.221,43.6203,43.9866,43.1929,43.9866,33.3639,33.3639,33.6081,32.7534,26.4042,26.5873,25.3053,30.0672,44.1087,44.3529,43.4371,44.2918,15.6593,15.232,30.9829,15.4762,15.3541,15.1099,38.9194,15.4151,16.0867,15.232,15.8425,15.4151,35.3175,35.5006,36.0501,35.6838,97.2222,98.0769,97.2222,98.138,50.4579,50.2747,50.8242,50.7631,50,50,50,50,50.3968,50.5189,50.3358,50.3968,5.7081800000000005,0.396825,1.31258,59.4322,43.9255,48.7485,39.8962,50.64100000000001,29.3956,52.5336,2.77778,0.396825,1096.05,173.638,1451.55,0.0,1.0,1.0,1.0,1.0,0.0,0.07783949999999999,43.5638,43.46,42.993,43.46,0.129731,16.4062,96.2483,93.3947,90.9987,97.4694,0.0,8.06044,60.6163,0.0,0.0,-38.5589,97.5747,95.1803,51.0763,335.172,49.1103,304.07,288.86,51.0385,423.548,428.572,425.404,522.863,502.821,601.9119999999998,431.955,424.468,531.8330000000002,497.595,601.193,408.963,407.30300000000005,523.788,523.072,620.067,408.025,407.953,523.931,522.5,620.067,434.755,434.611,540.82,539.317,616.47,435.69,434.827,542.109,541.536,614.097,601.265,600.763,22.4298,405.244,1151.94
2020-11-22 07:07:25,97.1001,97.5885,97.7717,98.6874,81.105,80.3724,82.1429,81.8376,44.5971,45.5128,45.5739,44.7192,15.1099,14.9267,15.7814,15.1099,15.8425,14.6215,14.9878,15.4151,53.3822,23.9805,24.7619,37.4603,93.138,129.377,89.3284,75.7509,50,50,50,50,50.3358,50.1526,50.2747,50.2137,50,50,50,50,11.4469,11.2027,11.2637,11.8742,11.2027,10.8974,11.0195,11.2637,11.8132,12.4847,11.9353,12.3626,54.4872,56.1355,55.0977,55.5861,26.5873,25.7326,25.9768,26.16,45.3907,59.3101,43.8645,43.9255,33.0586,33.3639,33.9133,33.1807,28.3578,28.2357,28.1746,28.4799,43.8645,44.3529,43.9866,43.0708,34.1575,34.1575,33.3639,34.4017,25.7936,25.4884,26.0989,26.221,43.6203,43.9866,43.1929,43.9866,33.3639,33.3639,33.6081,32.7534,26.4042,26.5873,25.3053,30.0672,44.1087,44.3529,43.4371,44.2918,15.6593,15.232,30.9829,15.4762,15.3541,15.1099,38.9194,15.4151,16.0867,15.232,15.8425,15.4151,35.3175,35.5006,36.0501,35.6838,97.2222,98.0769,97.2222,98.138,50.4579,50.2747,50.8242,50.7631,50,50,50,50,50.3968,50.5189,50.3358,50.3968,5.7081800000000005,0.396825,1.31258,59.4322,43.9255,48.7485,39.8962,50.64100000000001,29.3956,52.5336,2.77778,0.396825,1093.58,173.638,1455.78,0.0,1.0,1.0,1.0,1.0,0.0,0.07783949999999999,43.5638,43.46,42.993,43.46,0.129731,15.7593,97.636,94.0906,90.7793,97.4694,0.0,8.06044,58.4577,0.0,0.0,-21.3012,97.5747,95.1803,51.0763,334.626,48.3031,302.38,288.86,51.0385,423.548,428.572,425.404,522.863,502.821,601.9119999999998,431.955,424.468,531.689,497.595,601.193,408.963,407.30300000000005,523.788,523.072,620.067,408.025,406.942,523.931,522.5,620.067,434.755,434.611,540.82,538.315,616.47,435.69,434.827,542.109,541.536,614.097,601.265,600.763,22.4298,404.186,1151.94
2020-11-22 07:07:30,97.1001,97.5885,97.7717,98.6874,81.105,80.3724,82.1429,81.8376,43.8645,43.254,44.2308,44.1697,15.1099,14.9267,15.7814,15.1099,15.8425,14.6215,14.9878,15.4151,52.3077,23.9805,24.7619,36.4835,93.138,130.35399999999998,87.0818,74.8718,50,50,50,50,50.3358,50.1526,50.2747,50.2137,50,50,50,50,11.4469,11.2027,11.2637,11.8742,11.2027,10.8974,11.0195,11.2637,11.8132,12.4847,11.9353,12.3626,54.4872,56.1355,55.0977,55.5861,26.5873,25.7326,25.9768,26.16,45.3907,59.3101,43.8645,43.9255,33.0586,33.3639,33.9133,32.3871,28.3578,28.2357,28.1746,28.4799,43.8645,44.3529,43.9866,43.0708,34.1575,34.1575,33.3639,34.4017,25.7936,25.4884,26.0989,26.221,43.6203,43.9866,43.1929,43.9866,33.3639,33.3639,33.6081,32.7534,26.4042,25.3663,25.3053,30.0672,44.1087,44.3529,43.4371,44.2918,15.6593,15.232,30.9829,15.4762,15.3541,15.1099,38.9194,15.4151,16.0867,15.232,15.8425,15.4151,35.3175,35.5006,36.0501,35.6838,97.2222,98.0769,97.2222,98.138,50.4579,50.2747,50.8242,50.7631,50,50,50,50,50.3968,50.5189,50.3358,50.3968,5.7081800000000005,0.396825,1.31258,59.4322,43.9255,48.7485,39.8962,50.64100000000001,29.3956,52.5336,2.77778,0.396825,1093.58,173.638,1461.8,0.0,1.0,1.0,1.0,1.0,0.0,0.07783949999999999,43.5638,43.46,42.993,43.46,0.129731,15.7593,97.026,94.8791,90.7793,97.4694,0.0,8.06044,58.5812,0.0,0.0,-17.1671,97.5747,95.1803,52.0844,335.135,49.0146,302.38,288.86,51.0385,423.548,428.572,426.437,522.863,502.821,601.9119999999998,431.955,424.468,531.689,497.595,601.193,408.963,406.292,523.788,523.072,620.067,408.025,406.942,523.931,522.5,620.067,434.755,434.611,540.82,538.315,615.464,435.69,434.827,542.109,541.536,614.097,601.265,600.763,22.4298,405.244,1151.94
2020-11-22 07:07:35,97.1001,97.5885,97.7717,98.6874,81.105,80.3724,82.1429,81.8376,43.254,43.254,43.5592,44.1697,15.1099,14.9267,15.7814,14.3773,15.8425,14.6215,14.9878,15.4151,52.3077,23.6874,24.7619,36.4835,93.138,130.35399999999998,85.2259,74.8718,50,50,50,50,50.3358,50.1526,50.2747,50.2137,50,50,50,50,11.4469,11.2027,11.2637,11.8742,11.2027,10.8974,11.0195,11.2637,11.8132,12.4847,12.4847,12.3626,54.4872,56.1355,55.0977,55.5861,26.5873,25.7326,26.6484,26.16,45.3907,59.3101,43.8645,43.9255,33.0586,33.3639,33.9133,32.3871,28.3578,28.2357,28.1746,28.4799,43.8645,44.3529,43.9866,43.0708,34.1575,34.1575,33.3639,34.4017,25.7936,25.4884,26.0989,26.221,43.6203,43.9866,43.1929,43.9866,33.3639,33.3639,33.6081,32.7534,26.4042,26.7094,25.3053,30.0672,44.1087,44.3529,43.4371,44.2918,15.6593,15.232,30.9829,15.4762,15.3541,15.1099,38.9194,15.4151,16.0867,15.232,15.8425,15.4151,35.3175,35.5006,36.0501,35.6838,97.2222,98.0769,97.2222,98.138,50.4579,50.2747,50.8242,50.7631,50,50,50,50,50.3968,50.5189,50.3358,50.3968,5.7081800000000005,0.396825,1.31258,59.4322,43.9255,47.5885,39.8962,50.64100000000001,31.2882,50.8242,2.77778,0.396825,1093.69,172.96400000000003,1449.49,0.0,1.0,1.0,1.0,1.0,0.0,0.07783949999999999,43.5638,43.46,42.993,43.46,0.129731,15.7593,95.5702,91.5302,91.3625,97.7324,0.0,8.06044,57.8543,0.0,0.0,-52.0517,97.5747,95.1803,52.0844,336.6880000000001,48.8241,305.776,288.86,51.0385,423.548,428.572,426.437,523.889,502.821,601.9119999999998,431.955,424.468,531.5459999999998,498.598,601.193,408.963,406.292,523.788,523.072,620.067,408.025,406.942,523.931,522.5,620.067,434.755,434.611,540.82,538.315,615.464,435.69,434.827,542.109,540.534,613.091,601.265,600.763,22.4298,404.715,1151.94
2020-11-22 07:07:40,97.1001,97.5885,97.7717,98.6874,81.105,80.3724,82.1429,81.8376,42.3993,43.254,43.5592,42.5214,15.1099,14.9267,15.7814,15.4762,15.8425,14.6215,14.9878,15.4151,53.1868,23.6874,23.8828,35.6044,93.138,131.33100000000002,84.0537,73.7973,50,50,50,50,50.3358,50.1526,50.2747,50.2137,50,50,50,50,11.4469,11.2027,11.2637,11.8742,11.2027,10.8974,11.0195,11.2637,11.8132,12.4847,12.4847,12.3626,54.4872,56.1355,55.0977,55.5861,26.5873,25.7326,27.1978,26.16,45.3907,59.3101,43.8645,43.9255,33.0586,33.3639,33.9133,32.3871,28.3578,28.2357,28.1746,28.4799,43.8645,44.3529,43.9866,43.0708,34.1575,34.1575,33.3639,34.4017,25.7936,25.4884,26.0989,26.221,43.6203,43.9866,43.1929,43.9866,33.3639,33.3639,33.6081,32.7534,26.4042,26.7094,25.3053,30.0672,43.4982,44.3529,43.4371,44.2918,15.6593,15.232,30.9829,15.4762,15.3541,15.1099,38.9194,15.4151,16.0867,15.232,15.8425,15.4151,35.3175,35.5006,36.0501,35.6838,97.2222,98.0769,97.2222,98.138,50.4579,50.2747,50.8242,50.7631,50,50,50,50,50.3968,50.5189,50.3358,50.3968,5.7081800000000005,0.396825,1.31258,59.4322,43.9255,47.5885,39.8962,50.64100000000001,31.2882,50.8242,2.77778,0.396825,1088.98,172.368,1450.04,0.0,1.0,1.0,1.0,1.0,0.0,0.07783949999999999,43.0968,43.46,42.5259,43.46,0.129731,16.4209,98.0999,94.4814,91.3625,97.8338,0.0,8.06044,60.0044,0.0,0.0,-37.2913,97.5747,95.1803,51.4769,337.2990000000001,48.8241,308.87,288.86,51.0385,423.548,428.572,426.437,523.889,502.821,601.9119999999998,431.955,425.5,531.5459999999998,498.598,601.193,408.963,406.292,523.788,523.072,620.067,408.025,406.942,523.931,522.5,620.067,434.755,434.611,540.82,538.315,615.464,435.69,434.827,542.109,540.534,613.091,601.265,600.763,22.4298,405.244,1151.94
2020-11-22 07:07:45,97.1001,97.5885,97.7717,98.6874,81.105,79.82300000000002,82.1429,81.8376,41.4835,43.254,42.5824,42.5214,15.1099,14.9267,15.7814,15.4762,15.8425,14.6215,14.9878,15.4151,52.3077,23.6874,23.8828,35.6044,95.2869,132.21,84.9328,73.7973,50,50,50,50,50.3358,50.1526,50.2747,50.2137,50,50,50,50,11.4469,11.2027,11.2637,11.8742,11.2027,10.8974,11.0195,11.2637,11.8132,12.4847,12.4847,12.3626,54.4872,56.1355,55.0977,55.5861,26.5873,25.7326,26.5263,26.16,45.3907,59.3101,43.8645,43.9255,33.0586,33.3639,33.9133,31.3492,28.3578,28.2357,28.1746,28.4799,43.8645,44.3529,43.9866,43.0708,34.1575,34.1575,33.3639,34.4017,25.7936,25.4884,26.0989,26.221,43.6203,43.9866,43.1929,43.9866,33.3639,33.3639,33.6081,32.7534,26.4042,26.7094,25.3053,30.0672,43.4982,44.3529,43.4371,44.2918,15.6593,15.232,30.9829,15.4762,15.3541,15.1099,38.9194,15.4151,16.0867,15.232,15.8425,15.4151,35.3175,35.5006,36.0501,35.6838,97.2222,98.0769,97.2222,98.138,50.4579,50.2747,50.8242,50.7631,50,50,50,50,50.3968,50.5189,50.3358,50.3968,5.7081800000000005,0.396825,1.31258,59.4322,42.5214,47.5885,39.8962,50.64100000000001,31.2882,50.8242,2.77778,0.396825,1090.26,172.368,1456.29,0.0,1.0,1.0,1.0,1.0,0.0,0.07783949999999999,43.0968,43.46,42.5259,43.46,0.129731,16.4209,98.0999,93.1559,91.714,96.9649,0.0,8.06044,60.2446,0.0,0.0,-46.1052,97.5747,95.1803,49.4845,337.2990000000001,48.1954,309.599,288.86,51.0385,423.548,428.572,426.437,523.889,502.821,600.906,431.955,425.5,531.5459999999998,498.598,601.193,408.963,406.292,523.788,523.072,620.067,408.025,406.942,523.931,522.5,620.067,434.755,434.611,540.82,538.315,615.464,435.69,434.827,542.109,540.534,613.091,601.265,600.763,22.4298,405.772,1151.94
2020-11-22 07:07:50,97.1001,97.5885,97.7717,98.6874,81.105,79.82300000000002,82.1429,81.8376,41.4835,41.3614,41.9109,42.5214,15.1099,14.9267,15.7814,15.4762,15.8425,14.6215,14.9878,15.4151,52.3077,22.8083,23.8828,36.7766,94.4078,132.21,86.4957,73.7973,50,50,50,50,50.3358,50.1526,50.2747,50.2137,50,50,50,50,11.4469,11.2027,11.2637,11.8742,11.2027,10.8974,11.0195,11.2637,11.8132,12.4847,12.4847,12.3626,54.4872,56.1355,55.0977,55.5861,26.0379,25.7326,26.5263,26.16,44.7802,58.7607,43.8645,43.9255,33.0586,33.3639,33.9133,31.3492,28.3578,28.2357,28.1746,28.4799,43.8645,44.3529,43.9866,43.0708,34.1575,34.1575,33.3639,34.4017,25.7936,25.4884,26.0989,26.221,43.6203,43.9866,43.1929,43.9866,33.3639,33.3639,33.6081,32.7534,26.4042,25.4274,25.3053,30.0672,43.4982,44.3529,43.4371,44.2918,15.6593,15.232,30.9829,15.4762,15.3541,15.1099,38.9194,15.4151,16.0867,15.232,15.8425,15.4151,35.3175,35.5006,36.0501,35.6838,97.2222,98.0769,97.2222,98.138,50.4579,50.2747,50.8242,50.7631,50,50,50,50,50.3968,50.5189,50.3358,50.3968,5.7081800000000005,0.396825,1.31258,59.4322,42.5214,47.5885,39.8962,50.64100000000001,31.2882,50.8242,2.77778,0.396825,1086.58,172.368,1449.76,0.0,1.0,1.0,1.0,1.0,0.0,0.07783949999999999,43.0968,43.46,42.5259,43.46,0.129731,16.4209,98.0999,94.5617,90.7384,97.6305,0.0,8.06044,59.2374,0.0,0.0,-20.7317,97.5747,95.1803,46.5676,339.473,48.1954,308.895,288.86,51.0385,423.548,428.572,426.437,523.889,502.821,600.906,431.955,425.5,531.5459999999998,498.598,601.193,408.963,406.292,523.788,523.072,620.067,408.025,406.942,523.931,522.5,620.067,434.755,434.611,540.82,538.315,615.464,435.69,434.827,541.107,540.534,613.091,600.26,600.763,22.4298,405.244,1150.78
2020-11-22 07:07:55,97.1001,97.5885,97.7717,98.6874,81.105,81.5934,82.1429,81.8376,41.4835,41.3614,41.9109,41.9719,15.1099,14.9267,15.7814,15.4762,15.8425,14.6215,14.9878,15.4151,51.4286,21.7338,22.906,36.7766,94.4078,131.03799999999998,86.4957,72.9182,50,50,50,50,50.3358,50.1526,50.2747,50.2137,50,50,50,50,11.4469,11.2027,11.2637,11.8742,11.2027,10.8974,11.0195,11.2637,11.8132,12.4847,12.4847,12.3626,54.4872,56.1355,55.0977,55.5861,26.0379,25.7326,26.5263,26.16,44.7802,58.7607,43.8645,43.9255,33.0586,33.3639,33.9133,33.1197,28.3578,28.2357,28.1746,28.4799,43.8645,44.3529,43.9866,43.0708,34.1575,34.1575,33.3639,34.4017,25.7936,25.4884,26.0989,26.221,43.6203,43.9866,43.1929,43.9866,33.3639,33.3639,33.6081,32.7534,26.4042,26.5263,25.3053,30.0672,43.4982,44.3529,43.4371,44.2918,15.6593,15.232,30.9829,15.4762,15.3541,15.1099,38.9194,15.4151,16.0867,15.232,15.8425,15.4151,35.3175,35.5006,36.0501,35.6838,97.2222,98.0769,97.2222,98.138,50.4579,50.2747,50.8242,50.7631,50,50,50,50,50.3968,50.5189,50.3358,50.3968,5.7081800000000005,0.396825,1.31258,59.4322,42.5214,47.5885,41.6056,49.5421,31.2882,50.8242,2.77778,0.396825,1085.29,172.368,1452.87,0.0,1.0,1.0,1.0,1.0,0.0,0.07783949999999999,43.0968,43.46,42.5259,43.46,0.129731,16.4209,98.8648,94.0929,92.4202,96.9716,0.0,8.06044,56.9732,0.0,0.0,-17.4013,97.5747,95.1803,43.7892,341.44699999999995,47.5595,306.99,288.86,51.0385,423.548,428.572,426.437,523.889,502.821,600.906,431.955,425.5,531.5459999999998,498.598,601.193,408.963,406.292,523.788,523.072,620.067,408.025,406.942,523.931,522.5,620.067,434.755,434.611,540.82,538.315,615.464,435.69,434.827,541.107,540.534,613.091,600.26,600.763,22.4298,404.715,1150.11
2020-11-22 07:08:00,97.1001,97.5885,97.7717,98.6874,81.105,81.5934,82.1429,81.8376,40.6288,41.3614,41.3004,41.4225,15.1099,14.9267,15.7814,15.4762,15.8425,14.6215,14.9878,15.4151,50.1587,21.7338,22.906,35.7021,94.4078,129.084,87.4725,73.9927,50,50,50,50,50.3358,50.1526,50.2747,50.2137,50,50,50,50,11.4469,11.2027,11.2637,11.8742,11.2027,10.8974,11.0195,11.2637,11.8132,12.4847,12.4847,12.3626,54.4872,56.1355,55.0977,55.5861,26.0379,25.7326,25.9768,26.16,44.7802,58.7607,43.8645,43.9255,33.0586,33.3639,33.9133,33.1197,28.3578,28.2357,28.1746,28.4799,43.8645,44.3529,43.9866,43.0708,34.1575,34.1575,33.3639,34.4017,25.7936,25.4884,26.0989,26.221,43.6203,43.9866,43.1929,43.9866,33.3639,33.3639,33.6081,32.7534,26.4042,26.5263,25.3053,30.0672,43.4982,44.3529,43.4371,44.2918,15.6593,15.232,30.9829,15.4762,15.3541,15.1099,38.9194,15.4151,16.0867,15.232,15.8425,15.4151,35.3175,35.5006,36.0501,35.6838,97.2222,98.0769,97.2222,98.138,50.4579,50.2747,50.8242,50.7631,50,50,50,50,50.3968,50.5189,50.3358,50.3968,5.7081800000000005,0.396825,1.31258,59.4322,42.5214,47.5885,41.6056,49.5421,31.2882,50.8242,2.77778,0.396825,1086.48,172.368,1447.83,0.0,1.0,1.0,1.0,1.0,0.0,0.07783949999999999,43.0968,42.993,42.5259,43.46,0.129731,16.4209,97.1298,93.1434,92.304,97.6744,0.0,8.06044,56.3917,0.0,0.0,-8.1722,97.5747,95.1803,41.6892,344.38,45.3962,303.964,288.86,51.0385,423.548,429.604,426.437,523.889,502.821,600.906,431.955,425.5,531.403,498.598,600.188,408.963,406.292,523.788,523.072,620.067,408.025,406.942,523.931,521.498,620.067,434.755,434.611,540.82,538.315,615.464,435.69,434.827,541.107,540.534,613.091,600.26,599.757,22.4298,405.244,1149.03
2020-11-22 07:08:05,97.1001,97.5885,97.7717,98.6874,81.105,81.5934,82.1429,81.8376,39.8962,40.2015,40.5678,40.0183,15.1099,14.9267,15.7814,15.4762,15.8425,14.6215,14.9878,15.4151,49.2796,22.8083,22.906,36.7766,93.2356,129.084,83.956,73.9927,50,50,50,50,50.3358,50.1526,50.2747,50.2137,50,50,50,50,11.4469,11.2027,11.2637,11.8742,11.2027,10.8974,11.0195,11.2637,11.8132,12.4847,12.4847,12.3626,54.4872,56.1355,55.0977,55.5861,26.0379,25.7326,25.9768,26.16,44.7802,58.7607,43.8645,43.9255,33.0586,33.3639,33.9133,33.1197,28.3578,28.2357,28.1746,28.4799,43.8645,43.6203,43.315,43.0708,34.1575,34.1575,33.3639,34.4017,25.7936,25.4884,26.0989,26.221,43.6203,43.254,43.1929,43.9866,33.3639,33.3639,33.6081,32.7534,26.4042,25.5495,25.3053,30.0672,43.4982,44.3529,43.4371,44.2918,15.6593,15.232,30.9829,15.4762,15.3541,15.1099,38.9194,15.4151,16.0867,15.232,15.8425,15.4151,35.3175,35.5006,36.0501,35.6838,97.2222,98.0769,97.2222,98.138,50.4579,50.2747,50.8242,50.7631,50,50,50,50,50.3968,50.5189,50.3358,50.3968,5.7081800000000005,0.396825,1.31258,59.4322,42.5214,47.5885,41.6056,49.5421,31.2882,50.8242,2.77778,0.396825,1087.67,171.77700000000004,1448.76,0.0,1.0,1.0,1.0,1.0,0.0,0.07783949999999999,43.0968,42.993,42.5259,42.9411,0.129731,16.4209,97.0401,92.0734,90.6684,96.9396,0.0,8.17033,59.3775,0.0,0.0,-29.2648,97.5747,95.1803,41.0729,343.151,44.8237,303.43,288.86,51.0385,423.548,429.604,426.437,523.889,502.821,600.906,431.955,425.5,531.403,498.598,600.188,408.963,406.292,523.788,523.072,620.067,408.025,406.942,523.931,521.498,620.067,434.755,434.611,540.82,538.315,615.464,435.69,434.827,541.107,540.534,613.091,600.26,599.757,22.4298,405.772,1148.51
2020-11-22 07:08:10,97.1001,97.5885,97.7717,97.7717,81.105,81.5934,81.4103,81.8376,39.8962,40.2015,40.5678,40.0183,15.1099,14.9267,15.7814,15.4762,15.8425,14.6215,14.9878,15.4151,49.2796,22.8083,22.906,36.7766,93.2356,129.084,83.956,74.9695,50,50,50,50,50.3358,50.1526,50.2747,50.2137,50,50,50,50,11.4469,11.2027,11.2637,11.8742,11.2027,10.8974,11.0195,11.2637,11.8132,12.4847,11.9353,12.3626,54.4872,56.1355,55.0977,55.5861,26.0379,25.7326,25.9768,26.16,44.7802,58.7607,43.8645,43.9255,33.0586,33.3639,33.9133,33.1197,28.3578,28.2357,28.1746,28.4799,43.8645,43.6203,43.315,43.0708,34.1575,34.1575,33.3639,34.4017,25.7936,25.4884,26.0989,26.221,42.6435,43.254,43.1929,43.9866,33.3639,33.3639,33.6081,32.7534,26.4042,26.2821,25.3053,30.0672,43.4982,44.3529,43.4371,43.6203,15.6593,15.232,30.9829,15.4762,15.3541,15.1099,38.9194,15.4151,16.0867,15.232,15.8425,15.4151,35.3175,35.5006,36.0501,35.6838,97.2222,98.0769,97.2222,98.138,50.4579,50.2747,50.8242,50.7631,50,50,50,50,50.3968,50.5189,50.3358,50.3968,5.7081800000000005,0.396825,1.31258,59.4322,42.5214,47.5885,41.6056,49.5421,31.2882,50.8242,2.77778,0.396825,1087.67,170.546,1450.35,0.0,1.0,1.0,1.0,1.0,0.0,0.07783949999999999,43.0968,42.993,42.0589,42.9411,0.129731,15.7593,99.1609,94.3132,91.4932,97.6424,0.0,8.17033,56.6195,0.0,0.0,-25.141,97.5747,95.1803,40.5317,340.6930000000001,43.3909,303.43,288.86,51.0385,423.548,429.604,426.437,523.889,502.821,600.906,431.955,425.5,531.403,498.598,600.188,408.963,406.292,523.788,523.072,620.067,408.025,406.942,523.931,521.498,620.067,434.755,434.611,540.82,538.315,615.464,435.69,434.827,541.107,540.534,613.091,600.26,599.757,22.4298,405.772,1148.51
2020-11-22 07:08:15,97.1001,97.5885,97.7717,99.359,81.105,81.5934,81.4103,81.8376,39.8962,40.2015,40.0183,39.4689,15.1099,14.9267,15.7814,15.4762,15.8425,14.6215,14.9878,15.4151,49.2796,22.8083,21.8315,35.7998,92.1612,128.205,85.81200000000003,74.9695,50,50,50,50,50.3358,50.1526,50.2747,50.2137,50,50,50,50,11.4469,11.2027,11.2637,11.8742,11.2027,10.8974,11.0195,11.2637,11.8132,12.4847,11.9353,12.3626,54.4872,56.1355,55.0977,55.5861,26.0379,25.7326,25.9768,26.16,44.7802,58.7607,43.8645,43.9255,33.0586,33.3639,33.9133,33.1197,28.3578,28.2357,28.1746,28.4799,43.8645,43.6203,43.315,43.0708,34.1575,34.1575,33.3639,34.4017,25.7936,25.4884,26.0989,26.221,43.1929,43.254,43.1929,43.9866,33.3639,33.3639,33.6081,32.7534,26.4042,26.2821,25.3053,30.0672,43.4982,44.3529,43.4371,43.6203,15.6593,15.232,30.9829,15.4762,15.3541,15.1099,38.9194,15.4151,16.0867,15.232,15.8425,15.4151,35.3175,35.5006,36.0501,35.6838,97.2222,98.0769,97.2222,98.138,50.4579,50.2747,50.8242,50.7631,50,50,50,50,50.3968,50.5189,50.3358,50.3968,5.7081800000000005,0.396825,1.31258,59.4322,42.5214,47.5885,41.6056,49.5421,32.265,50.8242,2.77778,0.396825,1086.55,170.546,1447.89,0.0,1.0,1.0,1.0,1.0,0.0,0.07783949999999999,42.6297,42.993,42.0589,42.9411,0.129731,15.7593,98.8529,92.9001,91.4932,97.0345,0.0,8.17033,55.9248,0.0,0.0,-20.7832,97.5747,95.1803,40.5317,339.9380000000001,42.6857,303.43,288.86,51.0385,424.592,429.604,426.437,524.891,502.821,600.906,431.955,425.5,531.403,498.598,600.188,408.963,406.292,523.788,523.072,620.067,408.025,406.942,523.931,521.498,620.067,434.755,434.611,539.818,538.315,615.464,435.69,434.827,541.107,540.534,613.091,600.26,599.757,22.4298,405.244,1147.97
2020-11-22 07:08:20,97.1001,97.5885,97.7717,98.0159,81.105,81.5934,81.4103,81.2882,39.3468,40.2015,40.0183,39.4689,15.1099,14.9267,15.7814,15.4762,15.8425,14.6215,14.9878,15.4151,49.2796,22.8083,22.7106,34.9206,93.2356,129.084,86.6911,76.5323,50,50,50,50,50.3358,50.1526,50.2747,50.2137,50,50,50,50,11.4469,11.2027,11.2637,11.8742,11.2027,10.8974,11.0195,11.2637,11.8132,12.4847,11.9353,12.3626,54.4872,56.1355,55.0977,55.5861,26.0379,25.7326,25.9768,25.6105,44.7802,58.7607,43.8645,43.9255,33.0586,33.3639,33.9133,33.1197,28.3578,28.2357,28.1746,28.4799,43.8645,43.6203,43.315,43.0708,34.1575,34.1575,33.3639,34.4017,25.7936,25.4884,26.0989,25.4884,43.1929,43.254,43.1929,42.9487,33.3639,33.3639,33.6081,32.7534,25.5495,26.2821,25.3053,30.0672,43.4982,44.3529,43.4371,43.6203,15.6593,15.232,30.9829,15.4762,15.3541,15.1099,38.9194,15.4151,16.0867,15.232,15.8425,15.4151,35.3175,35.5006,36.0501,35.6838,97.2222,98.0769,97.2222,98.138,50.4579,50.2747,50.8242,50.7631,50,50,50,50,50.3968,50.5189,50.3358,50.3968,5.7081800000000005,0.396825,1.31258,59.4322,42.5214,47.5885,41.6056,49.5421,32.9976,50.8242,2.77778,0.396825,1085.34,169.99200000000005,1451.56,0.0,1.0,1.0,1.0,1.0,0.0,0.07783949999999999,42.6297,42.4741,42.0589,42.9411,0.129731,15.0537,98.7112,93.7157,89.8281,97.8553,0.0,8.17033,55.2021,0.0,0.0,-11.1738,97.5747,95.1803,40.5317,338.8230000000001,42.6857,302.764,288.86,51.0385,424.592,429.604,426.437,524.891,502.821,600.906,431.955,425.5,531.26,498.598,600.188,408.963,406.292,523.788,523.072,620.067,408.025,406.942,522.929,521.498,620.067,434.755,434.611,539.818,537.313,614.457,435.69,434.827,541.107,540.534,613.091,600.26,599.757,22.4298,405.244,1147.34
2020-11-22 07:08:25,97.1001,97.5885,97.7717,98.0159,81.105,81.5934,81.4103,81.2882,39.3468,40.2015,39.4689,39.4689,15.1099,14.9267,15.7814,14.9267,15.8425,14.6215,14.9878,15.4151,50.3541,22.8083,22.7106,34.9206,94.1148,130.061,90.1099,76.5323,50,50,50,50,50.3358,50.1526,50.2747,50.2137,50,50,50,50,11.4469,11.2027,11.2637,11.8742,11.2027,11.4469,11.0195,11.2637,11.8132,12.4847,12.4847,12.3626,54.4872,56.1355,55.0977,55.5861,26.0379,25.7326,25.9768,25.6105,44.7802,58.7607,43.8645,43.3761,33.0586,33.3639,33.9133,33.1197,28.3578,28.2357,28.1746,28.4799,43.8645,43.6203,43.315,43.0708,34.1575,34.1575,33.3639,34.4017,25.7936,25.4884,26.0989,25.4884,43.1929,43.254,43.1929,42.9487,33.3639,33.3639,33.6081,32.7534,25.8547,25.7326,25.3053,30.0672,43.4982,44.3529,43.4371,43.6203,15.6593,15.232,30.9829,15.4762,15.3541,15.1099,38.9194,15.4151,16.0867,15.232,15.8425,15.4151,35.3175,35.5006,36.0501,35.6838,97.2222,98.0769,97.2222,98.138,50.4579,50.2747,50.8242,50.7631,50,50,50,50,50.3968,50.5189,50.3358,50.3968,5.7081800000000005,0.396825,1.31258,59.4322,42.5214,47.5885,41.6056,49.5421,32.9976,50.8242,2.77778,0.396825,1084.14,169.44400000000005,1447.09,0.0,1.0,1.0,1.0,1.0,0.0,0.07783949999999999,42.6297,42.4741,42.0589,42.4741,0.129731,15.0537,97.7722,93.7071,92.847,96.7612,0.0,8.17033,57.6877,0.0,0.0,-21.5146,97.5747,95.1803,40.5317,336.566,42.6857,301.753,288.86,51.0385,424.592,429.604,426.437,524.891,502.821,600.906,432.987,425.5,531.26,498.598,600.188,408.963,406.292,523.788,523.072,620.067,408.025,406.942,522.929,521.498,620.067,434.755,434.611,539.818,537.313,614.457,435.69,434.827,541.107,540.534,613.091,600.26,599.757,22.4298,405.772,1146.72
2020-11-22 07:08:30,97.1001,97.5885,97.7717,98.0159,81.105,81.5934,81.4103,81.2882,38.1868,38.5531,39.4689,39.4689,15.1099,14.9267,15.7814,15.4762,15.8425,14.6215,14.9878,15.4151,51.3309,22.8083,23.5897,33.9438,95.1893,130.061,92.9426,75.4579,50,50,50,50,50.3358,50.1526,50.2747,50.2137,50,50,50,50,11.4469,11.2027,11.2637,11.8742,11.2027,11.4469,11.0195,11.2637,11.8132,12.4847,12.4847,12.3626,54.4872,56.1355,55.0977,55.5861,26.0379,25.7326,25.9768,25.6105,44.7802,58.7607,43.8645,43.3761,33.0586,33.3639,33.9133,33.1197,28.3578,28.2357,28.1746,28.4799,43.8645,43.6203,43.315,43.0708,34.1575,34.1575,33.3639,34.4017,25.7936,25.4884,26.0989,25.4884,43.1929,43.254,43.1929,43.4982,33.3639,33.3639,32.9976,32.7534,25.8547,26.2821,25.3053,30.0672,43.4982,44.3529,42.8877,43.6203,15.6593,15.232,30.9829,15.4762,15.3541,15.1099,38.9194,15.4151,16.0867,15.232,15.8425,15.4151,35.3175,35.5006,36.0501,35.6838,97.2222,98.0769,97.2222,98.138,50.4579,50.2747,50.8242,50.7631,50,50,50,50,50.3968,50.5189,50.3358,50.3968,5.7081800000000005,0.396825,1.31258,59.4322,42.5214,47.5885,41.6056,49.5421,32.9976,50.8242,2.77778,0.396825,1079.31,169.44400000000005,1443.04,0.0,1.0,1.0,1.0,1.0,0.0,0.07783949999999999,42.6297,42.4741,42.0589,42.4741,0.129731,15.6858,96.8002,93.6176,92.847,97.8326,0.0,8.17033,58.0292,0.0,0.0,-20.348,97.5747,95.1803,40.0186,333.923,43.9991,298.472,288.86,51.0385,424.592,429.604,426.437,524.891,502.821,600.906,432.987,425.5,531.26,498.598,600.188,408.963,406.292,523.788,523.072,620.067,408.025,406.942,522.929,521.498,620.067,434.755,434.611,539.818,537.313,614.457,435.69,434.827,541.107,540.534,613.091,600.26,599.757,22.4298,405.772,1145.27
2020-11-22 07:08:35,97.1001,97.5885,97.7717,97.4664,81.105,81.5934,81.4103,81.2882,38.1868,38.5531,38.2479,39.4689,15.1099,14.9267,15.7814,15.4762,15.8425,14.6215,14.9878,15.4151,51.3309,22.8083,23.5897,33.9438,95.1893,130.061,92.9426,76.4347,50,50,50,50,50.3358,50.1526,50.2747,50.2137,50,50,50,50,11.4469,11.2027,11.2637,11.8742,11.2027,11.9963,11.0195,11.2637,11.8132,12.4847,12.4847,12.3626,54.4872,56.1355,55.0977,55.5861,26.0379,25.7326,25.9768,25.6105,44.7802,58.7607,43.8645,43.3761,33.0586,33.3639,33.9133,33.1197,28.3578,28.2357,28.1746,28.4799,43.315,43.6203,43.315,43.0708,34.1575,34.1575,33.3639,34.4017,25.7936,25.4884,26.0989,25.4884,43.1929,43.254,43.1929,42.4603,33.3639,33.3639,32.9976,32.7534,26.4652,26.2821,25.3053,30.0672,43.4982,44.3529,42.8877,43.6203,15.6593,15.232,30.9829,15.4762,15.3541,15.1099,38.9194,15.4151,16.0867,15.232,15.8425,15.4151,35.3175,35.5006,36.0501,35.6838,97.2222,98.0769,97.2222,98.138,50.4579,50.2747,50.8242,50.7631,50,50,50,50,50.3968,50.5189,50.3358,50.3968,5.7081800000000005,0.396825,1.31258,59.4322,42.5214,47.5885,41.6056,48.3822,32.9976,50.8242,2.77778,0.396825,1081.72,168.93599999999995,1441.85,0.0,1.0,1.0,1.0,1.0,0.0,0.07783949999999999,42.6297,42.4741,42.0589,42.4741,0.129731,15.6858,98.6764,92.8601,90.7622,97.0825,0.0,8.17033,57.0596,0.0,0.0,-23.4688,97.5747,95.1803,40.5725,333.3769999999999,43.9991,295.16,288.86,52.0506,424.592,429.604,426.437,524.891,502.821,600.906,432.987,425.5,531.117,498.598,600.188,408.963,406.292,523.788,523.072,620.067,408.025,406.942,522.929,521.498,620.067,434.755,434.611,539.818,537.313,614.457,435.69,434.827,541.107,539.5319999999998,613.091,600.26,599.757,22.4298,405.244,1144.13
2020-11-22 07:08:40,97.1001,97.5885,97.7717,99.359,81.105,81.5934,81.4103,81.2882,38.1868,38.5531,38.2479,38.1868,15.1099,14.9267,15.7814,15.4762,15.8425,14.6215,14.9878,15.4151,52.5031,22.8083,23.5897,33.9438,93.9194,132.308,92.9426,76.4347,50,50,50,50,50.3358,50.1526,50.2747,50.2137,50,50,50,50,11.4469,11.2027,11.2637,11.8742,10.6532,11.0195,11.0195,11.2637,11.8132,12.4847,12.4847,12.3626,54.4872,56.1355,55.0977,55.5861,26.0379,25.7326,25.9768,25.6105,44.7802,58.2112,43.8645,43.3761,33.0586,33.3639,33.9133,33.1197,28.3578,28.2357,28.1746,27.9304,43.315,43.6203,43.315,43.0708,33.6081,34.1575,33.3639,33.7302,25.7936,25.4884,26.0989,25.4884,42.5214,43.254,43.1929,42.4603,32.7534,33.3639,32.9976,32.7534,26.4652,25.2442,25.3053,30.0672,43.4982,44.3529,42.8877,43.6203,15.6593,15.232,30.9829,15.4762,15.3541,15.1099,38.9194,15.4151,16.0867,15.232,15.8425,15.4151,35.3175,35.5006,36.0501,35.6838,97.2222,98.0769,97.2222,98.138,50.4579,50.2747,50.8242,50.7631,50,50,50,50,50.3968,50.5189,50.3358,50.3968,5.7081800000000005,0.396825,1.31258,59.4322,42.5214,47.5885,41.6056,48.3822,32.9976,50.8242,2.77778,0.396825,1081.7,168.93599999999995,1447.66,0.0,1.0,1.0,1.0,1.0,0.0,0.07783949999999999,42.6297,42.4741,42.0589,42.4741,0.129731,14.9214,98.8783,92.7077,91.8798,97.8732,0.0,8.17033,56.9732,0.0,0.0,-48.194,97.5747,95.1803,41.6803,329.769,43.9991,293.004,288.86,52.0506,424.592,429.604,426.437,524.891,502.821,600.906,432.987,425.5,531.117,498.598,600.188,408.963,406.292,523.788,523.072,620.067,408.025,406.942,522.929,521.498,620.067,434.755,434.611,539.818,537.313,614.457,435.69,434.827,541.107,539.5319999999998,613.091,600.26,599.757,22.4298,405.244,1143.55
2020-11-22 07:08:45,97.1001,97.5885,97.7717,98.5043,81.105,81.5934,81.4103,81.2882,38.1868,38.5531,38.2479,38.1868,15.1099,14.9267,15.7814,15.4762,15.8425,14.6215,14.9878,15.4151,49.3773,22.8083,23.5897,33.9438,92.7473,132.308,94.2124,76.4347,50,50,50,50,50.3358,50.1526,50.2747,50.2137,50,50,50,50,11.4469,11.2027,11.2637,11.8742,10.6532,11.0195,11.0195,11.2637,11.8132,12.4847,12.4847,12.3626,54.4872,56.1355,55.7692,55.5861,26.0379,25.7326,25.9768,25.6105,44.1697,58.2112,43.8645,43.3761,33.0586,33.3639,33.9133,33.1197,28.3578,28.2357,28.1746,27.9304,43.315,43.6203,43.315,43.0708,33.6081,34.1575,33.3639,33.7302,25.7936,25.4884,26.0989,25.4884,42.5214,42.5214,42.6435,42.4603,32.7534,33.3639,32.9976,32.7534,26.4652,26.0379,25.3053,30.0672,43.4982,44.3529,42.8877,43.6203,15.6593,15.232,30.9829,15.4762,14.8046,15.1099,38.9194,15.4151,16.0867,15.232,15.8425,15.4151,35.3175,35.5006,36.0501,35.6838,97.2222,98.0769,97.2222,98.138,50.4579,50.2747,50.8242,50.7631,50,50,50,50,50.3968,50.5189,50.3358,50.3968,5.7081800000000005,0.396825,1.31258,58.1502,42.5214,47.5885,41.6056,48.3822,32.9976,50.1526,2.77778,0.396825,1080.49,168.93599999999995,1446.25,0.0,1.0,1.0,1.0,1.0,0.0,0.07783949999999999,42.6297,42.4741,42.0589,42.4741,0.129731,14.9214,97.875,92.5156,91.8798,97.5105,0.0,8.17033,57.0123,0.0,0.0,-69.5784,97.5747,95.1803,42.5111,325.696,44.0411,290.337,288.86,52.0506,424.592,429.604,426.437,524.891,502.821,600.906,432.987,425.5,531.117,498.598,599.183,408.963,406.292,523.788,523.072,620.067,408.025,406.942,522.929,521.498,620.067,434.755,434.611,539.818,537.313,614.457,435.69,434.827,540.105,539.5319999999998,613.091,600.26,598.752,22.4298,405.244,1142.45
2020-11-22 07:08:50,97.1001,97.5885,97.7717,98.5043,81.105,81.5934,81.4103,81.2882,37.3932,38.5531,37.6984,37.6374,15.1099,14.9267,15.7814,15.4762,15.8425,14.6215,14.9878,15.4151,48.4982,22.8083,23.5897,33.9438,91.8681,131.429,95.2869,78.2906,50,50,50,50,50.3358,50.1526,50.2747,50.2137,50,50,50,50,11.4469,11.2027,11.2637,11.8742,10.6532,11.0195,11.0195,11.2637,11.8132,12.4847,12.4847,12.3626,54.4872,56.1355,55.7692,55.5861,26.0379,25.7326,25.9768,25.6105,44.1697,58.2112,42.8266,43.3761,33.0586,33.3639,32.265,33.1197,28.3578,28.2357,28.1746,27.9304,43.315,43.6203,43.315,43.0708,33.6081,34.1575,33.3639,33.7302,25.7936,25.4884,25.2442,25.4884,42.5214,42.5214,42.6435,42.4603,32.7534,33.3639,32.9976,32.7534,26.4652,26.0379,25.3053,30.0672,43.4982,44.3529,42.8877,43.0098,15.6593,15.232,30.9829,15.4762,14.8046,15.1099,38.9194,15.4151,16.0867,15.232,15.8425,15.4151,35.3175,35.5006,36.0501,35.6838,97.2222,98.0769,97.2222,98.138,50.4579,50.2747,50.8242,50.7631,50,50,50,50,50.3968,50.5189,50.3358,50.3968,5.7081800000000005,0.396825,1.31258,58.1502,40.4457,47.5885,41.6056,48.3822,32.9976,50.1526,2.77778,0.396825,1084.11,168.93599999999995,1440.89,0.0,1.0,1.0,1.0,1.0,0.0,0.07783949999999999,42.6297,42.4741,41.5919,42.4741,0.129731,14.054,97.875,90.9781,92.461,96.6915,0.0,8.07143,57.0123,0.0,0.0,-90.1953,97.5747,95.1803,43.8077,321.033,44.0411,288.443,288.86,52.0506,424.592,429.604,426.437,524.891,503.823,599.901,432.987,425.5,531.117,498.598,599.183,408.963,406.292,523.788,523.072,620.067,408.025,406.942,522.929,521.498,620.067,434.755,434.611,539.818,537.313,614.457,435.69,434.827,540.105,539.5319999999998,613.091,599.255,598.752,22.4298,405.244,1141.91
2020-11-22 07:08:55,97.1001,97.5885,97.7717,98.5043,81.105,81.5934,81.4103,81.2882,37.3932,37.0269,37.6984,37.6374,15.1099,14.9267,15.7814,15.4762,15.8425,14.6215,14.9878,15.4151,47.619,22.8083,23.5897,35.0183,92.9426,132.405,95.2869,77.4115,50,50,50,50,50.3358,50.1526,50.2747,50.2137,50,50,50,50,11.4469,11.2027,11.2637,11.8742,10.7753,11.0195,11.0195,11.2637,11.8132,12.4847,12.4847,12.3626,54.4872,56.1355,55.7692,55.5861,26.0379,25.1832,25.9768,25.6105,44.1697,58.2112,42.8266,43.3761,33.0586,33.3639,32.265,33.1197,28.3578,28.2357,28.1746,27.9304,43.315,43.6203,43.315,43.0708,33.6081,34.1575,33.3639,33.7302,25.7936,24.8779,25.2442,25.4884,42.5214,42.5214,42.6435,42.4603,32.7534,33.3639,32.9976,32.7534,26.4652,26.0379,25.3053,30.0672,43.4982,44.3529,42.8877,43.0098,15.6593,15.232,30.9829,15.4762,14.8046,15.1099,38.9194,15.4151,16.0867,15.232,15.8425,15.4151,35.3175,35.5006,36.0501,35.6838,97.2222,98.0769,97.2222,98.138,50.4579,50.2747,50.8242,50.7631,50,50,50,50,50.3968,50.5189,50.3358,50.3968,5.7081800000000005,0.396825,1.31258,58.1502,40.4457,47.5885,41.6056,48.3822,32.9976,50.1526,2.77778,0.396825,1084.1,168.93599999999995,1445.64,0.0,1.0,1.0,1.0,1.0,0.0,0.07783949999999999,42.6297,42.4741,41.5919,42.4741,0.129731,14.054,97.4183,92.7589,92.461,97.3655,0.0,8.07143,56.9054,0.0,0.0,-98.0822,97.5747,95.1803,45.4176,317.67,45.0882,287.899,288.86,52.0506,424.592,429.604,427.445,524.891,503.823,599.901,432.987,425.5,531.117,498.598,599.183,408.963,406.292,523.788,523.072,620.067,408.025,406.942,522.929,521.498,620.067,434.755,434.611,539.818,537.313,614.457,435.69,434.827,540.105,539.5319999999998,613.091,599.255,598.752,22.4298,405.772,1141.91
2020-11-22 07:09:00,97.1001,97.5885,97.7717,97.9548,81.105,81.5934,81.4103,81.2882,37.3932,36.1111,37.0879,37.6374,15.1099,14.9267,15.7814,15.4762,15.8425,14.6215,14.9878,15.4151,48.5958,22.8083,23.5897,35.0183,94.2124,132.405,92.0635,77.4115,50,50,50,50,50.3358,50.1526,50.2747,50.2137,50,50,50,50,11.4469,11.2027,11.2637,11.8742,10.7753,11.0195,11.0195,11.2637,11.8132,12.4847,11.9353,12.3626,54.4872,56.1355,55.7692,55.5861,26.0379,25.1832,25.9768,25.6105,44.1697,58.2112,42.8266,43.3761,33.0586,33.3639,31.7155,33.1197,28.3578,28.2357,28.1746,27.9304,43.315,42.9487,42.6435,43.0708,33.6081,34.1575,33.3639,33.7302,25.2442,24.8779,25.2442,25.4884,42.5214,42.5214,42.6435,42.4603,32.7534,33.3639,32.9976,32.7534,26.4652,24.9389,25.3053,30.0672,43.4982,44.3529,42.8877,43.0098,15.6593,15.232,30.9829,15.4762,14.8046,15.1099,38.9194,15.4151,16.0867,15.232,15.8425,15.4151,35.3175,35.5006,36.0501,35.6838,97.2222,98.0769,97.2222,98.138,50.4579,50.2747,50.8242,50.7631,50,50,50,50,50.3968,50.5189,50.3358,50.3968,5.7081800000000005,0.396825,1.31258,58.1502,40.4457,47.5885,43.4982,48.3822,34.768,50.1526,2.77778,0.396825,1081.67,168.435,1444.19,0.0,1.0,1.0,1.0,1.0,0.0,0.07783949999999999,42.6297,42.4741,41.5919,42.4741,0.129731,14.7156,98.6569,92.1038,92.461,97.3655,0.0,8.07143,54.1455,0.0,0.0,-103.048,97.5747,95.1803,44.9073,319.457,45.8371,289.745,288.86,52.0506,424.592,429.604,427.445,524.891,503.823,599.901,432.987,425.5,531.117,498.598,599.183,408.963,406.292,523.788,523.072,619.06,408.025,406.942,522.929,521.498,620.067,434.755,434.611,539.818,537.313,614.457,435.69,434.827,540.105,539.5319999999998,613.091,599.255,598.752,22.4298,405.244,1141.91
2020-11-22 07:09:05,97.1001,97.5885,97.7717,97.9548,81.105,81.5934,81.4103,81.2882,37.3932,36.1111,37.0879,37.6374,15.1099,14.9267,15.7814,15.4762,15.8425,14.6215,14.9878,15.4151,49.475,21.9292,22.7106,35.0183,94.2124,133.48,90.0122,76.4347,50,50,50,50,50.3358,50.1526,50.2747,50.2137,50,50,50,50,11.4469,11.2027,11.2637,11.8742,10.7753,11.0195,11.0195,11.2637,11.8132,12.4847,11.9353,12.3626,54.4872,56.1355,55.7692,55.5861,25.4884,25.1832,25.9768,25.6105,44.1697,58.2112,42.8266,42.8266,33.0586,33.3639,34.1575,32.5702,28.3578,28.2357,28.1746,27.9304,43.315,42.9487,42.6435,43.0708,33.6081,34.1575,33.3639,33.7302,25.2442,24.8779,25.2442,25.4884,42.5214,42.5214,42.6435,42.4603,32.7534,33.3639,32.9976,32.7534,26.4652,26.0379,25.3053,30.0672,42.9487,44.3529,42.8877,43.0098,15.6593,15.232,30.9829,15.4762,14.8046,15.1099,38.9194,15.4151,16.0867,15.232,15.8425,15.4151,35.3175,35.5006,36.0501,35.6838,97.2222,98.0769,97.2222,98.138,50.4579,50.2747,50.8242,50.7631,50,50,50,50,50.3968,50.5189,50.3358,50.3968,5.7081800000000005,0.396825,1.31258,58.1502,40.4457,47.5885,43.4982,48.3822,34.768,50.1526,2.77778,0.396825,1085.45,168.435,1447.67,0.0,1.0,1.0,1.0,1.0,0.0,0.07783949999999999,42.6297,42.4741,41.5919,42.4741,0.129731,15.3624,98.053,91.686,93.8383,98.3997,0.0,8.07143,56.1031,0.0,0.0,-81.8116,97.5747,95.1803,44.2618,321.303,46.4582,290.802,288.86,52.0506,424.592,429.604,427.445,524.891,503.823,599.901,432.987,425.5,531.117,498.598,599.183,408.963,406.292,523.788,523.072,619.06,408.025,406.942,522.929,521.498,620.067,434.755,434.611,539.818,537.313,614.457,435.69,434.827,540.105,539.5319999999998,612.0840000000002,599.255,598.752,22.4298,405.772,1141.33
2020-11-22 07:09:10,97.1001,97.5885,97.7717,97.9548,81.105,81.5934,81.4103,81.2882,37.3932,36.1111,37.0879,37.0879,15.1099,14.9267,15.7814,15.4762,15.8425,14.6215,14.9878,15.4151,48.5958,21.9292,21.8315,34.0415,95.58,132.503,88.25399999999998,76.4347,50,50,50,50,50.3358,50.1526,50.2747,50.2137,50,50,50,50,11.4469,11.2027,11.2637,11.8742,10.7753,11.0195,11.0195,11.2637,11.8132,12.4847,12.4847,12.3626,54.4872,56.1355,55.7692,55.5861,25.4884,25.1832,25.9768,25.6105,44.1697,58.2112,42.8266,42.8266,33.0586,33.3639,33.4249,32.5702,28.3578,28.2357,28.1746,27.9304,43.315,42.9487,42.6435,43.0708,33.6081,34.1575,33.3639,33.7302,25.2442,24.8779,25.2442,25.4884,42.5214,42.5214,42.6435,42.4603,32.7534,33.3639,32.9976,32.7534,26.4652,26.0379,25.3053,30.0672,42.9487,44.3529,42.8877,43.0098,15.6593,15.232,30.9829,15.4762,14.8046,15.1099,38.9194,15.4151,16.0867,15.232,15.8425,15.4151,35.3175,35.5006,36.0501,35.6838,97.2222,98.0769,97.2222,98.138,50.4579,50.2747,50.8242,50.7631,50,50,50,50,50.3968,50.5189,50.3358,50.3968,5.7081800000000005,0.396825,1.31258,58.1502,40.4457,47.5885,43.4982,48.3822,34.768,50.1526,2.77778,0.396825,1084.16,168.435,1449.99,0.0,1.0,1.0,1.0,1.0,0.0,0.07783949999999999,42.6297,42.4741,41.5919,42.4741,0.129731,15.3624,98.2915,91.8723,93.6065,98.3997,0.0,8.07143,54.6483,0.0,0.0,-50.9485,97.5747,95.1803,44.2618,322.481,46.4582,291.323,288.86,52.0506,424.592,429.604,427.445,524.891,503.823,599.901,432.987,425.5,531.117,498.598,599.183,408.963,406.292,523.788,523.072,619.06,408.025,406.942,522.929,521.498,620.067,434.755,434.611,538.816,537.313,614.457,435.69,434.827,540.105,539.5319999999998,612.0840000000002,599.255,598.752,22.4298,404.715,1140.67
2020-11-22 07:09:15,97.1001,97.5885,97.7717,97.9548,81.105,81.5934,81.4103,81.2882,37.3932,36.1111,36.5385,37.0879,15.1099,14.9267,15.7814,15.4762,15.8425,14.6215,14.9878,15.4151,48.5958,20.9524,21.8315,34.0415,95.58,132.503,86.9841,75.3602,50,50,50,50,50.3358,50.1526,50.2747,50.2137,50,50,50,50,11.4469,11.2027,11.2637,11.8742,10.7753,11.0195,11.0195,11.2637,11.8132,12.4847,12.4847,12.3626,54.4872,56.1355,55.7692,55.5861,25.4884,25.1832,25.9768,25.6105,44.1697,58.2112,42.8266,42.8266,33.0586,33.3639,33.4249,32.5702,28.3578,28.2357,28.1746,27.9304,43.315,42.9487,42.6435,43.0708,33.6081,34.1575,33.3639,33.7302,25.2442,24.8779,25.2442,25.4884,42.5214,42.5214,42.6435,42.4603,32.7534,33.3639,32.9976,32.2039,26.4652,24.9389,25.3053,30.0672,42.9487,44.3529,42.8877,43.0098,15.6593,15.232,30.9829,15.4762,14.8046,15.1099,38.9194,15.4151,16.0867,15.232,15.8425,15.4151,35.3175,35.5006,36.0501,35.6838,97.2222,98.0769,97.2222,98.138,50.4579,50.2747,50.8242,50.7631,50,50,50,50,50.3968,50.5189,50.3358,50.3968,5.7081800000000005,0.396825,1.31258,58.1502,40.4457,47.5885,43.4982,47.0391,34.768,50.1526,2.77778,0.396825,1085.34,168.435,1440.03,0.0,1.0,1.0,1.0,1.0,0.0,0.07783949999999999,42.6297,42.4741,41.5919,42.4741,0.129731,15.3624,97.0171,90.3157,91.822,98.3997,0.0,8.07143,55.6742,0.0,0.0,-63.4197,97.5747,95.1803,44.2618,323.026,47.1274,292.562,288.86,52.0506,424.592,429.604,427.445,524.891,503.823,599.901,432.987,425.5,531.117,498.598,599.183,408.963,406.292,523.788,523.072,619.06,408.025,406.942,522.929,521.498,620.067,434.755,434.611,538.816,537.313,614.457,435.69,434.827,540.105,539.5319999999998,612.0840000000002,599.255,598.752,22.4298,404.186,1140.67
2020-11-22 07:09:20,97.1001,97.5885,97.7717,97.9548,81.105,81.5934,81.4103,81.2882,37.3932,36.1111,35.98900000000001,37.0879,15.1099,14.9267,15.7814,14.9267,15.8425,14.6215,14.9878,15.4151,48.5958,20.9524,21.8315,33.1624,94.6032,130.94,87.9609,74.4811,50,50,50,50,50.3358,50.1526,50.2747,50.2137,50,50,50,50,11.4469,11.2027,11.2637,11.8742,11.3858,11.0195,11.0195,11.2637,11.8132,12.4847,12.4847,12.3626,54.4872,56.1355,55.7692,55.5861,25.4884,25.1832,25.9768,25.6105,44.1697,58.2112,42.8266,42.8266,33.0586,33.3639,33.4249,32.5702,28.3578,28.2357,28.1746,27.9304,43.315,42.9487,42.6435,43.0708,33.6081,34.1575,33.3639,33.7302,25.2442,24.8779,25.2442,25.4884,42.5214,42.5214,42.094,42.4603,32.7534,32.7534,32.9976,32.2039,26.4652,25.9158,25.3053,30.0672,42.9487,44.3529,42.3382,43.0098,15.6593,15.232,30.9829,15.4762,14.8046,15.1099,38.9194,15.4151,16.0867,15.232,15.8425,15.4151,35.3175,35.5006,36.0501,35.6838,97.2222,98.0769,97.2222,98.138,50.4579,50.2747,50.8242,50.7631,50,50,50,50,50.3968,50.5189,50.3358,50.3968,5.7081800000000005,0.396825,1.31258,58.1502,40.4457,47.5885,43.4982,47.0391,34.768,50.1526,2.77778,0.396825,1088.95,168.435,1446.5,0.0,1.0,1.0,1.0,1.0,0.0,0.07783949999999999,42.6297,42.4741,41.5919,42.4741,0.129731,15.3624,97.6193,91.4959,93.979,97.6862,0.0,8.07143,57.1146,0.0,0.0,-42.7644,97.5747,95.1803,45.4176,323.026,49.3667,294.1020000000001,288.86,52.0506,424.592,429.604,427.445,524.891,503.823,599.901,432.987,425.5,530.95,498.598,599.183,408.963,406.292,523.788,523.072,619.06,408.025,406.942,522.929,521.498,620.067,434.755,434.611,538.816,536.311,614.457,435.69,434.827,540.105,539.5319999999998,612.0840000000002,599.255,598.752,22.4298,404.186,1140.67
2020-11-22 07:09:25,97.1001,97.5885,97.7717,97.9548,81.105,81.5934,81.4103,81.2882,37.3932,36.1111,35.98900000000001,37.0879,15.1099,14.9267,15.7814,15.1709,15.8425,14.6215,14.9878,15.4151,48.5958,20.9524,21.8315,33.1624,93.6264,129.67,89.1331,74.4811,50,50,50,50,50.3358,50.1526,50.2747,50.2137,50,50,50,50,11.4469,11.2027,11.2637,11.8742,11.3858,11.0195,11.0195,11.2637,11.8132,12.4847,12.4847,12.3626,54.4872,56.1355,55.7692,55.5861,25.4884,25.1832,25.9768,25.6105,44.1697,58.2112,42.8266,42.8266,33.0586,33.3639,33.4249,32.0208,28.3578,28.2357,28.1746,27.9304,43.315,42.9487,42.6435,43.0708,33.6081,34.1575,33.3639,33.7302,25.2442,24.8779,25.2442,25.4884,42.5214,42.5214,42.094,42.4603,32.7534,32.7534,32.9976,32.2039,26.4652,25.9158,25.3053,30.0672,42.9487,44.3529,42.3382,43.0098,15.6593,15.232,30.9829,15.4762,14.8046,15.1099,38.9194,15.4151,16.0867,15.232,15.8425,15.4151,35.3175,35.5006,36.0501,35.6838,97.2222,98.0769,97.2222,98.138,50.4579,50.2747,50.8242,50.7631,50,50,50,50,50.3968,50.5189,50.3358,50.3968,5.7081800000000005,0.396825,1.31258,58.1502,40.4457,47.5885,43.4982,47.0391,34.768,50.1526,2.77778,0.396825,1090.15,168.435,1446.06,0.0,1.0,1.0,1.0,1.0,0.0,0.07783949999999999,42.1627,42.4741,41.5919,42.4741,0.129731,15.3624,99.7132,90.2366,94.1207,96.9655,0.0,8.07143,52.6955,0.0,0.0,-53.3853,97.5747,95.1803,45.9732,322.256,50.8084,295.938,288.86,52.0506,424.592,429.604,427.445,524.891,503.823,599.901,432.987,425.5,530.95,498.598,599.183,408.963,406.292,523.788,523.072,619.06,408.025,406.942,522.929,521.498,620.067,434.755,434.611,538.816,536.311,614.457,435.69,434.827,540.105,539.5319999999998,612.0840000000002,599.255,598.752,22.4298,405.244,1140.67
2020-11-22 07:09:30,97.1001,97.5885,97.7717,97.9548,81.105,81.5934,81.4103,81.2882,36.6606,36.1111,35.98900000000001,37.0879,15.1099,14.9267,15.7814,15.1709,15.8425,14.6215,14.9878,15.4151,48.5958,20.9524,22.7106,33.1624,93.6264,130.549,90.4029,74.4811,50,50,50,50,50.3358,50.1526,50.2747,50.2137,50,50,50,50,11.4469,11.2027,11.2637,11.8742,10.4701,11.0195,11.0195,11.2637,11.8132,12.4847,12.4847,12.3626,54.4872,56.1355,55.7692,55.5861,25.4884,25.1832,25.9768,25.6105,44.1697,58.2112,42.8266,42.8266,33.0586,33.3639,33.4249,32.0208,28.3578,28.2357,28.1746,27.9304,42.7656,42.9487,42.6435,43.0708,33.6081,34.1575,33.3639,33.7302,25.2442,24.8779,25.2442,25.4884,42.5214,42.5214,42.094,42.4603,32.7534,32.7534,32.9976,32.2039,26.4652,25.9158,25.3053,30.0672,42.9487,44.3529,42.3382,43.0098,15.6593,15.232,30.9829,15.4762,14.8046,15.1099,38.9194,15.4151,16.0867,15.232,15.8425,15.4151,35.3175,35.5006,36.0501,35.6838,97.2222,98.0769,97.2222,98.138,50.4579,50.2747,50.8242,50.7631,50,50,50,50,50.3968,50.5189,50.3358,50.3968,5.7081800000000005,0.396825,1.31258,58.1502,40.4457,47.5885,43.4982,47.0391,34.768,50.1526,2.77778,0.396825,1093.66,168.435,1439.95,0.0,1.0,1.0,1.0,1.0,0.0,0.07783949999999999,42.1627,42.4741,41.5919,42.4741,0.129731,15.3624,99.7132,90.9001,93.2681,97.8949,0.0,8.07143,52.9758,0.0,0.0,-56.6352,97.5747,95.1803,46.4818,324.8040000000001,50.5661,298.883,288.86,52.0506,424.592,429.604,427.445,524.891,504.85,599.901,432.987,425.5,530.831,498.598,599.183,408.963,406.292,523.788,523.072,619.06,408.025,406.942,522.929,521.498,620.067,434.755,434.611,538.816,536.311,613.45,435.69,434.827,540.105,538.53,612.0840000000002,598.25,598.752,22.4298,405.244,1141.79
2020-11-22 07:09:35,97.1001,97.5885,97.7717,97.9548,81.105,81.5934,81.4103,81.2882,36.6606,36.1111,35.98900000000001,36.5385,15.1099,14.9267,15.7814,15.1709,15.8425,14.6215,14.9878,15.4151,48.5958,20.9524,22.7106,34.1392,93.6264,131.722,90.4029,75.8486,50,50,50,50,50.3358,50.1526,50.2747,50.2137,50,50,50,50,11.4469,11.2027,11.2637,11.8742,10.4701,11.0195,11.0195,11.2637,11.8132,12.4847,12.4847,12.3626,54.4872,56.1355,55.7692,55.5861,25.4884,25.1832,25.9768,25.6105,44.1697,57.6618,42.8266,42.8266,33.0586,33.3639,33.4249,31.4713,28.3578,27.6862,28.1746,27.9304,42.7656,42.9487,42.6435,43.0708,33.6081,34.1575,33.3639,33.7302,25.2442,24.8779,25.2442,25.4884,42.5214,42.5214,42.094,42.4603,32.7534,32.7534,32.9976,32.2039,26.4652,24.4506,25.3053,30.0672,42.9487,44.3529,42.3382,43.0098,15.6593,15.232,30.9829,15.4762,15.3541,15.1099,38.9194,15.4151,16.0867,15.232,15.8425,15.4151,35.3175,35.5006,36.0501,35.6838,97.2222,98.0769,97.2222,98.138,50.4579,50.2747,50.8242,50.7631,50,50,50,50,50.3968,50.5189,50.3358,50.3968,5.7081800000000005,0.396825,1.31258,58.1502,40.4457,47.5885,43.4982,47.0391,34.768,50.1526,2.77778,0.396825,1093.74,168.435,1447.59,0.0,1.0,1.0,1.0,1.0,0.0,0.07783949999999999,42.1627,42.4741,41.5919,42.4741,0.129731,16.0533,97.6426,92.881,93.2681,97.1899,0.0,8.07143,52.103,0.0,0.0,-71.9164,97.5747,95.1803,46.4818,325.35,50.3514,302.6620000000001,288.86,52.0506,425.637,429.604,427.445,524.891,504.85,598.896,432.987,425.5,530.831,498.598,599.183,408.963,406.292,523.788,523.072,619.06,408.025,406.942,522.929,521.498,620.067,434.755,434.611,538.816,536.311,613.45,435.69,434.827,540.105,538.53,612.0840000000002,598.25,598.752,22.4298,404.186,1142.3
2020-11-22 07:09:40,97.1001,97.5885,97.7717,97.9548,81.105,81.5934,81.4103,81.2882,36.6606,36.1111,35.98900000000001,36.5385,15.1099,14.9267,15.7814,15.1709,15.8425,14.6215,14.9878,15.4151,48.5958,20.9524,22.7106,35.0183,92.6496,132.601,91.4774,75.8486,50,50,50,50,50.3358,50.1526,50.2747,50.2137,50,50,50,50,11.4469,11.2027,11.2637,11.8742,11.0195,11.0195,11.0195,11.2637,11.8132,12.4847,12.4847,12.3626,54.4872,56.1355,55.7692,55.5861,25.4884,25.1832,25.9768,25.6105,44.1697,57.6618,42.2772,42.8266,33.0586,33.3639,33.4249,31.4713,28.3578,27.6862,28.1746,27.9304,42.7656,42.9487,42.6435,43.0708,33.6081,34.1575,33.3639,33.7302,25.2442,24.8779,25.2442,25.4884,42.5214,42.5214,42.094,42.4603,32.7534,32.7534,32.9976,32.2039,26.4652,25.7936,25.3053,30.0672,42.9487,44.3529,42.3382,43.0098,15.6593,15.232,30.9829,15.4762,15.3541,15.1099,38.9194,15.4151,16.0867,15.232,15.8425,15.4151,35.3175,35.5006,36.0501,35.6838,97.2222,98.0769,97.2222,98.138,50.4579,50.2747,50.8242,50.7631,50,50,50,50,50.3968,50.5189,50.3358,50.3968,5.7081800000000005,0.396825,1.31258,58.1502,40.4457,47.5885,43.4982,47.0391,36.5385,50.1526,2.77778,0.396825,1092.54,168.435,1443.96,0.0,1.0,1.0,1.0,1.0,0.0,0.07783949999999999,42.1627,42.4741,41.5919,42.4741,0.129731,16.0533,98.8296,92.3264,93.2681,97.2298,0.0,8.07143,51.158,0.0,0.0,-96.2743,97.5747,95.1803,47.1244,324.8040000000001,51.1891,304.869,288.86,52.0506,425.637,429.604,427.445,524.891,504.85,598.896,432.987,425.5,530.688,499.624,599.183,408.963,406.292,523.788,523.072,619.06,408.025,406.942,522.929,521.498,620.067,434.755,434.611,538.816,536.311,613.45,435.69,434.827,540.105,538.53,612.0840000000002,598.25,598.752,22.4298,404.715,1142.3
2020-11-22 07:09:45,97.1001,97.5885,97.7717,97.4054,81.105,81.5934,81.4103,81.2882,36.6606,36.1111,35.98900000000001,36.5385,15.1099,14.9267,15.7814,15.1709,15.8425,14.6215,14.9878,15.4151,48.5958,20.9524,21.7338,34.0415,93.6264,130.549,93.431,75.8486,50,50,50,50,50.3358,50.1526,50.2747,50.2137,50,50,50,50,11.4469,11.2027,11.2637,11.8742,11.0195,11.0195,11.0195,11.2637,11.8132,12.4847,12.4847,12.3626,54.4872,56.1355,55.7692,55.5861,25.4884,25.1832,25.9768,25.6105,43.6203,57.6618,43.315,42.8266,33.0586,33.3639,33.4249,30.4945,27.7473,27.6862,28.1746,27.9304,42.7656,42.9487,42.6435,42.5214,33.6081,34.1575,33.3639,33.7302,25.2442,24.8779,25.2442,25.4884,42.5214,42.5214,42.094,42.4603,32.7534,32.7534,32.9976,32.2039,26.4652,25.7936,25.3053,30.0672,42.9487,44.3529,42.3382,43.0098,15.6593,15.232,30.9829,15.4762,15.3541,15.1099,38.9194,15.4151,16.0867,15.232,15.8425,15.4151,35.3175,35.5006,36.0501,35.6838,97.2222,98.0769,97.2222,98.138,50.4579,50.2747,50.8242,50.7631,50,50,50,50,50.3968,50.5189,50.3358,50.3968,5.7081800000000005,0.396825,1.31258,58.1502,40.4457,47.5885,43.4982,47.0391,36.5385,50.1526,2.77778,0.396825,1093.74,168.435,1432.38,0.0,1.0,1.0,1.0,1.0,0.0,0.07783949999999999,42.1627,42.4741,41.5919,42.4741,0.129731,15.4506,97.7005,93.2022,93.2681,97.2298,0.0,8.07143,54.6472,0.0,0.0,-112.286,97.5747,95.1803,47.1244,326.663,52.4549,307.064,288.86,52.0506,425.637,430.612,427.445,524.891,504.85,598.896,432.987,425.5,530.688,499.624,598.178,407.953,406.292,523.788,523.072,619.06,407.014,406.942,522.929,521.498,620.067,434.755,434.611,538.816,536.311,613.45,435.69,434.827,539.1030000000002,538.53,612.0840000000002,598.25,598.752,22.4298,404.715,1142.85
2020-11-22 07:09:50,97.1001,97.5885,97.7717,97.4054,81.105,81.5934,81.4103,81.2882,35.5006,36.1111,35.98900000000001,36.5385,15.1099,14.9267,15.7814,15.1709,15.8425,14.6215,14.9878,15.4151,47.7167,20.9524,21.7338,34.0415,94.5055,130.549,92.0635,75.8486,50,50,50,50,50.3358,50.1526,50.2747,50.2137,50,50,50,50,11.4469,11.2027,11.2637,11.8742,11.0195,11.0195,11.0195,11.2637,11.8132,12.4847,11.9353,12.3626,54.4872,56.1355,55.7692,55.5861,25.4884,25.1832,25.9768,25.6105,43.6203,57.6618,43.315,42.8266,33.0586,33.3639,33.4249,30.4945,27.7473,27.6862,28.1746,27.9304,42.7656,42.9487,42.6435,42.5214,33.6081,34.1575,33.3639,33.7302,25.2442,24.8779,25.2442,25.4884,42.5214,42.5214,41.5446,42.4603,32.7534,32.7534,32.9976,32.2039,26.4652,25.7936,25.3053,30.0672,42.9487,44.3529,42.3382,42.4603,15.6593,15.232,30.9829,15.4762,15.3541,15.1099,38.9194,15.4151,16.0867,15.232,15.8425,15.4151,35.3175,35.5006,36.0501,35.6838,97.2222,98.0769,97.2222,98.138,50.4579,50.2747,50.8242,50.7631,50,50,50,50,50.3968,50.5189,50.3358,50.3968,5.7081800000000005,0.396825,1.31258,58.1502,40.4457,47.5885,43.4982,47.0391,36.5385,50.1526,2.77778,0.396825,1092.46,168.435,1435.5,0.0,1.0,1.0,1.0,1.0,0.0,0.07783949999999999,42.1627,42.4741,41.5919,42.4741,0.129731,15.4506,97.5684,91.6086,93.2681,97.9221,0.0,8.07143,51.0834,0.0,0.0,-113.371,97.5747,95.1803,47.1244,328.95,52.9808,307.9170000000001,288.86,52.0506,425.637,430.612,427.445,524.891,505.852,598.896,432.987,425.5,530.688,499.624,598.178,407.953,406.292,523.788,523.072,619.06,407.014,406.942,522.929,521.498,620.067,434.755,434.611,538.816,536.311,613.45,435.69,434.827,539.1030000000002,538.53,612.0840000000002,598.25,598.752,22.4298,405.244,1143.49
2020-11-22 07:09:55,97.1001,97.5885,97.7717,97.4054,81.105,81.5934,81.4103,81.2882,35.5006,36.1111,35.4396,35.98900000000001,15.1099,14.9267,15.7814,15.1709,15.8425,14.6215,14.9878,15.4151,46.8376,20.9524,21.7338,35.2137,94.5055,130.549,93.138,75.8486,50,50,50,50,50.3358,50.1526,50.2747,50.2137,50,50,50,50,11.4469,11.2027,11.2637,11.8742,11.0195,11.569,11.0195,11.2637,11.8132,12.4847,11.9353,12.3626,54.4872,56.1355,55.7692,55.5861,25.4884,25.1832,25.4274,25.6105,43.6203,57.6618,43.315,42.8266,33.0586,33.3639,33.4249,30.4945,27.7473,27.6862,28.1746,27.9304,42.7656,42.9487,42.6435,42.5214,33.6081,34.1575,33.3639,33.7302,25.2442,24.8779,25.2442,25.4884,42.5214,42.5214,41.5446,42.4603,32.7534,32.7534,32.9976,32.2039,26.4652,24.5727,25.3053,30.0672,42.9487,44.3529,42.3382,42.4603,15.6593,15.232,30.9829,15.4762,15.3541,15.1099,38.9194,15.4151,16.0867,15.232,15.8425,15.4151,35.3175,35.5006,36.0501,35.6838,97.2222,98.0769,97.2222,98.138,50.4579,50.2747,50.8242,50.7631,50,50,50,50,50.3968,50.5189,50.3358,50.3968,5.7081800000000005,0.396825,1.31258,58.1502,40.4457,47.5885,43.4982,47.0391,36.5385,48.5653,2.77778,0.396825,1096.04,168.435,1437.14,0.0,1.0,1.0,1.0,1.0,0.0,0.07783949999999999,42.1627,42.4741,41.5919,42.4741,0.129731,15.4506,96.3028,92.3445,94.2382,98.8344,0.0,8.07143,51.2921,0.0,0.0,-93.2529,97.5747,95.1803,47.1244,331.575,54.6082,308.509,288.86,52.0506,426.68,430.612,427.445,524.891,505.852,598.896,432.987,425.5,530.52,499.624,598.178,407.953,405.282,523.788,523.072,619.06,407.014,405.932,522.929,521.498,620.067,434.755,434.611,538.816,536.311,613.45,435.69,434.827,539.1030000000002,538.53,612.0840000000002,598.25,597.747,22.4298,405.244,1144.03
2020-11-22 07:10:00,97.1001,97.5885,97.7717,97.4054,81.105,81.5934,81.4103,81.2882,34.9512,35.1954,35.4396,35.1343,15.1099,14.9267,15.7814,15.1709,15.8425,14.6215,14.9878,15.4151,45.9585,20.9524,21.7338,35.2137,94.5055,131.624,93.138,74.4811,50,50,50,50,50.3358,50.1526,50.2747,50.2137,50,50,50,50,11.4469,11.2027,11.2637,11.8742,11.0195,11.569,11.0195,11.2637,11.8132,12.4847,12.4847,12.3626,54.4872,56.1355,55.7692,55.5861,25.4884,25.1832,25.4274,25.6105,43.6203,57.6618,43.315,42.8266,33.0586,33.3639,33.4249,30.4945,27.7473,27.6862,28.1746,27.9304,42.7656,42.9487,42.6435,42.5214,33.6081,33.4249,33.3639,33.7302,25.2442,24.8779,25.2442,25.4884,42.5214,42.5214,41.5446,42.4603,32.7534,32.7534,32.9976,32.2039,26.4652,25.7936,25.3053,30.0672,42.9487,44.3529,42.3382,42.4603,15.6593,15.232,30.9829,15.4762,15.3541,15.1099,38.9194,15.4151,16.0867,15.232,15.8425,15.4151,35.3175,35.5006,36.0501,35.6838,97.2222,98.0769,97.2222,98.138,50.4579,50.2747,50.8242,50.7631,50,50,50,50,50.3968,50.5189,50.3358,50.3968,5.7081800000000005,0.396825,1.31258,58.1502,40.4457,47.5885,43.4982,47.0391,36.5385,48.5653,2.77778,0.396825,1096.04,168.435,1436.85,0.0,1.0,1.0,1.0,1.0,0.0,0.07783949999999999,42.1627,42.4741,41.5919,42.4741,0.129731,15.4506,98.0738,93.6855,93.5359,98.1685,0.0,8.07143,50.4513,0.0,0.0,-96.511,97.5747,95.1803,48.6538,331.575,55.2432,307.886,288.86,52.0506,426.68,430.612,427.445,524.891,505.852,598.896,432.987,425.5,530.52,499.624,598.178,407.953,405.282,523.788,523.072,619.06,407.014,405.932,522.929,521.498,618.988,434.755,434.611,538.816,536.311,613.45,435.69,434.827,539.1030000000002,538.53,612.0840000000002,598.25,597.747,22.4298,404.715,1144.75
2020-11-22 07:10:05,97.1001,97.5885,97.7717,97.4054,81.105,81.5934,81.4103,81.2882,34.9512,35.1954,35.4396,34.5849,15.1099,14.9267,15.7814,15.1709,15.8425,14.6215,14.9878,15.4151,46.9353,20.9524,21.7338,34.2369,93.3333,131.624,94.2124,74.4811,50,50,50,50,50.3358,50.1526,50.2747,50.2137,50,50,50,50,11.4469,11.2027,11.2637,11.8742,11.0195,10.9585,11.0195,11.2637,11.8132,12.4847,12.4847,12.3626,54.4872,56.1355,55.7692,55.5861,25.4884,25.1832,24.8779,25.6105,43.6203,57.6618,43.315,42.8266,33.0586,33.3639,33.4249,29.9451,27.7473,27.6862,28.1746,27.9304,42.7656,42.9487,42.6435,41.9719,33.6081,33.4249,33.3639,33.7302,25.2442,24.8779,25.2442,25.4884,42.5214,42.5214,41.5446,42.4603,32.7534,32.7534,32.9976,32.2039,26.4652,25.7936,25.3053,30.0672,42.9487,44.3529,42.3382,42.4603,15.6593,15.232,30.9829,15.4762,15.3541,15.1099,38.9194,15.4151,16.0867,15.232,15.8425,15.4151,35.3175,35.5006,36.0501,35.6838,97.2222,98.0769,97.2222,98.138,50.4579,50.2747,50.8242,50.7631,50,50,50,50,50.3968,50.5189,50.3358,50.3968,5.7081800000000005,0.396825,1.31258,58.1502,40.4457,47.5885,43.4982,47.0391,36.5385,48.5653,2.77778,0.396825,1097.24,168.435,1440.81,0.0,1.0,1.0,1.0,1.0,0.0,0.07783949999999999,42.1627,42.4741,41.5919,42.4741,0.129731,15.4506,99.736,95.0246,93.5359,98.9398,0.0,8.07143,51.7413,0.0,0.0,-110.891,97.5747,95.1803,49.4712,332.944,55.8806,305.892,288.86,52.0506,426.68,430.612,427.445,524.891,505.852,597.891,432.987,425.5,530.52,499.624,598.178,407.953,405.282,523.788,523.072,618.053,407.014,405.932,522.929,521.498,618.988,434.755,434.611,538.816,536.311,613.45,435.69,434.827,539.1030000000002,538.53,612.0840000000002,597.242,597.747,22.4298,404.715,1145.26
2020-11-22 07:10:10,97.1001,97.5885,97.7717,99.7253,81.105,81.5934,81.4103,81.2882,34.9512,35.1954,34.5849,34.5849,15.1099,14.9267,15.7814,15.1709,15.8425,14.6215,14.9878,15.4151,46.9353,19.9756,23.4921,33.1624,93.3333,131.624,94.2124,75.6532,50,50,50,50,50.3358,50.1526,50.2747,50.2137,50,50,50,50,11.4469,11.2027,11.2637,11.8742,11.0195,10.9585,11.0195,11.2637,11.8132,12.4847,12.4847,12.3626,54.4872,56.1355,55.7692,55.5861,25.4884,25.1832,24.8779,25.6105,43.6203,57.6618,43.315,42.8266,33.0586,33.3639,33.4249,29.3956,27.7473,27.6862,28.1746,27.9304,42.7656,42.9487,42.6435,41.9719,33.6081,33.4249,33.3639,33.7302,25.2442,24.8779,25.2442,25.4884,42.5214,42.5214,41.5446,42.4603,32.7534,32.7534,32.9976,32.2039,26.4652,25.7936,25.3053,30.0672,42.9487,44.3529,42.3382,42.4603,15.6593,15.232,30.9829,15.4762,15.3541,15.1099,38.9194,15.4151,16.0867,15.232,15.8425,15.4151,35.3175,35.5006,36.0501,35.6838,97.2222,98.0769,97.2222,98.138,50.4579,50.2747,50.8242,50.7631,50,50,50,50,50.3968,50.5189,50.3358,50.3968,5.7081800000000005,0.396825,1.31258,58.1502,38.7973,47.5885,43.4982,47.0391,36.5385,48.5653,2.77778,0.396825,1098.43,168.435,1442.29,0.0,1.0,1.0,1.0,1.0,0.0,0.07783949999999999,42.1627,42.4741,41.5919,42.4741,0.129731,15.4506,99.9529,93.3648,92.2683,98.7411,0.0,8.07143,52.7453,0.0,0.0,-100.041,97.5747,95.1803,50.2451,332.34,55.7195,302.087,288.86,52.0506,426.68,430.612,427.445,524.891,505.852,597.891,432.987,425.5,530.52,499.624,598.178,407.953,405.282,523.788,523.072,618.053,407.014,405.932,522.929,521.498,618.988,434.755,434.611,537.814,536.311,613.45,435.69,434.827,539.1030000000002,538.53,612.0840000000002,597.242,597.747,22.4298,404.715,1145.79
2020-11-22 07:10:15,97.1001,97.5885,97.7717,98.9316,81.105,81.5934,81.4103,81.2882,34.9512,35.1954,34.0354,34.5849,15.1099,14.9267,15.7814,14.4994,15.8425,14.6215,14.9878,15.4151,47.9121,19.9756,23.4921,33.1624,94.8962,131.624,94.2124,75.6532,50,50,50,50,50.3358,50.1526,50.2747,50.2137,50,50,50,50,11.4469,11.2027,11.2637,11.8742,11.0195,10.9585,11.0195,11.2637,11.8132,12.4847,11.9353,12.3626,54.4872,56.1355,55.7692,55.5861,25.4884,25.1832,24.8779,25.6105,43.6203,57.6618,43.315,42.8266,33.0586,33.3639,33.4249,29.3956,27.7473,27.6862,28.1746,27.9304,42.7656,42.9487,42.6435,41.9719,33.6081,33.4249,33.3639,33.7302,25.2442,24.8779,25.2442,25.4884,42.5214,42.5214,41.5446,42.4603,32.7534,32.7534,32.9976,32.2039,26.4652,24.8779,25.3053,30.0672,42.9487,44.3529,42.3382,42.4603,15.6593,15.232,30.9829,15.4762,15.3541,15.1099,38.9194,15.4151,16.0867,15.232,15.8425,15.4151,35.3175,35.5006,36.0501,35.6838,97.2222,98.0769,97.2222,98.138,50.4579,50.2747,50.8242,50.7631,50,50,50,50,50.3968,50.5189,50.3358,50.3968,5.7081800000000005,0.396825,1.31258,58.1502,38.7973,47.5885,43.4982,47.0391,36.5385,48.5653,2.77778,0.396825,1098.33,168.435,1433.86,0.0,1.0,1.0,1.0,1.0,0.0,0.07783949999999999,42.1627,42.4741,41.5919,42.4741,0.129731,15.4506,97.6356,92.3374,93.0487,98.7411,0.0,8.07143,53.3184,0.0,0.0,-81.5689,97.5747,95.1803,52.8189,330.916,56.9883,299.405,288.86,52.0506,426.68,430.612,427.445,524.891,506.854,597.891,432.987,425.5,530.52,499.624,598.178,407.953,405.282,523.788,523.072,618.053,407.014,405.932,522.929,521.498,618.988,434.755,434.611,537.814,535.31,613.45,435.69,434.827,539.1030000000002,538.53,612.0840000000002,597.242,597.747,22.4298,405.244,1146.89
2020-11-22 07:10:20,97.1001,97.5885,97.7717,98.3822,81.105,81.5934,81.4103,81.2882,34.0965,34.4628,34.0354,34.5849,15.1099,14.9267,15.7814,15.9035,15.8425,14.6215,14.9878,15.4151,49.0842,19.9756,23.4921,34.1392,93.7241,131.624,94.2124,74.7741,50,50,50,50,50.3358,50.1526,50.2747,50.2137,50,50,50,50,11.4469,11.2027,11.2637,11.8742,11.0195,10.9585,11.0195,11.2637,11.8132,12.4847,11.9353,12.3626,54.4872,56.1355,55.7692,55.5861,25.4884,25.1832,24.8779,25.6105,43.6203,57.6618,43.315,42.8266,33.0586,33.3639,33.4249,35.3175,27.7473,27.6862,28.1746,27.9304,42.7656,42.9487,42.6435,41.9719,33.6081,33.4249,33.3639,33.7302,25.2442,24.8779,25.2442,25.4884,42.5214,42.5214,41.5446,42.4603,32.7534,32.7534,32.9976,32.2039,26.4652,25.6105,25.3053,30.0672,42.9487,44.3529,42.3382,42.4603,15.6593,15.232,30.9829,15.4762,15.3541,15.1099,38.9194,15.4151,16.0867,15.232,15.8425,15.4151,35.3175,35.5006,36.0501,35.6838,97.2222,98.0769,97.2222,98.138,50.4579,50.2747,50.8242,50.7631,50,50,50,50,50.3968,50.5189,50.3358,50.3968,5.7081800000000005,0.396825,1.31258,58.1502,38.7973,47.5885,43.4982,47.0391,36.5385,48.5653,2.77778,0.396825,1100.71,168.435,1430.66,0.0,1.0,1.0,1.0,1.0,0.0,0.07783949999999999,42.1627,42.4741,41.5919,42.4741,0.129731,15.4506,97.3233,91.7141,93.1061,98.2592,0.0,8.07143,52.54600000000001,0.0,0.0,-21.8796,97.5747,95.1803,53.9517,330.916,56.3573,298.362,288.86,52.0506,426.68,430.612,427.445,524.891,506.854,597.891,432.987,425.5,530.401,499.624,598.178,407.953,405.282,523.788,522.07,618.053,407.014,405.932,522.929,521.498,618.988,434.755,434.611,537.814,535.31,613.45,435.69,434.827,539.1030000000002,538.53,612.0840000000002,597.242,597.747,22.4298,404.715,1147.52
2020-11-22 07:10:25,97.1001,97.5885,97.7717,98.3822,81.105,81.5934,81.4103,81.2882,34.0965,34.4628,33.486,34.5849,15.1099,14.9267,15.7814,15.9035,15.8425,14.6215,14.9878,15.4151,48.2051,20.8547,23.4921,33.1624,92.7473,130.745,95.1893,74.7741,50,50,50,50,50.3358,50.1526,50.2747,50.2137,50,50,50,50,11.4469,11.2027,11.2637,11.8742,11.0195,10.9585,11.0195,11.2637,11.8132,12.4847,11.9353,12.3626,54.4872,56.1355,55.7692,55.5861,25.4884,25.1832,24.8779,25.6105,43.6203,57.6618,42.7656,42.8266,33.0586,33.3639,33.9744,35.3175,27.7473,27.6862,28.1746,27.9304,42.7656,42.9487,42.6435,41.3614,33.6081,33.4249,33.3639,33.7302,25.2442,24.8779,25.2442,25.4884,42.5214,42.5214,41.5446,42.4603,32.7534,32.7534,32.9976,32.2039,26.4652,25.6105,25.3053,30.0672,42.9487,44.3529,42.3382,42.4603,15.6593,15.232,30.9829,15.4762,15.3541,15.1099,38.9194,15.4151,16.0867,15.232,15.8425,15.4151,35.3175,35.5006,36.0501,35.6838,97.2222,98.0769,97.2222,98.138,50.4579,50.2747,50.8242,50.7631,50,50,50,50,50.3968,50.5189,50.3358,50.3968,5.7081800000000005,0.396825,1.31258,58.1502,38.7973,47.5885,43.4982,47.0391,36.5385,48.5653,2.77778,0.396825,1103.15,168.435,1435.71,0.0,1.0,1.0,1.0,1.0,0.0,0.07783949999999999,42.1627,42.4741,41.5919,42.4741,0.129731,14.8479,98.9252,90.5308,94.3405,98.2592,0.0,8.17033,50.0619,0.0,0.0,-2.59898,97.5747,95.1803,54.5181,330.916,55.0842,298.905,288.86,52.0506,426.68,430.612,427.445,524.891,506.854,597.891,432.987,425.5,530.401,499.624,598.178,407.953,405.282,522.786,522.07,618.053,407.014,405.932,522.929,521.498,618.988,434.755,434.611,537.814,535.31,612.444,435.69,434.827,539.1030000000002,538.53,612.0840000000002,597.242,597.747,22.4298,405.244,1148.09
2020-11-22 07:10:30,97.1001,97.5885,97.7717,98.3822,81.105,81.5934,80.6777,81.2882,34.0965,34.4628,33.486,34.0354,15.1099,14.9267,15.7814,15.9035,15.8425,14.6215,14.9878,15.4151,48.2051,19.8779,22.6129,33.1624,91.6728,129.67,95.1893,73.6996,50,50,50,50,50.3358,50.1526,50.2747,50.2137,50,50,50,50,11.4469,11.2027,11.2637,11.8742,11.0195,10.9585,11.0195,11.2637,11.8132,12.4847,11.9353,12.3626,54.4872,56.1355,55.7692,55.5861,25.4884,25.1832,24.8779,25.6105,43.6203,57.6618,42.7656,42.8266,33.0586,33.3639,33.9744,35.3175,27.7473,27.6862,28.1746,27.9304,42.7656,42.9487,42.6435,41.3614,33.6081,33.4249,33.3639,33.7302,25.2442,24.8779,25.2442,25.4884,42.5214,41.9719,41.5446,42.4603,32.7534,32.7534,32.9976,32.2039,26.4652,25.6105,25.3053,30.0672,42.9487,44.3529,42.3382,42.4603,15.6593,15.232,30.9829,15.4762,15.3541,15.1099,38.9194,15.4151,16.0867,15.232,15.8425,15.4151,35.3175,35.5006,36.0501,35.6838,97.2222,98.0769,97.2222,98.138,50.4579,50.2747,50.8242,50.7631,50,50,50,50,50.3968,50.5189,50.3358,50.3968,5.7081800000000005,0.396825,1.31258,58.1502,38.7973,47.5885,43.4982,47.0391,36.5385,48.5653,2.77778,0.396825,1100.72,168.435,1431.23,0.0,1.0,1.0,1.0,1.0,0.0,0.07783949999999999,42.1627,42.4741,41.5919,42.4741,0.129731,14.8479,97.2114,89.223,93.0819,98.2592,0.0,8.17033,52.7242,0.0,0.0,-3.4609300000000003,97.5747,95.1803,55.2541,329.5490000000001,56.092,299.427,288.86,52.0506,426.68,430.612,427.445,524.891,506.854,597.891,432.987,425.5,530.401,500.674,598.178,407.953,405.282,522.786,522.07,618.053,407.014,405.932,522.929,521.498,618.988,434.755,434.611,537.814,535.31,612.444,435.69,434.827,539.1030000000002,538.53,612.0840000000002,597.242,597.747,22.4298,404.715,1148.66
2020-11-22 07:10:35,97.1001,97.5885,97.7717,98.3822,78.9072,81.5934,79.7009,80.4335,34.0965,34.4628,33.486,34.0354,15.1099,14.9267,15.7814,15.9035,15.8425,14.6215,14.9878,15.4151,47.326,19.8779,22.6129,33.1624,90.696,129.67,94.3101,74.5788,50,50,50,50,50.3358,50.1526,50.2747,50.2137,50,50,50,50,11.4469,11.2027,11.2637,11.8742,11.0195,10.9585,11.0195,11.2637,11.8132,12.4847,11.9353,12.3626,54.4872,56.1355,55.7692,55.5861,25.4884,25.1832,24.8779,25.6105,43.6203,57.6618,42.2161,42.8266,33.0586,33.3639,32.8144,35.3175,27.7473,27.6862,28.1746,27.9304,42.2161,42.9487,42.6435,41.9719,33.6081,33.4249,33.3639,33.7302,25.2442,24.8779,25.2442,25.4884,42.5214,41.9719,41.5446,42.4603,32.7534,32.7534,32.9976,32.2039,26.4652,24.3895,25.3053,30.0672,42.9487,44.3529,42.3382,42.4603,15.6593,15.232,30.9829,15.4762,15.3541,15.1099,38.9194,15.4151,16.0867,15.232,15.8425,15.4151,35.3175,35.5006,36.0501,35.6838,97.2222,98.0769,97.2222,98.138,50.4579,50.2747,50.8242,50.7631,50,50,50,50,50.3968,50.5189,50.3358,50.3968,5.7081800000000005,0.396825,1.31258,58.1502,38.7973,47.5885,43.4982,47.0391,36.5385,48.5653,2.77778,0.396825,1101.96,168.435,1436.14,0.0,1.0,1.0,1.0,1.0,0.0,0.07783949999999999,42.1627,42.4741,41.5919,42.4741,0.129731,14.8479,97.0301,91.7864,94.432,97.5016,0.0,8.17033,52.3068,0.0,0.0,-0.173424,97.5747,95.1803,54.5238,331.079,53.8666,303.186,288.86,52.0506,426.68,430.612,427.445,524.891,506.854,597.891,432.987,425.5,530.401,500.674,598.178,407.953,405.282,522.786,522.07,618.053,407.014,405.932,522.929,521.498,618.988,434.755,434.611,537.814,535.31,612.444,435.69,434.827,539.1030000000002,537.528,612.0840000000002,597.242,597.747,22.4298,405.244,1149.2
2020-11-22 07:10:40,97.1001,97.5885,97.7717,97.8327,78.9072,81.5934,79.7009,80.4335,34.0965,34.4628,32.9365,34.0354,15.1099,14.9267,15.7814,15.9035,15.8425,14.6215,14.9878,15.4151,48.2051,19.8779,22.6129,34.0415,92.0635,128.498,94.3101,73.6996,50,50,50,50,50.3358,50.1526,50.2747,50.2137,50,50,50,50,11.4469,11.2027,11.2637,11.8742,11.0195,10.9585,11.0195,11.2637,11.8132,12.4847,11.9353,12.3626,54.4872,56.1355,55.7692,55.5861,25.4884,25.1832,24.8779,25.6105,43.6203,57.6618,42.2161,42.8266,33.0586,33.3639,32.8144,35.3175,27.7473,27.6862,28.1746,27.9304,42.2161,42.9487,42.6435,41.9719,33.6081,33.4249,33.3639,33.7302,25.2442,24.8779,25.2442,25.4884,42.5214,41.9719,41.5446,42.4603,32.7534,32.7534,32.9976,32.2039,26.4652,25.4884,25.3053,30.0672,42.9487,44.3529,42.3382,42.4603,15.6593,15.232,30.9829,15.4762,15.3541,15.1099,38.9194,15.4151,16.0867,15.232,15.8425,15.4151,35.3175,35.5006,36.0501,35.6838,97.2222,98.0769,97.2222,98.138,50.4579,50.2747,50.8242,50.7631,50,50,50,50,50.3968,50.5189,50.3358,50.3968,5.7081800000000005,0.396825,1.31258,58.1502,38.7973,47.5885,43.4982,47.0391,36.5385,48.5653,2.77778,0.396825,1100.78,168.435,1424.12,0.0,1.0,1.0,1.0,1.0,0.0,0.07783949999999999,42.1627,42.4741,41.5919,42.4741,0.129731,14.8479,97.274,92.2198,93.6708,98.3253,0.0,8.17033,52.1697,0.0,0.0,5.4009,97.5747,95.1803,55.1963,331.079,55.2964,304.785,288.86,52.0506,426.68,430.612,427.445,524.891,506.854,597.891,432.987,425.5,530.401,500.674,598.178,407.953,405.282,522.786,522.07,618.053,407.014,405.932,522.929,521.498,618.988,434.755,434.611,537.814,535.31,612.444,435.69,434.827,539.1030000000002,537.528,612.0840000000002,597.242,597.747,22.4298,405.244,1149.77
2020-11-22 07:10:45,97.1001,97.5885,97.7717,97.8327,78.9072,79.3956,79.1514,80.4335,34.0965,34.4628,32.9365,33.486,15.1099,14.9267,15.7814,15.9035,15.8425,14.6215,14.9878,15.4151,49.1819,18.9011,22.6129,34.0415,92.0635,129.866,94.3101,73.6996,50,50,50,50,50.3358,50.1526,50.2747,50.2137,50,50,50,50,11.4469,11.2027,11.2637,11.8742,11.0195,10.9585,11.0195,11.2637,11.8132,12.4847,11.9353,12.3626,54.4872,56.1355,55.7692,55.5861,25.4884,25.1832,25.4274,25.6105,43.6203,57.6618,43.1929,42.8266,33.0586,33.3639,32.8144,34.5238,27.7473,27.6862,28.1746,27.9304,42.2161,42.9487,42.6435,41.9719,33.6081,33.4249,33.3639,33.7302,25.2442,24.8779,25.2442,25.4884,42.5214,41.9719,41.5446,42.4603,32.7534,32.7534,32.9976,32.2039,26.4652,25.4884,25.3053,30.0672,42.9487,44.3529,42.3382,42.4603,15.6593,15.232,30.9829,15.4762,15.3541,15.1099,38.9194,15.4151,16.0867,15.232,15.8425,15.4151,35.3175,35.5006,36.0501,35.6838,97.2222,98.0769,97.2222,98.138,50.4579,50.2747,50.8242,50.7631,50,50,50,50,50.3968,50.5189,50.3358,50.3968,5.7081800000000005,0.396825,1.31258,58.1502,38.7973,47.5885,43.4982,47.0391,36.5385,48.5653,2.77778,0.396825,1100.78,168.435,1426.89,0.0,1.0,1.0,1.0,1.0,0.0,0.07783949999999999,42.1627,42.4741,41.5919,42.4741,0.129731,14.8479,97.643,90.9175,93.6708,99.3206,0.0,8.17033,51.6728,0.0,0.0,6.13086,97.5747,95.1803,55.8686,331.898,56.2546,306.388,288.86,52.0506,426.68,430.612,427.445,524.891,507.903,596.886,432.987,425.5,530.401,500.674,598.178,407.953,405.282,522.786,522.07,617.0459999999998,407.014,405.932,522.929,521.498,618.988,434.755,434.611,537.814,535.31,612.444,435.69,434.827,539.1030000000002,537.528,612.0840000000002,596.212,597.747,22.4298,404.715,1149.77
2020-11-22 07:10:50,97.1001,97.5885,97.7717,97.8327,78.9072,79.3956,79.1514,79.5177,34.0965,34.4628,32.9365,33.486,15.1099,14.9267,15.7814,15.9035,15.8425,14.6215,14.9878,15.4151,49.1819,18.9011,22.6129,34.9206,92.0635,130.745,91.1844,73.6996,50,50,50,50,50.3358,50.1526,50.2747,50.2137,50,50,50,50,11.4469,11.2027,11.2637,11.8742,10.4701,10.9585,11.0195,11.2637,11.8132,12.4847,11.9353,12.3626,54.4872,56.1355,55.7692,55.5861,25.4884,25.1832,25.4274,25.6105,43.6203,57.6618,43.1929,42.8266,33.0586,33.3639,32.8144,34.5238,27.7473,27.6862,28.1746,27.9304,42.2161,42.9487,42.6435,41.9719,33.6081,33.4249,33.3639,33.7302,25.2442,24.8779,25.2442,25.4884,42.5214,41.9719,41.5446,42.4603,32.7534,32.7534,32.9976,32.2039,26.4652,25.4884,25.3053,30.0672,42.9487,43.4982,42.3382,42.4603,15.6593,15.232,30.9829,15.4762,15.3541,15.1099,38.9194,15.4151,16.0867,15.232,15.8425,15.4151,35.3175,35.5006,36.0501,35.6838,97.2222,98.0769,97.2222,98.138,50.4579,50.2747,50.8242,50.7631,50,50,50,50,50.3968,50.5189,50.3358,50.3968,5.7081800000000005,0.396825,1.31258,58.1502,38.7973,47.5885,43.4982,47.0391,36.5385,47.1001,2.77778,0.396825,1104.33,168.435,1425.91,0.0,1.0,1.0,1.0,1.0,0.0,0.07783949999999999,42.1627,42.4741,41.5919,42.4741,0.129731,14.8479,97.4404,90.5783,93.7171,99.5528,0.0,8.17033,49.2222,0.0,0.0,7.4100100000000015,97.5747,95.1803,55.8686,333.708,56.8877,306.388,288.86,52.0506,426.68,430.612,427.445,524.891,507.903,596.886,432.987,425.5,530.401,500.674,598.178,407.953,405.282,522.786,522.07,617.0459999999998,407.014,405.932,522.929,521.498,618.988,434.755,434.611,537.814,535.31,612.444,435.69,434.827,538.101,537.528,612.0840000000002,596.212,597.747,22.4298,405.772,1150.38
2020-11-22 07:10:55,97.1001,97.5885,97.7717,97.8327,78.9072,79.3956,79.1514,79.5177,34.0965,34.4628,34.707,33.486,15.1099,14.9267,15.7814,15.9035,15.8425,14.6215,14.9878,15.4151,49.1819,18.9011,22.6129,32.2833,93.138,130.745,91.1844,73.6996,50,50,50,50,50.3358,50.1526,50.2747,50.2137,50,50,50,50,11.4469,11.2027,11.2637,11.8742,10.4701,10.9585,11.0195,11.2637,11.8132,12.4847,11.9353,12.3626,54.4872,56.1355,55.7692,55.5861,25.4884,24.6337,25.4274,25.6105,43.6203,57.6618,43.1929,42.8266,33.0586,33.3639,32.8144,34.5238,27.7473,27.6862,28.1746,27.9304,42.2161,42.9487,42.6435,41.9719,33.6081,33.4249,33.3639,33.7302,25.2442,24.8779,25.2442,25.4884,42.5214,41.9719,41.5446,42.4603,32.7534,32.7534,32.9976,32.2039,25.6716,24.7558,25.3053,30.0672,42.9487,43.4982,42.3382,42.4603,15.6593,15.232,30.9829,15.4762,15.3541,15.1099,38.9194,15.4151,16.0867,15.232,15.8425,15.4151,35.3175,35.5006,36.0501,35.6838,97.2222,98.0769,97.2222,98.138,50.4579,50.2747,50.8242,50.7631,50,50,50,50,50.3968,50.5189,50.3358,50.3968,5.7081800000000005,0.396825,1.31258,58.1502,38.7973,47.5885,43.4982,45.6349,36.5385,47.1001,2.77778,0.396825,1103.15,168.435,1428.66,0.0,1.0,1.0,1.0,1.0,0.0,0.07783949999999999,42.1627,42.4741,41.5919,42.4741,0.129731,14.8479,97.1954,92.6937,93.7171,98.931,0.0,8.17033,49.7525,0.0,0.0,7.44525,97.5747,95.1803,57.3855,337.485,57.6708,306.388,288.86,52.0506,426.68,429.604,427.445,524.891,507.903,596.886,432.987,425.5,530.401,500.674,598.178,407.953,405.282,522.786,522.07,617.0459999999998,407.014,405.932,522.929,520.496,618.988,434.755,434.611,537.814,535.31,612.444,435.69,434.827,538.101,537.528,612.0840000000002,596.212,597.747,22.4298,405.772,1150.97
2020-11-22 07:11:00,97.1001,97.5885,97.7717,97.8327,78.9072,79.3956,79.1514,79.5177,34.0965,34.4628,34.707,33.486,15.1099,14.9267,15.7814,15.9035,15.8425,14.6215,14.9878,15.4151,49.1819,18.9011,22.6129,30.9158,93.138,130.64700000000002,93.431,74.5788,50,50,50,50,50.3358,50.1526,50.2747,50.2137,50,50,50,50,11.4469,11.2027,11.2637,11.8742,10.4701,10.9585,11.0195,11.2637,11.8132,12.4847,11.9353,12.3626,54.4872,56.1355,55.7692,55.5861,25.4884,24.6337,25.4274,25.6105,43.6203,57.6618,43.1929,42.8266,33.0586,33.3639,32.8144,33.9744,27.7473,27.6862,28.1746,27.9304,42.2161,42.9487,42.6435,41.9719,33.6081,33.4249,33.3639,33.7302,25.2442,24.8779,25.2442,25.4884,42.5214,41.9719,41.5446,42.4603,32.7534,32.7534,32.9976,32.2039,25.6716,25.7936,25.3053,29.5177,42.9487,43.4982,42.3382,42.4603,15.6593,15.232,30.9829,15.4762,15.3541,15.1099,38.9194,15.4151,16.0867,15.232,15.8425,15.4151,35.3175,35.5006,36.0501,35.6838,97.2222,98.0769,97.2222,98.138,50.4579,50.2747,50.8242,50.7631,50,50,50,50,50.3968,50.5189,50.3358,50.3968,5.7081800000000005,0.396825,1.31258,58.1502,38.7973,47.5885,43.4982,45.6349,36.5385,47.1001,2.77778,0.396825,1107.88,168.435,1428.97,0.0,1.0,1.0,1.0,1.0,0.0,0.07783949999999999,42.1627,42.007,41.5919,42.007,0.129731,14.8479,98.3379,93.0072,93.7171,97.3789,0.0,8.17033,51.9663,0.0,0.0,-19.5036,97.5747,95.1803,58.0059,344.1040000000001,57.6708,308.519,288.86,52.0506,426.68,429.604,427.445,524.891,507.903,596.886,431.979,425.5,530.401,500.674,598.178,407.953,405.282,522.786,522.07,617.0459999999998,407.014,405.932,521.927,520.496,618.988,434.755,434.611,537.814,535.31,612.444,435.69,434.827,538.101,537.528,612.0840000000002,596.212,597.747,22.4298,405.244,1151.52
2020-11-22 07:11:05,97.1001,97.5885,97.7717,97.2833,77.3199,79.3956,78.4799,78.7851,34.0965,34.4628,33.486,33.486,15.1099,14.9267,15.7814,15.9035,15.8425,14.6215,14.9878,15.4151,49.1819,18.9011,23.4921,30.9158,94.0171,129.084,93.431,74.5788,50,50,50,50,50.3358,50.1526,50.2747,50.2137,50,50,50,50,11.4469,11.2027,11.2637,11.8742,10.8974,10.9585,11.0195,11.2637,11.8132,12.4847,11.9353,12.3626,54.4872,56.1355,55.7692,55.5861,25.4884,24.6337,25.4274,25.6105,43.6203,57.6618,43.1929,42.8266,33.0586,33.3639,32.8144,33.4249,27.7473,27.6862,28.1746,27.9304,42.2161,42.9487,42.6435,41.9719,33.6081,33.4249,33.3639,33.7302,25.2442,24.8779,25.2442,25.4884,42.5214,41.9719,41.5446,42.4603,32.7534,32.7534,32.9976,32.2039,25.6716,25.7936,25.3053,29.5177,42.9487,43.4982,42.3382,42.4603,15.6593,15.232,30.9829,15.4762,15.3541,15.1099,38.9194,15.4151,16.0867,15.232,15.8425,15.4151,35.3175,35.5006,36.0501,35.6838,97.2222,98.0769,97.2222,98.138,50.4579,50.2747,50.8242,50.7631,50,50,50,50,50.3968,50.5189,50.3358,50.3968,5.7081800000000005,0.396825,1.31258,58.1502,38.7973,47.5885,43.4982,45.6349,38.1258,47.1001,2.77778,0.396825,1100.78,167.925,1423.51,0.0,1.0,1.0,1.0,1.0,0.0,0.07783949999999999,42.1627,42.007,41.5919,42.007,0.129731,15.4506,97.308,91.6156,92.7425,97.9896,0.0,8.17033,47.5672,0.0,0.0,-17.6657,97.5747,95.1803,58.0059,347.527,57.6708,309.898,288.86,52.0506,426.68,429.604,427.445,524.891,507.903,596.886,431.979,425.5,530.544,500.674,598.178,407.953,405.282,522.786,522.07,617.0459999999998,407.014,405.932,521.927,520.496,618.988,434.755,434.611,536.812,535.31,612.444,435.69,434.827,538.101,537.528,612.0840000000002,596.212,597.747,22.4298,405.244,1152.07
2020-11-22 07:11:10,97.1001,97.5885,97.7717,97.2833,77.3199,79.3956,76.5873,78.7851,34.0965,34.4628,33.486,32.9365,15.1099,14.9267,15.7814,15.9035,15.8425,14.6215,14.9878,15.4151,49.1819,18.9011,23.4921,30.9158,93.0403,128.205,95.9707,74.5788,50,50,50,50,50.3358,50.1526,50.2747,50.2137,50,50,50,50,11.4469,11.2027,11.2637,11.8742,10.8974,10.9585,11.0195,11.2637,11.8132,12.4847,11.9353,11.8132,54.4872,56.1355,55.7692,55.5861,25.4884,24.6337,25.4274,25.6105,43.6203,57.6618,43.1929,42.8266,33.0586,33.3639,32.8144,33.4249,27.7473,27.6862,28.1746,27.9304,43.0708,42.9487,42.6435,41.9719,33.6081,33.4249,32.8144,33.7302,25.2442,24.8779,25.2442,25.4884,42.5214,41.9719,41.5446,42.4603,32.7534,32.7534,32.9976,32.2039,25.6716,25.7936,25.3053,29.5177,42.9487,43.4982,42.3382,42.4603,15.6593,15.232,30.9829,15.4762,15.3541,15.1099,38.9194,15.4151,16.0867,15.232,15.8425,15.4151,35.3175,35.5006,36.0501,35.6838,97.2222,98.0769,97.2222,98.138,50.4579,50.2747,50.8242,50.7631,50,50,50,50,50.3968,50.5189,50.3358,50.3968,5.7081800000000005,0.396825,1.31258,58.1502,38.7973,47.5885,43.4982,45.6349,38.1258,47.1001,2.77778,0.396825,1097.21,167.925,1430.06,0.0,1.0,1.0,1.0,1.0,0.0,0.07783949999999999,42.1627,42.007,41.5919,42.007,0.129731,15.4506,98.7275,92.3588,93.8904,97.9896,0.0,8.17033,47.4247,0.0,0.0,-2.75498,97.5747,95.1803,60.2268,347.527,57.1077,310.985,288.86,52.0506,426.68,429.604,427.445,524.891,507.903,596.886,431.979,425.5,530.544,500.674,598.178,407.953,405.282,522.786,522.07,617.0459999999998,407.014,405.932,521.927,520.496,618.988,434.755,434.611,536.812,534.308,612.444,435.69,434.827,538.101,537.528,612.0840000000002,596.212,597.747,22.4298,405.244,1152.07
2020-11-22 07:11:15,97.1001,97.5885,97.7717,97.2833,77.3199,79.3956,75.9768,77.7473,34.0965,34.4628,33.486,32.9365,15.1099,14.9267,15.7814,15.3541,15.8425,14.6215,14.9878,15.4151,50.0611,19.9756,23.4921,31.7949,91.9658,128.205,95.9707,75.6532,50,50,50,50,50.3358,50.1526,50.2747,50.2137,50,50,50,50,11.4469,11.2027,11.2637,11.8742,10.8974,10.9585,11.0195,11.2637,11.8132,12.4847,11.9353,11.8132,54.4872,56.1355,55.7692,55.5861,25.4884,24.6337,25.4274,25.6105,43.6203,57.6618,43.1929,42.8266,33.0586,33.3639,32.8144,32.8144,27.7473,27.6862,28.1746,27.9304,43.0708,42.9487,42.6435,41.9719,33.6081,33.4249,32.8144,33.7302,25.2442,24.8779,25.2442,25.4884,42.5214,41.9719,41.5446,42.4603,32.7534,32.7534,32.9976,32.2039,25.6716,24.7558,25.3053,29.5177,42.9487,43.4982,42.3382,42.4603,15.6593,15.232,30.9829,15.4762,15.3541,15.1099,38.9194,15.4151,16.0867,15.232,15.8425,15.4151,35.3175,35.5006,36.0501,35.6838,97.2222,98.0769,97.2222,98.138,50.4579,50.2747,50.8242,50.7631,50,50,50,50,50.3968,50.5189,50.3358,50.3968,5.7081800000000005,0.396825,1.31258,58.1502,38.7973,47.5885,43.4982,45.6349,38.1258,47.1001,2.77778,0.396825,1093.63,167.925,1422.95,0.0,1.0,1.0,1.0,1.0,0.0,0.07783949999999999,42.1627,42.007,41.5919,42.007,0.129731,15.4506,99.3351,91.7558,93.8904,98.7358,0.0,8.17033,49.199,0.0,0.0,-16.3279,97.5747,95.1803,61.4393,349.4290000000001,56.5609,313.51,288.86,52.0506,426.68,429.604,427.445,524.891,507.903,596.886,431.979,425.5,530.544,500.674,598.178,407.953,405.282,522.786,522.07,617.0459999999998,407.014,405.932,521.927,520.496,618.988,434.755,434.611,536.812,534.308,611.437,435.69,434.827,538.101,537.528,612.0840000000002,596.212,597.747,22.4298,405.244,1150.81
2020-11-22 07:11:20,97.1001,97.5885,97.7717,97.2833,77.3199,76.4042,75.9768,77.7473,34.0965,34.4628,33.486,32.9365,15.1099,14.9267,15.7814,15.7814,15.8425,14.6215,14.9878,15.4151,50.0611,19.9756,22.6129,30.9158,91.9658,129.475,94.7985,75.6532,50,50,50,50,50.3358,50.1526,50.2747,50.2137,50,50,50,50,11.4469,11.2027,11.2637,11.8742,10.8974,10.9585,11.0195,11.2637,11.8132,12.4847,11.9353,11.8132,54.4872,56.1355,55.7692,55.5861,25.4884,24.6337,25.4274,25.6105,43.6203,57.6618,43.1929,42.8266,33.0586,33.3639,32.8144,32.8144,27.7473,27.6862,28.1746,27.9304,43.0708,42.9487,42.6435,41.9719,33.6081,33.4249,32.8144,33.7302,25.2442,24.8779,25.2442,25.4884,42.5214,41.9719,41.5446,42.4603,32.7534,32.7534,32.9976,32.2039,25.6716,25.4274,25.3053,29.5177,42.9487,43.4982,42.3382,42.4603,15.6593,15.232,30.9829,15.4762,15.3541,15.1099,38.9194,14.8657,16.0867,15.232,15.8425,15.4151,35.3175,35.5006,36.0501,35.6838,97.2222,98.0769,97.2222,98.138,50.4579,50.2747,50.8242,50.7631,50,50,50,50,50.3968,50.5189,50.3358,50.3968,5.7081800000000005,0.396825,1.31258,56.6239,38.7973,47.5885,43.4982,45.6349,38.1258,47.1001,2.77778,0.396825,1095.99,167.925,1419.08,0.0,1.0,1.0,1.0,1.0,0.0,0.07783949999999999,42.1627,42.007,41.5919,42.007,0.129731,15.4506,98.8854,91.0796,93.2832,98.1111,0.0,8.17033,47.8703,0.0,0.0,-27.0827,97.5747,95.1803,60.9392,351.672,57.3958,315.99,288.86,52.0506,426.68,429.604,427.445,524.891,507.903,596.886,431.979,425.5,530.688,500.674,598.178,407.953,405.282,522.786,522.07,617.0459999999998,407.014,405.932,521.927,520.496,618.988,434.755,434.611,536.812,534.308,611.437,435.69,434.827,538.101,537.528,611.078,596.212,597.747,22.4298,404.715,1150.22
2020-11-22 07:11:25,97.1001,97.5885,97.7717,97.2833,75.9768,76.4042,75.9768,77.1978,34.0965,34.4628,32.9365,32.9365,15.1099,14.9267,15.7814,15.7814,15.8425,14.6215,14.9878,15.4151,50.9402,19.9756,22.6129,31.8926,92.9426,130.549,94.7985,74.6764,50,50,50,50,50.3358,50.1526,50.2747,50.2137,50,50,50,50,11.4469,11.2027,11.2637,11.8742,11.4469,11.5079,11.0195,11.2637,11.8132,12.4847,11.9353,11.8132,54.4872,56.1355,55.7692,55.5861,25.4884,24.6337,25.4274,25.6105,43.6203,57.6618,43.1929,42.8266,33.0586,33.3639,32.8144,32.265,27.7473,27.6862,27.6252,27.9304,43.0708,42.9487,42.6435,41.9719,33.6081,33.4249,32.8144,33.7302,25.2442,24.8779,25.2442,25.4884,42.5214,41.9719,41.5446,42.4603,32.7534,32.7534,32.9976,32.2039,25.6716,25.4274,25.3053,29.5177,42.9487,43.4982,42.3382,42.4603,15.6593,15.232,30.9829,15.4762,15.3541,15.1099,38.9194,14.8657,16.0867,15.232,15.8425,15.4151,35.3175,35.5006,36.0501,35.6838,97.2222,98.0769,97.2222,98.138,50.4579,50.2747,50.8242,50.7631,50,50,50,50,50.3968,50.5189,50.3358,50.3968,5.7081800000000005,0.396825,1.31258,56.6239,38.7973,47.5885,43.4982,45.6349,38.1258,47.1001,2.77778,0.396825,1099.64,167.925,1418.94,0.0,1.0,1.0,1.0,1.0,0.0,0.07783949999999999,42.1627,42.007,41.5919,42.007,0.129731,15.4506,97.9367,89.5737,92.8539,98.0431,0.0,8.17033,50.6096,0.0,0.0,-25.9474,97.5747,95.1803,60.9392,352.356,55.3985,317.652,288.86,52.0506,426.68,429.604,427.445,524.891,507.903,596.886,431.979,425.5,530.688,500.674,598.178,407.953,405.282,522.786,522.07,617.0459999999998,407.014,405.932,521.927,520.496,617.981,434.755,434.611,536.812,534.308,611.437,435.69,434.827,538.101,537.528,611.078,596.212,597.747,22.4298,405.244,1149.71
2020-11-22 07:11:30,97.1001,97.5885,97.7717,97.2833,75.4274,76.4042,75.9768,77.1978,34.0965,34.4628,32.9365,32.9365,15.1099,14.9267,15.7814,15.7814,15.8425,14.6215,14.9878,15.4151,50.9402,19.9756,22.6129,32.7717,91.9658,129.67,94.7985,74.6764,50,50,50,50,50.3358,50.1526,50.2747,50.2137,50,50,50,50,11.4469,11.2027,11.2637,11.8742,11.4469,11.5079,11.0195,11.2637,11.8132,12.4847,11.9353,11.8132,54.4872,56.1355,55.7692,55.5861,25.4884,24.6337,25.4274,25.6105,43.6203,57.6618,43.1929,42.8266,33.0586,33.3639,32.265,32.265,27.7473,27.6862,27.6252,27.381,43.0708,42.9487,42.6435,41.9719,33.6081,33.4249,32.8144,33.7302,25.2442,24.8779,25.2442,25.4884,42.5214,41.9719,41.5446,42.4603,32.7534,32.7534,32.9976,32.2039,25.6716,25.4274,25.3053,29.5177,42.9487,43.4982,42.3382,42.4603,15.6593,15.232,30.9829,15.4762,15.3541,15.1099,38.9194,14.8657,16.0867,15.232,15.8425,15.4151,35.3175,35.5006,36.0501,35.6838,97.2222,98.0769,97.2222,98.138,50.4579,50.2747,50.8242,50.7631,50,50,50,50,50.3968,50.5189,50.3358,50.3968,5.7081800000000005,0.396825,1.31258,56.6239,38.7973,47.5885,43.4982,45.6349,38.1258,47.1001,2.77778,0.396825,1098.45,167.925,1425.71,0.0,1.0,1.0,1.0,1.0,0.0,0.07783949999999999,42.1627,42.007,41.5919,42.007,0.129731,15.4506,96.3677,92.1075,92.1745,98.651,0.0,8.17033,47.0355,0.0,0.0,-42.9871,97.5747,95.1803,61.4695,350.019,56.029,317.004,288.86,52.0506,426.68,429.604,427.445,524.891,507.903,596.886,431.979,425.5,530.688,501.676,598.178,407.953,405.282,522.786,522.07,616.039,407.014,405.932,521.927,520.496,617.981,434.755,434.611,536.812,534.308,611.437,435.69,434.827,538.101,537.528,611.078,596.212,597.747,22.4298,405.244,1149.71
2020-11-22 07:11:35,97.1001,97.5885,97.7717,97.2833,75.4274,76.4042,75.9768,76.5873,34.0965,34.4628,32.9365,32.9365,15.1099,14.9267,15.7814,15.7814,15.8425,14.6215,14.9878,15.4151,49.5726,19.9756,22.6129,33.8461,91.9658,130.745,92.6496,74.6764,50,50,50,50,50.3358,50.1526,50.2747,50.2137,50,50,50,50,11.4469,11.2027,11.2637,11.8742,11.4469,10.8974,11.0195,11.2637,11.8132,12.4847,11.9353,11.8132,54.4872,56.1355,55.7692,55.5861,25.4884,24.6337,25.4274,25.6105,43.6203,57.6618,43.1929,42.8266,33.0586,33.3639,32.265,31.4713,27.7473,27.6862,27.6252,27.381,43.0708,42.9487,42.6435,41.9719,33.6081,33.4249,32.8144,33.7302,25.2442,24.8779,25.2442,25.4884,42.5214,41.9719,41.5446,42.4603,32.7534,32.7534,32.9976,32.2039,25.6716,24.0232,25.3053,29.5177,42.9487,43.4982,42.3382,42.4603,15.6593,15.232,30.9829,15.4762,15.3541,15.1099,38.9194,14.8657,16.0867,15.232,15.8425,15.4151,35.3175,35.5006,36.0501,35.6838,97.2222,98.0769,97.2222,98.138,50.4579,50.2747,50.8242,50.7631,50,50,50,50,50.3968,50.5189,50.3358,50.3968,5.7081800000000005,0.396825,1.31258,56.6239,38.7973,47.5885,43.4982,45.6349,38.1258,47.1001,2.77778,0.396825,1099.56,167.925,1419.13,0.0,1.0,1.0,1.0,1.0,0.0,0.07783949999999999,42.1627,42.007,41.5919,42.007,0.129731,15.4506,97.6332,90.0125,92.8464,97.8565,0.0,8.17033,50.4475,0.0,0.0,-44.6542,97.5747,95.1803,62.022,348.6090000000001,57.2423,314.4120000000001,288.86,52.0506,426.68,429.604,427.445,524.891,508.905,596.886,431.979,425.5,530.688,501.676,598.178,407.953,405.282,522.786,522.07,616.039,407.014,405.932,521.927,520.496,617.981,434.755,434.611,536.812,534.308,611.437,435.69,434.827,538.101,537.528,611.078,596.212,597.747,22.4298,405.244,1149.19
2020-11-22 07:11:40,97.1001,97.5885,97.7717,97.2833,75.4274,76.4042,75.9768,76.5873,34.0965,34.4628,32.9365,32.9365,15.1099,14.9267,15.7814,15.7814,15.8425,14.6215,14.9878,15.4151,49.5726,19.9756,22.6129,33.8461,91.9658,129.768,91.4774,74.6764,50,50,50,50,50.3358,50.1526,50.2747,50.2137,50,50,50,50,11.4469,11.2027,11.2637,11.8742,11.4469,10.8974,11.0195,11.2637,11.8132,12.4847,11.9353,11.8132,54.4872,56.1355,55.7692,55.5861,25.4884,24.6337,25.4274,25.6105,43.6203,57.6618,43.1929,42.8266,33.0586,33.3639,32.265,31.4713,27.7473,27.6862,27.6252,27.381,43.0708,42.9487,42.6435,41.9719,33.6081,33.4249,32.8144,33.7302,25.2442,24.8779,25.2442,25.4884,42.5214,41.9719,41.5446,42.4603,32.7534,32.7534,32.9976,32.2039,25.6716,25.8547,25.3053,29.5177,42.9487,43.4982,42.3382,42.4603,15.6593,15.232,30.9829,15.4762,15.3541,15.1099,38.9194,14.8657,16.0867,15.232,15.8425,15.4151,35.3175,35.5006,36.0501,35.6838,97.2222,98.0769,97.2222,98.138,50.4579,50.2747,50.8242,50.7631,50,50,50,50,50.3968,50.5189,50.3358,50.3968,5.7081800000000005,0.396825,1.31258,56.6239,38.7973,47.5885,43.4982,45.6349,38.1258,47.1001,2.77778,0.396825,1100.72,167.925,1426.09,0.0,1.0,1.0,1.0,1.0,0.0,0.07783949999999999,42.1627,42.007,41.5919,42.007,0.129731,15.4506,97.896,90.3764,92.8464,97.8565,0.0,8.17033,49.2657,0.0,0.0,-19.7702,97.5747,95.1803,62.7281,348.6090000000001,55.557,314.4120000000001,288.86,52.0506,426.68,429.604,426.437,524.891,508.905,596.886,431.979,424.492,530.688,501.676,598.178,407.953,405.282,522.786,522.07,616.039,407.014,405.932,521.927,520.496,617.981,434.755,434.611,536.812,534.308,611.437,435.69,434.827,538.101,537.528,611.078,596.212,597.747,22.4298,404.186,1149.19
2020-11-22 07:11:45,97.1001,97.5885,97.7717,97.2833,75.4274,76.4042,75.9768,76.5873,34.0965,34.4628,35.1343,32.9365,15.1099,14.9267,15.7814,15.7814,15.8425,14.6215,14.9878,15.4151,49.5726,19.0965,22.6129,34.1392,91.9658,129.768,90.3053,74.6764,50,50,50,50,50.3358,50.1526,50.2747,50.2137,50,50,50,50,11.4469,11.2027,11.2637,11.8742,11.4469,10.8974,11.0195,11.8132,11.8132,12.4847,11.9353,11.8132,54.4872,56.1355,55.2198,55.5861,25.4884,24.6337,25.4274,25.6105,43.6203,57.6618,42.4603,42.8266,33.0586,33.3639,32.265,31.4713,27.7473,27.6862,27.6252,27.381,43.0708,42.9487,42.6435,41.9719,33.6081,33.4249,32.8144,33.7302,25.2442,24.8779,25.2442,25.4884,42.5214,41.9719,41.5446,42.4603,32.7534,32.7534,32.9976,32.2039,25.6716,25.8547,25.3053,29.5177,42.9487,43.4982,42.3382,42.4603,15.6593,15.232,30.9829,15.4762,15.3541,15.1099,38.9194,14.8657,16.0867,15.232,15.8425,15.4151,35.3175,35.5006,36.0501,35.6838,97.2222,98.0769,97.2222,98.138,50.4579,50.2747,50.8242,50.7631,50,50,50,50,50.3968,50.5189,50.3358,50.3968,5.7081800000000005,0.396825,1.31258,57.4786,38.7973,47.5885,43.4982,45.6349,38.1258,47.1001,2.77778,0.396825,1101.9,167.925,1424.82,0.0,1.0,1.0,1.0,1.0,0.0,0.07783949999999999,42.1627,42.007,41.5919,42.007,0.129731,15.4506,98.6899,91.9384,92.8464,97.8565,0.0,8.17033,49.7163,0.0,0.0,-5.03081,97.5747,95.1803,63.282,347.283,55.557,316.964,288.86,52.0506,426.68,429.604,426.437,524.891,508.905,596.886,431.979,424.492,530.544,501.676,598.178,407.953,405.282,522.786,522.07,616.039,407.014,405.932,521.927,520.496,617.981,434.755,434.611,536.812,534.308,611.437,435.69,434.827,538.101,537.528,611.078,596.212,597.747,22.4298,404.715,1149.19
2020-11-22 07:11:50,97.1001,97.5885,97.7717,99.7253,75.4274,76.4042,75.9768,76.5873,34.0965,34.4628,35.1343,32.9365,15.1099,14.9267,15.7814,15.7814,15.8425,14.6215,14.9878,15.4151,50.4518,19.0965,23.4921,33.0647,93.0403,129.768,90.3053,72.8205,50,50,50,50,50.3358,50.1526,50.2747,50.2137,50,50,50,50,11.4469,11.2027,11.2637,11.8742,11.4469,10.8974,11.0195,11.2027,11.8132,12.4847,11.9353,11.8132,54.4872,56.1355,55.2198,55.5861,25.4884,24.6337,25.4274,25.6105,43.6203,57.6618,41.8498,42.8266,33.0586,33.3639,32.265,30.9219,27.7473,27.6862,27.6252,27.381,43.0708,42.9487,42.6435,41.9719,33.6081,33.4249,32.8144,33.7302,25.2442,24.8779,25.2442,25.4884,42.5214,41.9719,41.5446,42.4603,32.7534,32.7534,32.9976,32.2039,25.6716,25.8547,25.3053,29.5177,42.9487,43.4982,42.3382,42.4603,15.6593,15.232,30.9829,15.4762,15.3541,15.1099,38.9194,14.8657,16.0867,15.232,15.8425,15.4151,35.3175,35.5006,36.0501,35.6838,97.2222,98.0769,97.2222,98.138,50.4579,50.2747,50.8242,50.7631,50,50,50,50,50.3968,50.5189,50.3358,50.3968,5.7081800000000005,0.396825,1.31258,57.4786,38.7973,47.5885,43.4982,45.6349,38.1258,47.1001,2.77778,0.396825,1100.72,167.925,1422.51,0.0,1.0,1.0,1.0,1.0,0.0,0.07783949999999999,42.1627,42.007,41.5919,42.007,0.129731,15.4506,97.9694,90.6634,92.8062,97.4505,0.0,8.17033,49.3355,0.0,0.0,-1.74816,97.5747,95.1803,63.9002,347.223,56.0872,318.098,288.86,51.0476,426.68,429.604,426.437,524.891,508.905,596.886,430.972,424.492,530.544,501.676,598.178,407.953,405.282,522.786,522.07,616.039,407.014,405.932,521.927,520.496,617.981,434.755,434.611,536.812,534.308,611.437,435.69,434.827,538.101,536.526,611.078,596.212,597.747,22.4298,405.244,1149.19
2020-11-22 07:11:55,97.1001,97.5885,97.7717,99.0537,75.4274,76.4042,75.9768,76.0379,34.0965,34.4628,33.4249,32.9365,15.1099,14.9267,15.7814,15.7814,15.8425,14.6215,14.9878,15.4151,50.4518,19.0965,23.4921,33.0647,94.8962,129.768,91.1844,73.7973,50,50,50,50,50.3358,50.1526,50.2747,50.2137,50,50,50,50,11.4469,11.2027,11.2637,11.8742,11.4469,10.8974,11.0195,11.2027,11.8132,12.4847,11.9353,11.8132,54.4872,56.1355,55.2198,55.5861,25.4884,24.6337,25.4274,25.6105,43.6203,57.6618,43.1929,42.8266,33.0586,33.3639,32.265,30.9219,27.7473,27.6862,27.6252,27.381,43.0708,42.9487,42.6435,41.9719,33.6081,33.4249,32.8144,33.7302,25.2442,24.8779,25.2442,25.4884,42.5214,41.9719,41.5446,42.4603,32.7534,32.7534,32.9976,32.2039,25.6716,24.4506,25.3053,29.5177,42.9487,43.4982,41.7888,42.4603,15.6593,15.232,30.9829,15.4762,15.3541,15.1099,38.9194,14.8657,16.0867,15.232,15.8425,15.4151,35.3175,35.5006,36.0501,35.6838,97.2222,98.0769,97.2222,98.138,50.4579,50.2747,50.8242,50.7631,50,50,50,50,50.3968,50.5189,50.3358,50.3968,5.7081800000000005,0.396825,1.31258,57.4786,38.7973,47.5885,43.4982,45.6349,38.1258,47.1001,2.77778,0.396825,1106.72,167.925,1418.68,0.0,1.0,1.0,1.0,1.0,0.0,0.07783949999999999,42.1627,42.007,41.5919,42.007,0.129731,15.4506,96.4394,90.0021,92.664,98.6033,0.0,8.17033,48.6486,0.0,0.0,-4.892519999999998,97.5747,95.1803,64.4369,348.332,54.6587,316.137,288.86,51.0476,426.68,429.604,426.437,524.891,508.905,596.886,430.972,424.492,530.401,501.676,598.178,407.953,405.282,522.786,521.068,616.039,407.014,405.932,521.927,520.496,617.981,434.755,434.611,536.812,534.308,611.437,435.69,434.827,538.101,536.526,611.078,596.212,597.747,22.4298,404.186,1149.19
2020-11-22 07:12:00,97.1001,97.5885,97.7717,99.0537,75.4274,76.4042,75.9768,76.0379,34.0965,34.4628,32.8755,32.9365,15.1099,14.9267,15.7814,15.7814,15.8425,14.6215,14.9878,15.4151,50.4518,19.0965,23.4921,34.0415,93.9194,128.889,92.0635,73.7973,50,50,50,50,50.3358,50.1526,50.2747,50.2137,50,50,50,50,11.4469,11.2027,11.2637,11.8742,11.4469,10.8974,11.0195,11.2027,11.8132,12.4847,11.9353,11.8132,54.4872,56.1355,55.2198,55.5861,25.4884,24.6337,25.4274,25.6105,43.6203,57.6618,43.1929,42.8266,33.0586,33.3639,32.265,30.3724,27.7473,27.6862,27.6252,27.381,43.0708,42.9487,42.6435,41.9719,33.6081,33.4249,32.8144,33.7302,25.2442,24.8779,25.2442,25.4884,42.5214,41.9719,41.5446,42.4603,32.7534,32.7534,32.9976,32.2039,25.6716,25.4884,25.3053,29.5177,42.9487,43.4982,41.7888,42.4603,15.6593,15.232,30.9829,15.4762,15.3541,15.1099,38.9194,14.8657,16.0867,15.232,15.8425,15.4151,35.3175,35.5006,36.0501,35.6838,97.2222,98.0769,97.2222,98.138,50.4579,50.2747,50.8242,50.7631,50,50,50,50,50.3968,50.5189,50.3358,50.3968,5.7081800000000005,0.396825,1.31258,57.4786,38.7973,47.5885,43.4982,45.6349,38.1258,47.1001,2.77778,0.396825,1104.24,167.925,1422.74,0.0,1.0,1.0,1.0,1.0,0.0,0.07783949999999999,42.1627,42.007,41.5919,42.007,0.129731,15.4506,98.139,88.9038,93.9575,97.284,0.0,8.17033,50.403,0.0,0.0,-17.5989,97.5747,95.1803,64.4369,347.079,57.7389,312.178,288.86,51.0476,426.68,428.596,426.437,524.891,508.905,596.886,430.972,424.492,530.258,501.676,598.178,406.942,405.282,521.784,521.068,616.039,407.014,405.932,521.927,520.496,617.981,434.755,434.611,536.812,534.308,611.437,435.69,434.827,538.101,536.526,611.078,596.212,597.747,22.4298,404.715,1149.82
2020-11-22 07:12:05,97.1001,97.5885,97.7717,99.0537,75.4274,76.4042,75.9768,75.4274,34.0965,34.4628,32.8755,32.9365,15.1099,14.9267,15.7814,15.7814,15.8425,14.6215,14.9878,15.4151,49.475,19.9756,22.6129,35.0183,93.9194,128.889,92.0635,73.7973,50,50,50,50,50.3358,50.1526,50.2747,50.2137,50,50,50,50,11.4469,11.2027,11.2637,11.8742,11.4469,10.8974,11.0195,11.2027,11.8132,12.4847,11.9353,11.8132,54.4872,56.1355,55.2198,55.5861,25.4884,24.6337,25.4274,25.6105,43.6203,57.6618,43.1929,42.8266,33.0586,33.3639,32.265,29.823,27.7473,27.6862,27.6252,27.381,43.0708,42.9487,42.6435,41.9719,33.6081,33.4249,32.8144,33.7302,25.2442,24.8779,25.2442,25.4884,42.5214,41.9719,41.5446,42.4603,32.7534,32.7534,32.9976,32.2039,25.6716,25.4884,25.3053,29.5177,42.9487,43.4982,41.7888,42.4603,15.6593,15.232,30.9829,15.4762,15.3541,15.1099,38.9194,14.8657,16.0867,15.232,15.8425,15.4151,35.3175,35.5006,36.0501,35.6838,97.2222,98.0769,97.2222,98.138,50.4579,50.2747,50.8242,50.7631,50,50,50,50,50.3968,50.5189,50.3358,50.3968,5.7081800000000005,0.396825,1.31258,57.4786,38.7973,47.5885,43.4982,45.6349,38.1258,47.1001,2.77778,0.396825,1101.87,167.925,1416.45,0.0,1.0,1.0,1.0,1.0,0.0,0.07783949999999999,42.1627,42.007,41.5919,42.007,0.129731,15.4506,97.2263,90.4878,92.2877,98.7618,0.0,8.17033,50.1462,0.0,0.0,0.924243,97.5747,95.1803,64.4369,350.249,57.1529,309.183,288.86,51.0476,426.68,428.596,426.437,524.891,508.905,596.886,430.972,424.492,530.258,501.676,598.178,406.942,405.282,521.784,521.068,616.039,407.014,405.932,521.927,520.496,617.981,434.755,434.611,536.812,534.308,611.437,435.69,434.827,537.099,536.526,611.078,596.212,597.747,22.4298,404.715,1150.39
2020-11-22 07:12:10,97.1001,97.5885,97.7717,99.0537,75.4274,76.4042,75.9768,75.4274,34.0965,34.4628,32.8755,32.9365,15.1099,14.9267,15.7814,15.7814,15.8425,14.6215,14.9878,15.4151,49.475,19.0965,22.6129,35.0183,92.9426,128.01,93.138,73.7973,50,50,50,50,50.3358,50.1526,50.2747,50.2137,50,50,50,50,11.4469,11.2027,11.2637,11.8742,11.4469,10.8974,11.0195,11.2027,11.8132,12.4847,11.9353,11.8132,54.4872,56.1355,55.2198,55.5861,25.4884,24.6337,25.4274,25.6105,43.6203,57.6618,43.1929,42.8266,33.0586,33.3639,32.265,30.9829,27.7473,27.6862,27.6252,27.381,42.5214,42.9487,42.6435,41.9719,33.6081,33.4249,32.8144,33.7302,25.2442,24.8779,25.2442,25.4884,42.5214,41.9719,41.5446,42.4603,32.7534,32.7534,32.9976,32.2039,25.6716,25.4884,25.3053,29.5177,42.9487,43.4982,41.7888,42.4603,15.6593,15.232,30.9829,15.4762,15.3541,15.1099,38.9194,14.8657,16.0867,15.232,15.8425,15.4151,35.3175,35.5006,36.0501,35.6838,97.2222,98.0769,97.2222,98.138,50.4579,50.2747,50.8242,50.7631,50,50,50,50,50.3968,50.5189,50.3358,50.3968,5.7081800000000005,0.396825,1.31258,57.4786,38.7973,47.5885,43.4982,45.6349,38.1258,47.1001,2.77778,0.396825,1097.12,167.925,1419.03,0.0,1.0,1.0,1.0,1.0,0.0,0.07783949999999999,42.1627,42.007,41.5919,42.007,0.129731,15.4506,98.8202,90.2441,92.4007,98.252,0.0,8.17033,46.2145,0.0,0.0,0.43603,97.5747,95.1803,62.7034,355.656,57.1529,309.767,288.86,51.0476,426.68,428.596,426.437,524.891,508.905,596.886,430.972,424.492,530.091,501.676,598.178,406.942,404.271,521.784,521.068,616.039,407.014,405.932,521.927,520.496,617.981,434.755,434.611,535.81,534.308,611.437,435.69,434.827,537.099,536.526,611.078,596.212,597.747,22.4298,404.715,1150.39
2020-11-22 07:12:15,97.1001,97.5885,97.7717,99.0537,75.4274,76.4042,74.8779,75.4274,34.0965,34.4628,32.326,32.9365,15.1099,14.9267,15.7814,15.7814,15.8425,14.6215,14.9878,15.4151,50.3541,19.0965,21.5385,35.0183,93.8217,129.377,96.3614,73.7973,50,50,50,50,50.3358,50.1526,50.2747,50.2137,50,50,50,50,11.4469,11.2027,11.2637,11.8742,11.4469,10.8974,11.0195,11.2027,11.8132,12.4847,12.4847,11.8132,54.4872,56.1355,55.2198,55.5861,25.4884,24.6337,24.8779,25.6105,43.6203,57.6618,43.1929,42.8266,33.0586,33.3639,32.265,34.2796,27.7473,27.6862,27.6252,27.381,42.5214,42.9487,42.6435,41.9719,33.6081,33.4249,32.8144,33.7302,25.2442,24.8779,25.2442,25.4884,42.5214,41.9719,41.5446,42.4603,32.7534,32.7534,32.9976,32.2039,25.6716,25.4884,25.3053,29.5177,42.9487,43.4982,41.7888,42.4603,15.6593,15.232,30.9829,15.4762,15.3541,15.1099,38.9194,14.8657,16.0867,15.232,15.8425,15.4151,35.3175,35.5006,36.0501,35.6838,97.2222,98.0769,97.2222,98.138,50.4579,50.2747,50.8242,50.7631,50,50,50,50,50.3968,50.5189,50.3358,50.3968,5.7081800000000005,0.396825,1.31258,57.4786,38.7973,47.5885,43.4982,45.6349,38.1258,47.1001,2.77778,0.396825,1099.5,167.925,1415.8,0.0,1.0,1.0,1.0,1.0,0.0,0.07783949999999999,42.1627,42.007,41.5919,42.007,0.129731,15.4506,95.5687,90.2441,93.0125,98.4781,0.0,8.17033,47.0104,0.0,0.0,-3.20479,97.5747,95.1803,62.022,357.48,58.5353,310.3540000000001,288.86,51.0476,426.68,428.596,426.437,524.891,508.905,596.886,430.972,424.492,529.948,501.676,598.178,406.942,404.271,521.784,521.068,616.039,407.014,405.932,521.927,520.496,617.981,434.755,434.611,535.81,534.308,611.437,435.69,434.827,537.099,536.526,611.078,596.212,597.747,22.4298,404.715,1149.79
2020-11-22 07:12:20,97.1001,97.5885,97.7717,99.0537,74.3895,76.4042,74.2674,75.4274,34.0965,34.4628,32.326,32.9365,15.1099,14.9267,15.7814,15.7814,15.8425,14.6215,14.9878,15.4151,50.3541,19.0965,21.5385,35.0183,92.8449,128.107,96.3614,73.7973,50,50,50,50,50.3358,50.1526,50.2747,50.2137,50,50,50,50,11.4469,11.2027,11.2637,11.8742,11.4469,10.8974,11.0195,11.2027,11.8132,12.4847,12.4847,11.8132,54.4872,56.1355,55.2198,55.5861,25.4884,24.6337,25.6105,25.6105,43.6203,57.6618,43.1929,42.8266,33.0586,33.3639,32.265,34.2796,27.7473,27.6862,27.6252,27.381,42.5214,42.9487,42.6435,41.9719,33.6081,33.4249,32.8144,33.7302,25.2442,24.8779,25.2442,25.4884,42.5214,41.9719,41.5446,42.4603,32.7534,32.7534,32.9976,32.2039,25.6716,25.4884,25.3053,29.5177,42.9487,43.4982,41.7888,42.4603,15.6593,15.232,30.9829,15.4762,15.3541,15.1099,38.9194,14.8657,16.0867,15.232,15.8425,15.4151,35.3175,35.5006,36.0501,35.6838,97.2222,98.0769,97.2222,98.138,50.4579,50.2747,50.8242,50.7631,50,50,50,50,50.3968,50.5189,50.3358,50.3968,5.7081800000000005,0.396825,1.31258,57.4786,38.7973,47.5885,43.4982,45.6349,38.1258,47.1001,2.77778,0.396825,1100.69,167.925,1418.68,0.0,1.0,1.0,1.0,1.0,0.0,0.07783949999999999,42.1627,42.007,41.5919,42.007,0.129731,15.4506,96.7329,87.3915,93.0125,96.4517,0.0,8.07143,47.5922,0.0,0.0,-13.8326,97.5747,95.1803,61.2203,357.48,57.208,309.018,288.86,51.0476,426.68,428.596,426.437,524.891,508.905,596.886,430.972,424.492,529.948,502.67800000000005,598.178,406.942,404.271,521.784,521.068,615.0319999999998,406.004,405.932,521.927,520.496,616.974,434.755,434.611,535.81,533.306,611.437,435.69,434.827,537.099,536.526,611.078,596.212,597.747,22.4298,405.244,1149.25
2020-11-22 07:12:25,97.1001,97.5885,97.7717,99.0537,74.3895,73.1685,74.2674,74.5727,34.0965,34.4628,34.768,32.9365,15.1099,14.9267,15.7814,15.0488,15.8425,14.6215,14.9878,15.4151,51.5262,19.9756,21.5385,35.0183,92.8449,126.935,94.8962,74.8718,52,52,52,52,50.3358,50.1526,50.2747,50.2137,50,50,50,50,11.4469,11.2027,11.2637,11.8742,10.8974,10.8974,11.0195,11.2027,11.8132,12.4847,12.4847,11.8132,54.4872,56.1355,55.2198,55.5861,25.4884,24.6337,25.6105,25.6105,43.6203,57.6618,43.1929,42.8266,33.0586,33.3639,32.265,34.2796,27.7473,27.6862,27.6252,27.381,42.5214,42.9487,42.094,41.9719,33.6081,33.4249,32.8144,33.7302,25.2442,24.8779,25.2442,25.4884,42.5214,41.9719,41.5446,42.4603,32.7534,32.7534,32.9976,32.2039,25.6716,25.4884,25.3053,29.5177,42.9487,43.4982,41.7888,42.4603,15.6593,15.232,30.9829,15.4762,15.3541,15.1099,38.9194,14.8657,16.0867,15.232,15.8425,15.4151,35.3175,35.5006,36.0501,35.6838,97.2222,98.0769,97.2222,98.138,50.4579,50.2747,50.8242,50.7631,50,50,50,50,50.3968,50.5189,50.3358,50.3968,5.7081800000000005,0.396825,1.31258,57.4786,38.7973,47.5885,43.4982,45.6349,38.1258,47.1001,2.77778,0.396825,1103.03,167.925,1412.06,0.0,1.0,1.0,1.0,1.0,0.0,0.07783949999999999,42.1627,42.007,41.5919,42.007,0.129731,15.4506,97.471,87.5245,91.9278,98.3408,0.0,8.07143,47.6775,0.0,0.0,-21.9981,97.5747,95.1803,61.2203,355.102,56.2003,309.018,288.86,51.0476,426.68,428.596,426.437,524.891,508.905,596.886,430.972,424.492,529.805,502.67800000000005,597.149,406.942,404.271,521.784,521.068,615.0319999999998,406.004,405.932,521.927,520.496,616.974,434.755,434.611,535.81,533.306,611.437,435.69,434.827,537.099,536.526,611.078,596.212,596.7180000000002,22.4298,405.244,1149.25
2020-11-22 07:12:30,97.1001,97.5885,97.7717,99.0537,73.7179,73.1685,74.2674,74.5727,34.0965,34.4628,34.768,32.9365,15.1099,14.9267,15.7814,15.0488,15.8425,14.6215,14.9878,15.4151,50.3541,19.9756,22.4176,33.0647,93.7241,126.935,94.8962,75.8486,55,55,55,55,54.9756,54.7924,55.2198,54.9756,55,55,55,55,11.4469,11.2027,11.2637,11.8742,10.8974,10.8974,11.0195,11.2027,11.8132,12.4847,12.4847,11.8132,54.4872,56.1355,55.2198,55.5861,25.4884,24.6337,25.6105,25.6105,43.6203,57.6618,43.1929,42.8266,33.0586,33.3639,32.265,34.2796,27.7473,27.6862,27.6252,27.381,42.5214,42.9487,42.094,41.9719,33.6081,33.4249,32.8144,33.7302,25.2442,24.8779,25.2442,25.4884,42.5214,41.9719,41.5446,42.4603,32.7534,32.7534,32.9976,32.2039,25.6716,24.8779,25.3053,29.5177,42.9487,43.4982,41.7888,42.4603,15.6593,15.232,30.9829,15.4762,15.3541,15.1099,38.9194,14.8657,16.0867,15.232,15.8425,15.4151,35.3175,35.5006,36.0501,35.6838,97.2222,98.0769,97.2222,98.138,53.6935,53.083,53.083,52.0452,50,50,50,50,50.3968,50.5189,50.3358,50.3968,5.7081800000000005,0.396825,1.31258,57.4786,38.7973,48.3822,41.4835,45.6349,38.1258,47.1001,2.77778,0.396825,1100.66,167.925,1416.41,0.0,1.0,1.0,1.0,1.0,0.0,0.07783949999999999,42.1627,42.007,41.5919,42.007,0.129731,16.0974,97.471,89.7979,91.8765,98.3408,0.0,8.07143,48.3512,0.0,0.0,-15.4146,97.5747,95.1803,62.3624,351.676,55.5102,310.192,288.86,51.0476,426.68,428.596,426.437,524.891,508.905,596.886,430.972,424.492,529.805,502.67800000000005,597.149,406.942,404.271,521.784,521.068,615.0319999999998,406.004,405.932,521.927,520.496,616.974,434.755,434.611,535.81,533.306,610.431,435.69,434.827,537.099,536.526,611.078,596.212,596.7180000000002,22.4298,405.244,1148.72
2020-11-22 07:12:35,97.1001,97.5885,97.7717,98.5043,73.1685,73.1685,74.2674,73.84,34.0965,34.4628,34.768,32.9365,15.1099,14.9267,15.7814,15.4151,15.8425,14.6215,14.9878,15.4151,49.2796,19.9756,23.2967,31.8926,92.2588,128.107,94.0171,75.8486,55,55,55,55,54.9756,54.7924,55.2198,54.9756,55,55,55,55,11.4469,11.2027,11.2637,11.8742,10.8974,10.8974,11.0195,11.2027,11.8132,12.4847,12.4847,11.8132,54.4872,56.1355,55.2198,55.5861,25.4884,24.6337,25.6105,25.6105,43.6203,57.6618,43.1929,42.8266,33.0586,33.3639,32.265,34.2796,27.7473,27.6862,27.6252,27.381,42.5214,42.9487,42.094,41.9719,33.6081,33.4249,32.8144,33.7302,25.2442,24.8779,25.2442,25.4884,42.5214,41.9719,41.5446,42.4603,32.7534,32.7534,32.9976,32.2039,25.6716,25.5495,25.3053,29.5177,42.9487,43.4982,41.7888,42.4603,15.6593,15.232,30.9829,15.4762,15.3541,15.1099,38.9194,14.8657,16.0867,15.232,15.8425,15.4151,35.3175,35.5006,36.0501,35.6838,97.2222,98.0769,97.2222,98.138,55.4029,54.8535,56.4408,55.7082,54,54,54,54,54.0598,53.9988,53.6325,54.6703,5.7081800000000005,0.396825,1.31258,57.4786,38.7973,48.3822,41.4835,45.6349,38.1258,47.1001,2.77778,0.396825,1099.47,167.925,1419.87,0.0,1.0,1.0,1.0,1.0,0.0,0.07783949999999999,42.1627,42.007,41.5919,42.007,0.129731,16.0974,98.8342,89.3903,92.7811,98.3408,0.0,8.07143,48.139,0.0,0.0,-36.5993,97.5747,95.1803,63.5161,347.116,57.2183,312.9840000000001,288.86,51.0476,426.68,428.596,426.437,524.891,508.905,596.886,430.972,423.46,529.6619999999998,502.67800000000005,597.149,406.942,404.271,521.784,521.068,615.0319999999998,406.004,404.921,521.927,520.496,616.974,434.755,434.611,535.81,533.306,610.431,435.69,434.827,537.099,536.526,611.078,596.212,596.7180000000002,22.4298,405.772,1148.72
2020-11-22 07:12:40,97.1001,97.5885,97.7717,98.5043,73.1685,73.1685,74.2674,73.84,34.0965,34.4628,32.9365,32.9365,15.1099,14.9267,15.7814,15.4151,15.8425,14.6215,14.9878,15.4151,49.2796,20.8547,23.2967,31.0134,91.3797,128.107,94.0171,74.9695,55,55,55,55,54.9756,54.7924,55.2198,54.9756,55,55,55,55,11.4469,11.2027,11.2637,11.8742,10.8974,10.8974,11.0195,11.2027,11.8132,12.4847,11.9353,11.8132,54.4872,56.1355,55.2198,55.5861,25.4884,24.6337,25.6105,25.6105,43.6203,57.6618,43.1929,42.8266,33.0586,33.3639,32.265,34.2796,27.7473,27.6862,27.6252,27.381,42.5214,42.9487,42.094,41.9719,33.6081,33.4249,32.8144,33.7302,25.2442,24.8779,25.2442,25.4884,42.5214,41.9719,40.9951,42.4603,32.7534,32.7534,32.9976,32.2039,25.6716,25.5495,25.3053,29.5177,42.9487,43.4982,42.3382,42.4603,15.6593,15.232,30.9829,15.4762,15.3541,15.1099,38.9194,14.8657,16.0867,15.232,15.8425,15.4151,35.3175,35.5006,36.0501,35.6838,97.2222,98.0769,97.2222,98.138,55.4029,54.8535,55.7082,55.7082,54,54,54,54,54.6093,53.9988,54.3651,54.6703,5.7081800000000005,0.396825,1.31258,57.4786,38.7973,48.3822,41.4835,45.6349,38.1258,47.1001,2.77778,0.396825,1097.14,167.925,1412.89,0.0,1.0,1.0,1.0,1.0,0.0,0.07783949999999999,42.1627,42.007,41.5919,42.007,0.129731,15.4359,97.5061,90.4043,93.685,98.3408,0.0,8.07143,44.9366,0.0,0.0,-66.6427,97.5747,95.1803,64.0744,345.336,57.0068,315.65,288.86,51.0476,426.68,428.596,426.437,524.891,508.905,596.886,430.972,423.46,529.6619999999998,502.67800000000005,597.149,406.942,404.271,521.784,521.068,615.0319999999998,406.004,404.921,521.927,519.494,616.974,434.755,434.611,535.81,533.306,610.431,435.69,434.827,537.099,536.526,611.078,596.212,596.7180000000002,22.2589,404.715,1148.08
2020-11-22 07:12:45,97.1001,97.5885,97.7717,98.5043,73.1685,73.1685,74.2674,73.84,34.0965,34.4628,32.9365,32.9365,15.1099,14.9267,15.7814,15.9646,15.8425,14.6215,14.9878,15.4151,49.2796,20.8547,23.2967,33.2601,90.5006,129.28,94.0171,74.9695,55,55,55,55,54.9756,54.7924,55.2198,54.9756,55,55,55,55,11.4469,11.2027,11.2637,11.8742,10.8974,10.8974,11.0195,11.2027,11.8132,12.4847,11.9353,11.8132,54.4872,56.1355,55.2198,55.5861,25.4884,24.6337,25.6105,25.6105,43.6203,57.6618,43.1929,42.8266,33.0586,33.3639,32.265,34.2796,27.7473,27.6862,27.6252,27.381,42.5214,42.1551,42.094,41.9719,33.6081,33.4249,32.8144,33.7302,25.2442,24.8779,25.2442,25.4884,42.5214,41.9719,40.9951,42.4603,32.7534,32.7534,32.9976,32.2039,25.6716,25.5495,25.3053,29.5177,42.9487,43.4982,42.3382,42.4603,15.6593,15.232,30.9829,15.4762,15.3541,15.1099,38.9194,14.8657,16.0867,15.232,15.8425,15.4151,35.3175,35.5006,36.0501,35.6838,97.2222,98.0769,97.2222,98.138,55.4029,54.8535,55.7082,55.7082,55,55,55,55,55.464,55.2198,55.2808,55.2198,5.7081800000000005,0.396825,1.31258,57.4786,38.7973,48.3822,41.4835,45.6349,38.1258,47.1001,2.77778,0.396825,1094.76,167.925,1422.32,0.0,1.0,1.0,1.0,1.0,0.0,0.07783949999999999,42.1627,42.007,41.5919,42.007,0.129731,15.4359,97.8425,89.5812,92.6525,97.56,0.0,8.07143,46.8444,0.0,0.0,-55.7752,97.5747,95.1803,62.615,347.176,56.1513,316.6620000000001,288.86,51.0476,426.68,428.596,425.404,524.891,508.905,596.886,429.94,423.46,529.6619999999998,502.67800000000005,597.149,406.942,404.271,521.784,521.068,615.0319999999998,406.004,404.921,520.925,519.494,616.974,434.755,434.611,535.81,533.306,610.431,435.69,434.827,537.099,536.526,611.078,596.212,596.7180000000002,22.2589,405.244,1146.84
2020-11-22 07:12:50,97.1001,97.5885,97.7717,98.5043,73.1685,73.1685,74.2674,73.84,34.0965,34.4628,32.9365,32.9365,15.1099,14.9267,15.7814,15.9646,15.8425,14.6215,14.9878,15.4151,49.2796,19.6825,23.2967,33.2601,90.5006,128.205,95.0916,73.9927,57,57,57,57,57.4176,56.8071,57.6007,56.9902,56,56,56,56,11.4469,11.2027,11.2637,11.8742,10.348,10.8974,11.0195,11.2027,11.8132,12.4847,11.9353,11.8132,54.4872,56.1355,55.2198,55.5861,25.4884,24.6337,25.6105,25.6105,43.6203,57.6618,43.1929,42.8266,33.0586,33.3639,32.265,34.2796,27.7473,27.6862,27.6252,27.381,42.5214,42.1551,42.094,41.9719,33.6081,33.4249,32.8144,33.7302,25.2442,24.8779,25.2442,25.4884,42.5214,41.9719,40.9951,42.4603,32.7534,32.7534,32.9976,32.2039,25.6716,25.2442,25.3053,29.5177,42.9487,43.4982,42.3382,42.4603,15.6593,15.232,30.9829,15.4762,15.3541,15.1099,38.9194,14.8657,16.0867,15.232,15.8425,15.4151,35.3175,35.5006,36.0501,35.6838,97.2222,98.0769,97.2222,98.138,56.8681,55.9524,56.5018,56.9292,55,55,55,55,55.464,55.2198,55.2808,55.2198,5.7081800000000005,0.396825,1.31258,57.4786,38.7973,48.3822,41.4835,45.6349,38.1258,47.1001,2.77778,0.396825,1095.84,167.925,1418.82,0.0,1.0,1.0,1.0,1.0,0.0,0.07783949999999999,42.1627,42.007,41.5919,42.007,0.129731,15.4359,96.6091,86.5393,91.2612,97.56,0.0,7.97253,45.182,0.0,0.0,-55.2927,97.5747,95.1803,60.6957,347.865,55.6688,317.935,288.86,51.0476,426.68,428.596,425.404,524.891,508.905,596.886,429.94,423.46,529.518,503.68,597.149,406.942,404.271,521.784,521.068,615.0319999999998,406.004,404.921,520.925,519.494,616.974,434.755,434.611,535.81,533.306,610.431,435.69,434.827,537.099,536.526,611.078,596.212,596.7180000000002,22.2589,404.715,1146.21
2020-11-22 07:12:55,97.1001,97.5885,97.7717,98.5043,73.1685,73.1685,74.2674,73.84,34.0965,34.4628,32.3871,32.9365,15.1099,14.9267,15.7814,15.9646,15.8425,14.6215,14.9878,15.4151,49.2796,19.6825,23.2967,34.3346,90.5006,129.084,93.8217,74.8718,58,58,58,58,58.3333,58.5165,58.4554,58.3944,56,56,56,56,11.4469,11.2027,11.2637,11.8742,10.9585,11.4469,11.0195,11.2027,11.8132,12.4847,12.4847,11.8132,54.4872,56.1355,55.2198,55.5861,25.4884,24.6337,25.6105,25.6105,43.6203,57.6618,43.1929,42.8266,33.0586,33.3639,32.265,34.2796,27.7473,27.6862,27.6252,27.381,42.5214,42.1551,42.094,41.9719,33.6081,33.4249,32.8144,33.7302,25.2442,24.8779,25.2442,25.4884,42.5214,41.9719,41.7888,42.4603,32.7534,32.7534,32.9976,32.2039,25.6716,25.9158,25.3053,29.5177,42.9487,43.4982,42.3382,42.4603,15.6593,15.232,30.9829,15.4762,15.3541,15.1099,38.9194,14.8657,16.0867,15.232,15.8425,15.4151,35.3175,35.5006,36.0501,35.6838,97.2222,98.0769,97.2222,98.138,56.8681,55.9524,56.5018,56.9292,55,55,55,55,55.464,55.2198,55.2808,55.2198,5.7081800000000005,0.396825,1.31258,57.4786,38.7973,48.3822,41.4835,45.6349,38.1258,47.1001,2.77778,0.396825,1107.78,167.925,1423.62,0.0,1.0,1.0,1.0,1.0,0.0,0.07783949999999999,42.1627,42.007,41.5919,42.007,0.129731,16.0827,95.9391,91.1633,91.9869,98.427,0.0,7.97253,33.794000000000004,0.0,0.0,-89.0632,97.5747,95.1803,61.3434,346.4980000000001,56.3573,317.147,288.86,51.0476,426.68,428.596,425.404,524.891,509.907,596.886,429.94,423.46,529.518,503.68,597.149,406.942,404.271,521.784,521.068,615.0319999999998,406.004,404.921,520.925,519.494,616.974,434.755,434.611,535.81,533.306,610.431,435.69,434.827,537.099,536.526,610.072,596.212,596.7180000000002,22.2589,405.244,1145.67
2020-11-22 07:13:00,97.1001,97.5885,97.7717,98.5043,73.1685,73.1685,74.2674,73.2906,34.0965,34.4628,32.3871,32.9365,15.1099,14.9267,15.7814,15.9646,15.8425,14.6215,14.9878,15.4151,49.2796,19.6825,23.2967,34.3346,91.3797,129.084,93.8217,74.8718,59,59,59,59,58.9438,58.5165,59.2491,59.6764,57,57,57,57,11.4469,11.2027,11.2637,11.8742,10.9585,11.9963,11.0195,11.2027,11.8132,12.4847,12.4847,11.8132,54.4872,56.1355,55.2198,55.5861,25.4884,24.6337,26.16,25.6105,43.6203,57.6618,43.1929,42.8266,33.0586,33.3639,32.265,34.2796,27.7473,27.6862,27.6252,27.381,41.9719,42.1551,42.094,41.9719,33.6081,33.4249,32.8144,33.7302,25.2442,24.8779,25.2442,25.4884,42.5214,41.9719,41.7888,42.4603,32.7534,32.7534,32.9976,32.2039,25.6716,25.9158,25.3053,29.5177,42.9487,43.4982,42.3382,42.4603,15.6593,15.232,30.9829,15.4762,15.3541,15.1099,38.9194,14.8657,16.0867,15.232,15.8425,15.4151,35.3175,35.5006,36.0501,35.6838,97.2222,98.0769,97.2222,98.138,56.8681,55.9524,56.5018,56.9292,55,55,55,55,55.464,55.2198,55.2808,55.2198,5.7081800000000005,0.396825,1.31258,57.4786,38.7973,48.3822,41.4835,45.6349,38.1258,45.8791,2.77778,0.396825,1112.41,167.925,1430.0,0.0,1.0,1.0,1.0,1.0,0.0,0.07783949999999999,42.1627,42.007,41.5919,42.007,0.129731,16.0827,99.5661,89.4606,92.8924,97.8117,0.0,7.97253,26.1172,0.0,0.0,-104.561,97.5747,95.1803,62.8545,346.4980000000001,56.3573,314.823,288.86,51.0476,426.68,427.564,425.404,524.891,513.7719999999998,596.886,429.94,423.46,529.375,504.682,597.149,406.942,404.271,521.784,521.068,615.0319999999998,406.004,404.921,520.925,519.494,616.974,434.755,434.611,535.81,533.306,610.431,435.69,434.827,537.099,535.524,610.072,596.212,596.7180000000002,22.2589,404.186,1145.67
2020-11-22 07:13:05,97.1001,97.5885,97.7717,98.5043,73.1685,73.1685,74.2674,73.2906,34.0965,34.4628,32.3871,32.9365,15.1099,14.9267,15.7814,15.9646,15.8425,14.6215,14.9878,15.4151,47.9121,19.6825,23.2967,35.3114,91.3797,129.084,93.8217,74.8718,59,59,59,59,58.9438,59.4933,59.2491,59.6764,58,58,58,58,11.4469,11.2027,11.2637,11.8742,10.9585,10.9585,11.0195,11.2027,11.8132,12.4847,12.4847,11.8132,54.4872,56.1355,55.2198,55.5861,25.4884,24.6337,25.6105,25.6105,43.6203,57.6618,43.1929,42.8266,33.0586,33.3639,32.265,34.2796,27.7473,27.6862,27.6252,27.381,41.9719,42.1551,42.094,41.9719,33.6081,33.4249,32.8144,33.7302,25.2442,24.8779,25.2442,25.4884,42.5214,41.9719,41.7888,42.4603,32.7534,32.7534,32.9976,32.2039,25.6716,25.9158,25.3053,29.5177,42.9487,43.4982,42.3382,42.4603,15.6593,15.232,30.9829,15.4762,15.3541,15.1099,38.9194,14.8657,16.0867,15.232,15.8425,15.4151,35.3175,35.5006,36.0501,35.6838,97.2222,98.0769,97.2222,98.138,58.5775,58.3944,58.7607,59.0049,58,58,58,58,55.464,55.2198,55.2808,55.2198,5.7081800000000005,0.396825,1.31258,56.3187,38.7973,48.3822,41.4835,45.6349,38.1258,45.8791,2.77778,0.396825,1106.57,167.925,1427.87,0.0,1.0,1.0,1.0,1.0,0.0,0.07783949999999999,42.1627,42.007,41.5919,42.007,0.129731,16.0827,96.9622,89.0786,91.3841,97.8117,0.0,7.97253,29.3478,0.0,0.0,-83.305,97.5747,95.1803,63.4735,347.664,55.7731,314.298,288.86,51.0476,426.68,427.564,425.404,524.891,516.133,596.886,429.94,423.46,529.232,507.187,597.149,406.942,404.271,521.784,521.068,615.0319999999998,406.004,404.921,520.925,519.494,616.974,434.755,434.611,535.81,533.306,610.431,435.69,434.827,537.099,535.524,610.072,596.212,596.7180000000002,22.2589,404.186,1144.29
2020-11-22 07:13:10,97.1001,97.5885,97.7717,98.5043,73.1685,73.1685,74.2674,74.3895,34.0965,34.4628,32.3871,32.9365,15.1099,14.9267,15.7814,15.9646,15.8425,14.6215,14.9878,15.4151,46.8376,19.6825,23.2967,34.3346,91.3797,128.205,94.2124,74.8718,59,59,59,59,58.9438,59.4933,59.2491,59.6764,59,59,59,59,11.4469,11.2027,11.2637,11.8742,10.9585,10.9585,11.0195,11.2027,11.8132,12.4847,12.4847,11.8132,54.4872,56.1355,55.2198,55.5861,25.4884,24.6337,25.6105,25.6105,43.6203,57.6618,43.1929,42.8266,33.0586,33.3639,32.265,34.2796,27.7473,27.6862,27.6252,27.381,41.9719,42.1551,42.094,41.9719,33.6081,33.4249,32.8144,33.7302,25.2442,24.8779,25.2442,25.4884,42.5214,41.9719,41.7888,42.4603,32.7534,32.7534,32.9976,32.2039,25.6716,24.8168,25.3053,29.5177,42.9487,43.4982,42.3382,42.4603,15.6593,15.232,30.9829,15.4762,15.3541,15.1099,38.9194,14.8657,16.0867,15.232,15.8425,15.4151,35.3175,35.5006,36.0501,35.6838,97.2222,98.0769,97.2222,98.138,58.5775,58.3944,58.7607,59.0049,59,59,59,59,59.6764,59.6764,59.6764,59.3712,5.7081800000000005,0.396825,1.31258,56.3187,38.7973,48.3822,41.4835,45.6349,38.1258,45.8791,2.77778,0.396825,1091.05,168.521,1422.13,0.0,1.0,1.0,1.0,1.0,0.0,0.07783949999999999,42.1627,42.007,41.5919,42.007,0.129731,16.7002,95.7543,88.6779,91.6035,96.9445,0.0,7.97253,41.8077,0.0,0.0,-73.5276,97.5747,95.1803,63.4735,348.283,55.7731,315.463,288.86,51.0476,426.68,427.564,425.404,524.891,517.35,596.886,429.94,423.46,529.089,507.187,597.149,406.942,404.271,521.784,521.068,615.0319999999998,406.004,404.921,520.925,519.494,616.974,434.755,434.611,535.81,533.306,610.431,435.69,434.827,537.099,535.524,610.072,596.212,596.7180000000002,22.2589,404.186,1142.51
2020-11-22 07:13:15,97.1001,97.5885,97.7717,98.5043,73.1685,73.1685,74.2674,74.3895,34.0965,34.4628,33.4249,32.9365,15.1099,14.9267,15.7814,15.9646,15.8425,14.6215,14.9878,15.4151,45.5678,19.6825,23.2967,35.2137,92.3565,128.205,94.2124,74.8718,59,59,59,59,58.9438,59.4933,59.2491,59.6764,59,59,59,59,11.4469,11.2027,11.2637,11.8742,10.9585,10.9585,11.0195,11.2027,11.8132,12.4847,12.4847,11.8132,54.4872,56.1355,55.2198,55.5861,25.4884,24.6337,25.6105,25.6105,43.6203,57.6618,43.1929,42.8266,33.0586,33.3639,32.265,34.2796,27.7473,27.6862,27.6252,27.381,41.9719,42.1551,42.094,41.9719,33.6081,33.4249,32.8144,33.7302,25.2442,24.8779,25.2442,25.4884,42.5214,41.9719,41.7888,42.4603,32.7534,32.7534,32.9976,32.2039,25.6716,25.7326,25.3053,29.5177,42.9487,43.4982,42.3382,42.4603,15.6593,15.232,30.9829,15.4762,15.3541,15.1099,38.9194,14.8657,16.0867,15.232,15.8425,15.4151,35.3175,35.5006,36.0501,35.6838,97.2222,98.0769,97.2222,98.138,59.9817,59.188,60.1038,59.0049,59,59,59,59,59.6764,59.6764,59.6764,59.3712,5.7081800000000005,0.396825,1.31258,56.3187,38.7973,48.3822,41.4835,45.6349,38.1258,45.8791,2.77778,0.396825,1092.3,168.521,1424.35,0.0,1.0,1.0,1.0,1.0,0.0,0.07783949999999999,42.1627,42.007,41.5919,42.007,0.129731,16.0533,95.7543,88.8682,91.6035,97.5571,0.0,7.97253,49.0922,0.0,0.0,-67.7741,97.5747,95.1803,63.4735,346.903,55.7731,317.164,288.86,51.0476,426.68,427.564,425.404,524.891,516.2769999999998,596.886,429.94,423.46,528.946,507.187,597.149,406.942,404.271,521.784,520.067,615.0319999999998,406.004,404.921,520.925,519.494,616.974,434.755,434.611,535.81,533.306,610.431,435.69,434.827,536.097,535.524,610.072,596.212,596.7180000000002,22.2589,404.186,1141.21
2020-11-22 07:13:20,97.1001,97.5885,97.7717,98.5043,73.1685,73.1685,74.2674,74.3895,34.0965,34.4628,33.4249,32.9365,15.1099,14.9267,15.7814,15.9646,15.8425,14.6215,14.9878,15.4151,47.326,20.5617,24.3712,34.3346,92.3565,128.205,94.2124,74.8718,59,59,59,59,58.9438,59.4933,59.2491,59.6764,59,59,59,59,11.4469,11.2027,11.2637,11.8742,10.9585,10.9585,11.0195,11.2027,11.8132,12.4847,11.9353,11.8132,54.4872,56.1355,55.2198,55.5861,25.4884,24.6337,25.0611,25.6105,43.6203,57.6618,43.1929,42.8266,33.0586,33.3639,32.265,34.2796,27.7473,27.6862,27.6252,27.381,41.9719,42.7045,42.094,41.9719,33.6081,33.4249,32.8144,33.7302,25.2442,24.8779,25.2442,25.4884,42.5214,41.9719,41.7888,42.4603,32.7534,32.7534,32.9976,32.2039,25.6716,25.7326,25.3053,29.5177,42.9487,43.4982,42.3382,42.4603,15.6593,15.232,30.9829,15.4762,15.3541,15.1099,38.9194,14.8657,16.0867,15.232,15.8425,15.4151,35.3175,35.5006,36.0501,35.6838,97.2222,98.0769,97.2222,98.138,59.9817,59.188,60.1038,59.7375,59,59,59,59,59.6764,59.6764,59.6764,59.3712,5.7081800000000005,0.396825,1.31258,56.3187,38.7973,48.3822,41.4835,45.6349,38.1258,45.8791,2.77778,0.396825,1097.08,168.521,1424.91,0.0,1.0,1.0,1.0,1.0,0.0,0.07783949999999999,42.1627,42.007,41.5919,42.007,0.129731,16.0533,97.3263,85.5665,91.2785,97.5571,0.0,7.97253,43.9057,0.0,0.0,-35.4387,97.5747,95.1803,62.9418,345.603,56.9425,320.156,288.86,51.0476,426.68,427.564,425.404,524.891,514.201,596.886,429.94,423.46,528.803,506.042,597.149,406.942,404.271,521.784,520.067,614.026,406.004,404.921,520.925,519.494,616.974,434.755,434.611,535.81,533.306,610.431,435.69,434.827,536.097,535.524,610.072,596.212,596.7180000000002,22.2589,403.657,1141.21
2020-11-22 07:13:25,97.1001,97.5885,97.7717,98.5043,73.1685,73.1685,74.2674,74.3895,34.0965,34.4628,33.4249,32.9365,15.1099,14.9267,15.7814,15.9646,15.8425,14.6215,14.9878,15.4151,47.326,20.5617,25.2503,34.3346,92.3565,128.205,94.2124,74.8718,59,59,59,59,58.9438,59.4933,59.2491,59.6764,59,59,59,59,11.4469,11.2027,11.2637,11.8742,11.5079,10.9585,11.0195,11.2027,11.8132,12.4847,11.9353,11.8132,54.4872,56.1355,55.2198,55.5861,25.4884,24.6337,25.0611,25.6105,43.6203,57.6618,43.1929,42.8266,33.0586,33.3639,32.265,34.2796,27.7473,27.6862,27.6252,27.381,41.9719,42.7045,42.094,41.9719,33.6081,33.4249,32.8144,33.7302,25.2442,24.8779,25.2442,25.4884,42.5214,42.5214,41.7888,42.4603,32.7534,32.7534,32.9976,32.2039,25.6716,25.7326,25.3053,29.5177,42.9487,43.4982,42.3382,42.4603,15.6593,15.232,30.9829,15.4762,15.3541,15.1099,38.9194,14.8657,16.0867,15.232,15.8425,15.4151,35.3175,35.5006,36.0501,35.6838,97.2222,98.0769,97.2222,98.138,59.9817,59.188,60.1038,59.7375,59,59,59,59,59.6764,59.6764,59.6764,59.3712,5.7081800000000005,0.396825,1.31258,56.3187,38.7973,48.3822,41.4835,45.6349,38.1258,45.8791,2.77778,0.396825,1105.35,168.521,1424.79,0.0,1.0,1.0,1.0,1.0,0.0,0.07783949999999999,42.1627,42.007,41.5919,42.007,0.129731,16.0533,96.6976,89.0606,92.482,99.2322,0.0,8.07143,36.6508,0.0,0.0,-17.3331,97.5747,95.1803,62.9418,344.991,58.6876,321.4790000000001,288.86,51.0476,426.68,427.564,425.404,524.891,513.056,596.886,429.94,423.46,528.5169999999998,506.042,597.149,406.942,404.271,520.7819999999998,520.067,614.026,406.004,404.921,520.925,519.494,615.967,434.755,434.611,535.81,533.306,610.431,435.69,434.827,536.097,535.524,610.072,596.212,596.7180000000002,22.0879,404.186,1141.21
2020-11-22 07:13:30,97.1001,97.5885,97.7717,98.5043,73.1685,73.1685,74.2674,74.3895,34.0965,34.4628,33.4249,32.9365,15.1099,14.9267,15.7814,15.9646,15.8425,14.6215,14.9878,15.4151,47.326,20.5617,25.2503,34.3346,91.4774,128.205,94.2124,73.602,59,59,59,59,58.9438,59.4933,59.2491,59.6764,59,59,59,59,11.4469,11.2027,11.2637,11.8742,10.4701,10.9585,11.0195,11.2027,11.8132,12.4847,11.9353,11.8132,54.4872,56.1355,55.2198,55.5861,25.4884,24.6337,25.0611,25.6105,43.6203,57.6618,43.1929,42.8266,33.0586,33.3639,32.265,34.2796,27.7473,27.6862,27.6252,27.381,41.9719,42.7045,42.094,41.9719,33.6081,33.4249,32.8144,33.7302,25.2442,24.8779,25.2442,24.9389,42.5214,41.9109,41.7888,42.4603,32.7534,32.7534,32.9976,32.2039,25.6716,24.6948,25.3053,29.5177,42.9487,43.4982,42.3382,42.4603,15.6593,15.232,30.9829,15.4762,15.3541,15.1099,38.9194,14.8657,16.0867,15.232,15.8425,15.4151,35.3175,35.5006,36.0501,35.6838,97.2222,98.0769,97.2222,98.138,59.9817,59.188,60.1038,59.7375,59,59,59,59,59.6764,59.6764,59.6764,59.3712,5.7081800000000005,0.396825,3.08303,56.3187,38.7973,48.3822,41.4835,45.6349,38.1258,45.8791,2.77778,0.396825,1117.11,169.075,1426.91,0.0,1.0,1.0,1.0,1.0,0.0,0.07783949999999999,42.6297,42.007,41.5919,42.4741,0.129731,15.3477,98.5185,91.4278,91.8296,97.9225,0.0,8.07143,30.5963,0.0,0.0,-9.69331,97.5747,95.1803,61.5912,349.853,59.2746,322.228,288.86,50.0424,426.68,427.564,425.404,524.891,513.056,596.886,429.94,422.451,528.373,506.042,597.149,406.942,404.271,520.7819999999998,520.067,614.026,406.004,404.921,520.925,519.494,615.967,434.755,434.611,535.81,533.306,610.431,435.69,434.827,536.097,535.524,610.072,596.212,596.7180000000002,22.0879,404.186,1141.8
2020-11-22 07:13:35,97.1001,97.5885,97.7717,97.9548,74.1453,76.16,74.2674,74.3895,34.0965,34.4628,33.4249,32.9365,15.1099,14.9267,15.7814,15.9646,15.232,14.6215,14.9878,15.4151,47.326,20.5617,25.2503,33.2601,90.5006,127.326,92.7473,72.7228,59,59,59,59,58.9438,59.4933,59.2491,59.6764,59,59,59,59,11.4469,11.2027,11.2637,11.8742,10.4701,10.9585,11.0195,11.2027,11.8132,12.4847,11.9353,11.8132,54.4872,56.1355,55.2198,55.5861,25.4884,24.6337,25.0611,25.6105,43.6203,57.6618,43.1929,42.8266,33.0586,33.3639,32.265,34.2796,27.7473,27.6862,27.6252,27.381,41.9719,42.7045,42.094,41.9719,33.6081,33.4249,32.8144,33.7302,25.2442,24.8779,25.2442,24.9389,42.5214,41.9109,41.7888,42.4603,32.7534,32.7534,32.9976,32.2039,25.6716,25.6105,25.3053,29.5177,42.9487,43.4982,42.3382,42.4603,15.6593,15.232,30.9829,15.4762,15.3541,15.1099,38.9194,14.8657,16.0867,15.232,15.8425,15.4151,35.3175,35.5006,36.0501,35.6838,97.2222,98.0769,97.2222,98.138,59.9817,59.188,60.1038,59.7375,59,59,59,59,59.6764,59.6764,59.6764,59.3712,5.7081800000000005,0.396825,3.08303,56.3187,38.7973,48.3822,41.4835,45.6349,38.1258,45.8791,2.77778,0.396825,1115.86,169.075,1426.35,0.0,1.0,1.0,1.0,1.0,0.0,0.07783949999999999,42.6297,42.4741,41.5919,42.4741,0.129731,15.3477,94.7077,91.6007,91.8296,97.2923,0.0,8.07143,29.9995,0.0,0.0,-38.2249,97.5747,95.1803,59.9833,354.467,59.9204,322.839,288.86,50.0424,426.68,427.564,424.396,524.891,515.346,596.886,429.94,422.451,528.087,506.042,597.149,406.942,404.271,520.7819999999998,520.067,614.026,406.004,404.921,520.925,519.494,615.967,434.755,434.611,535.81,533.306,610.431,435.69,434.827,536.097,535.524,610.072,596.212,596.7180000000002,22.0879,401.543,1142.39
2020-11-22 07:13:40,97.1001,97.5885,97.7717,97.9548,74.1453,76.16,74.2674,74.3895,34.0965,34.4628,33.4249,32.9365,15.1099,14.9267,15.7814,15.9646,15.232,14.6215,14.9878,15.4151,48.2051,19.4872,25.2503,32.381,89.1331,127.326,90.0122,72.7228,59,59,59,59,58.9438,59.4933,59.2491,59.6764,59,59,59,59,11.4469,11.2027,11.2637,11.8742,10.4701,10.9585,11.0195,11.2027,11.8132,12.4847,11.9353,11.8132,54.4872,56.1355,55.2198,55.5861,25.4884,24.6337,25.0611,25.6105,43.6203,57.6618,43.1929,42.8266,33.0586,33.3639,32.265,34.2796,27.7473,27.6862,27.6252,27.381,41.9719,42.7045,42.094,41.9719,33.6081,33.4249,32.8144,33.7302,25.2442,24.8779,25.2442,24.9389,42.5214,41.9109,41.7888,42.4603,32.7534,32.7534,32.9976,32.2039,25.6716,25.6105,25.3053,29.5177,42.9487,43.4982,42.3382,42.4603,15.6593,15.232,30.9829,15.4762,15.3541,15.1099,38.9194,14.8657,16.0867,15.232,15.8425,15.4151,35.3175,35.5006,36.0501,35.6838,97.2222,98.0769,97.2222,98.138,59.9817,59.188,60.1038,59.7375,59,59,59,59,59.6764,59.6764,59.6764,59.3712,5.7081800000000005,0.396825,3.08303,56.3187,38.7973,47.0391,41.4835,45.6349,38.1258,45.8791,2.77778,0.396825,1104.06,169.075,1423.77,0.0,1.0,1.0,1.0,1.0,0.0,0.07783949999999999,42.6297,42.4741,41.5919,42.4741,0.129731,15.3477,96.5691,90.7945,91.874,96.6732,0.0,8.07143,40.5699,0.0,0.0,-65.1013,97.5747,95.1803,59.9833,355.016,60.6273,323.446,288.86,50.0424,426.68,427.564,424.396,524.891,516.42,596.886,428.932,422.451,527.944,506.042,597.149,406.942,404.271,520.7819999999998,520.067,614.026,406.004,404.921,520.925,519.494,615.967,434.755,434.611,535.81,533.306,610.431,435.69,434.827,536.097,535.524,610.072,596.212,596.7180000000002,22.0879,403.129,1142.39
2020-11-22 07:13:45,97.1001,97.5885,97.7717,97.9548,74.1453,74.0843,74.2674,74.3895,34.0965,34.4628,33.4249,32.9365,15.1099,14.9267,15.7814,15.9646,15.232,14.6215,14.9878,15.4151,48.2051,19.4872,25.2503,31.2088,89.1331,127.326,88.7424,72.7228,59,59,59,59,58.9438,59.4933,59.2491,59.6764,59,59,59,59,11.4469,11.2027,11.2637,11.8742,11.0195,10.9585,11.0195,11.2027,11.8132,12.4847,11.9353,11.8132,54.4872,56.1355,55.2198,55.5861,25.4884,24.6337,25.0611,25.6105,43.6203,57.6618,43.1929,42.8266,33.0586,33.3639,32.265,33.6691,27.7473,27.6862,27.6252,27.381,41.9719,42.7045,42.094,41.9719,33.6081,33.4249,32.8144,33.7302,25.2442,24.8779,25.2442,24.9389,42.5214,40.9341,41.7888,42.4603,32.7534,32.7534,32.9976,32.2039,25.6716,25.6105,25.3053,29.5177,42.9487,43.4982,42.3382,42.4603,15.6593,15.232,30.9829,15.4762,15.3541,15.1099,38.9194,14.8657,16.0867,15.232,15.8425,15.4151,35.3175,35.5006,36.0501,35.6838,97.2222,98.0769,97.2222,98.138,59.9817,59.188,60.1038,59.7375,59,59,59,59,59.6764,59.6764,59.6764,59.3712,5.7081800000000005,0.396825,3.08303,56.3187,38.7973,47.0391,41.4835,45.6349,38.1258,45.8791,2.77778,0.396825,1099.31,167.99200000000005,1413.48,0.0,1.0,1.0,1.0,1.0,0.0,0.07783949999999999,42.1108,42.007,41.5919,42.4741,0.129731,14.7303,96.9145,90.7963,93.9085,96.6732,0.0,8.07143,47.4788,0.0,0.0,-106.655,97.5747,95.1803,59.9833,353.13699999999994,61.398,321.827,288.86,50.0424,426.68,427.564,424.396,524.891,515.203,596.886,428.932,422.451,527.8009999999998,506.042,597.149,406.942,404.271,520.7819999999998,520.067,614.026,406.004,404.921,520.925,519.494,615.967,434.755,434.611,535.81,533.306,610.431,435.69,434.827,536.097,535.524,610.072,596.212,596.7180000000002,22.0879,404.715,1142.92
2020-11-22 07:13:50,97.1001,97.5885,97.7717,97.9548,74.1453,74.0843,74.2674,74.3895,34.0965,34.4628,33.4249,32.9365,15.1099,14.9267,15.7814,15.9646,15.232,14.6215,14.9878,15.4151,48.2051,19.4872,25.2503,31.2088,90.0122,126.349,86.6911,72.7228,59,59,59,59,58.9438,59.4933,59.2491,59.6764,59,59,59,59,11.4469,11.2027,11.2637,11.8742,11.0195,10.9585,11.0195,11.2027,11.8132,12.4847,11.9353,11.8132,54.4872,56.1355,55.2198,55.5861,25.4884,24.6337,25.0611,25.6105,43.6203,57.6618,43.1929,42.8266,33.0586,33.3639,32.265,33.6691,27.7473,27.6862,27.6252,27.381,41.9719,42.7045,42.094,41.9719,33.6081,33.4249,32.8144,33.7302,25.2442,24.8779,25.2442,24.9389,42.5214,40.9341,41.7888,42.4603,32.7534,32.7534,32.9976,32.2039,25.6716,24.5116,25.3053,29.5177,42.9487,43.4982,42.3382,42.4603,15.6593,15.232,30.9829,15.4762,15.3541,14.5604,38.9194,14.8657,16.0867,15.232,15.8425,15.4151,35.3175,35.5006,36.0501,35.6838,97.2222,98.0769,97.2222,98.138,59.9817,59.188,60.1038,59.7375,59,59,59,59,59.6764,59.6764,59.6764,59.3712,5.7081800000000005,0.396825,3.08303,56.3187,38.7973,47.0391,39.4689,45.6349,38.1258,45.8791,2.77778,0.396825,1100.58,167.99200000000005,1413.52,0.0,1.0,1.0,1.0,1.0,0.0,0.07783949999999999,42.1108,42.007,41.5919,42.4741,0.129731,14.7303,96.8079,91.922,91.2273,97.3103,0.0,8.07143,42.6997,0.0,0.0,-99.2168,97.5747,95.1803,58.3722,352.5130000000001,60.8629,321.084,288.86,50.0424,426.68,427.564,424.396,524.891,513.056,596.886,428.932,422.451,527.658,506.042,597.149,406.942,404.271,520.7819999999998,520.067,614.026,406.004,404.921,519.923,518.492,615.967,434.755,434.611,535.81,533.306,610.431,435.69,434.827,536.097,535.524,610.072,596.212,596.7180000000002,22.0879,404.715,1143.45
2020-11-22 07:13:55,97.1001,97.5885,97.7717,97.9548,74.1453,74.0843,74.2674,73.84,34.0965,34.4628,33.4249,32.9365,15.1099,14.9267,15.7814,15.9646,15.232,14.6215,14.9878,15.4151,48.2051,20.3663,25.2503,31.2088,90.0122,127.228,85.6166,73.602,59,59,59,59,58.9438,59.4933,59.2491,59.6764,59,59,59,59,11.4469,11.2027,11.2637,11.8742,11.0195,10.9585,11.0195,11.2027,11.8132,12.4847,11.9353,11.8132,54.4872,56.1355,55.2198,55.5861,25.4884,24.6337,25.0611,25.6105,43.6203,57.6618,43.1929,42.8266,33.0586,33.3639,32.265,33.6691,27.7473,27.6862,27.6252,27.381,41.9719,42.7045,42.094,41.9719,33.6081,33.4249,32.8144,33.7302,25.2442,24.8779,25.2442,24.9389,42.5214,42.7045,41.7888,42.4603,32.7534,32.7534,32.9976,32.2039,25.6716,25.7326,25.3053,29.5177,42.9487,43.4982,42.3382,42.4603,15.6593,15.232,30.9829,15.4762,15.3541,14.5604,38.9194,14.8657,16.0867,15.232,15.8425,15.4151,35.3175,35.5006,36.0501,35.6838,97.2222,98.0769,97.2222,98.138,59.9817,59.188,60.1038,59.7375,59,59,59,59,59.6764,59.6764,59.6764,59.3712,5.7081800000000005,0.396825,3.08303,56.3187,38.7973,47.0391,39.4689,45.6349,38.1258,45.8791,2.77778,0.396825,1110.04,168.553,1414.43,0.0,1.0,1.0,1.0,1.0,0.0,0.07783949999999999,42.1108,42.007,41.5919,42.4741,0.129731,14.7303,97.9692,90.4396,90.4531,96.0844,0.0,8.07143,31.2275,0.0,0.0,-110.957,97.5747,95.1803,56.8551,352.5130000000001,61.5774,321.741,288.86,50.0424,426.68,426.556,424.396,524.891,512.054,596.886,428.932,422.451,527.658,506.042,597.149,406.942,404.271,520.7819999999998,520.067,614.026,406.004,404.921,519.923,518.492,615.967,434.755,434.611,535.81,533.306,610.431,435.69,434.827,536.097,535.524,610.072,596.212,596.7180000000002,22.0879,403.657,1143.45
2020-11-22 07:14:00,97.1001,97.5885,97.7717,97.9548,72.9243,74.0843,72.7411,73.84,34.0965,34.4628,33.4249,32.9365,15.1099,14.9267,15.7814,15.9646,15.232,14.6215,14.9878,15.4151,48.2051,20.3663,25.2503,30.232,90.0122,127.228,85.9096,73.602,59,59,59,59,58.9438,59.4933,59.2491,59.6764,59,59,59,59,11.4469,11.2027,11.2637,11.8742,11.0195,10.9585,11.0195,11.2027,11.8132,12.4847,11.9353,11.8132,54.4872,56.1355,55.2198,55.5861,25.4884,24.6337,25.0611,25.6105,43.6203,57.6618,43.1929,42.8266,33.0586,33.3639,32.265,33.1197,27.7473,27.6862,27.6252,27.381,41.9719,42.7045,42.094,41.9719,33.6081,33.4249,32.8144,33.7302,25.2442,24.8779,25.2442,24.9389,42.5214,42.7045,41.7888,42.4603,32.7534,32.7534,32.9976,32.2039,25.6716,25.7326,25.3053,29.5177,42.9487,43.4982,42.3382,42.4603,15.6593,15.232,30.9829,15.4762,15.3541,14.5604,38.9194,14.8657,16.0867,15.232,15.8425,15.4151,35.3175,35.5006,36.0501,35.6838,97.2222,98.0769,97.2222,98.138,59.9817,59.188,60.1038,59.7375,59,59,59,59,59.6764,59.6764,59.6764,59.3712,5.7081800000000005,0.396825,3.08303,56.3187,38.7973,47.0391,39.4689,45.6349,38.1258,45.8791,2.77778,0.396825,1114.71,168.553,1410.37,0.0,1.0,1.0,1.0,1.0,0.0,0.07783949999999999,42.1108,42.4741,41.5919,42.4741,0.129731,14.7303,96.9353,91.3399,92.2905,96.9351,0.0,8.07143,23.1606,0.0,0.0,-133.653,97.5747,95.1803,56.8551,353.17800000000005,61.5774,322.7940000000001,288.86,50.0424,426.68,426.556,424.396,524.891,513.271,596.886,428.932,422.451,527.515,506.042,597.149,406.942,404.271,520.7819999999998,520.067,614.026,406.004,404.921,519.923,518.492,615.967,434.755,434.611,534.809,533.306,610.431,435.69,434.827,536.097,535.524,610.072,597.22,596.7180000000002,22.0879,403.657,1143.45
2020-11-22 07:14:05,97.1001,97.5885,97.7717,97.9548,72.3748,74.0843,72.7411,73.1685,34.0965,34.4628,33.4249,32.9365,15.1099,14.9267,15.7814,15.9646,15.232,14.6215,14.9878,15.4151,49.0842,20.3663,26.1294,31.1111,88.1563,127.228,89.5238,71.5507,59,59,59,59,58.9438,59.4933,59.2491,59.6764,59,59,59,59,11.4469,11.2027,11.2637,11.8742,11.0195,10.9585,11.0195,11.2027,11.8132,12.4847,11.9353,11.8132,54.4872,56.1355,55.2198,55.5861,25.4884,24.6337,25.0611,25.6105,43.6203,57.6618,43.1929,42.8266,33.0586,33.3639,32.265,33.1197,27.7473,27.6862,27.6252,27.381,41.9719,42.7045,42.094,41.4225,33.0586,33.4249,32.8144,33.7302,25.2442,24.8779,25.2442,24.9389,42.5214,41.4835,41.7888,42.4603,32.7534,32.7534,32.9976,32.2039,25.6716,25.7326,25.3053,29.5177,42.9487,43.4982,42.3382,42.4603,15.6593,15.232,30.9829,15.4762,15.3541,14.5604,38.9194,14.8657,16.0867,15.232,15.8425,15.4151,35.3175,35.5006,36.0501,35.6838,97.2222,98.0769,97.2222,98.138,59.9817,59.188,60.1038,59.7375,59,59,59,59,59.6764,59.6764,59.6764,59.3712,5.7081800000000005,0.396825,3.08303,56.3187,38.7973,47.0391,39.4689,45.6349,38.1258,45.8791,2.77778,0.396825,1109.93,168.553,1408.98,0.0,1.0,1.0,1.0,1.0,0.0,0.07783949999999999,42.1108,42.4741,41.5919,42.4741,0.129731,14.7303,96.0379,89.76700000000002,91.1182,96.9351,0.0,8.07143,24.2281,0.0,0.0,-137.743,97.5747,95.1803,57.3738,353.17800000000005,62.6264,323.708,288.86,50.0424,426.68,426.556,424.396,524.891,515.561,596.886,428.932,422.451,527.515,506.042,597.149,406.942,404.271,520.7819999999998,520.067,614.026,406.004,404.921,519.923,518.492,615.967,434.755,434.611,534.809,532.304,610.431,435.69,434.827,536.097,535.524,610.072,597.22,596.7180000000002,22.0879,404.186,1142.6
2020-11-22 07:14:10,97.1001,97.5885,97.7717,97.9548,72.3748,74.0843,72.7411,73.1685,34.0965,34.4628,33.4249,32.9365,15.1099,14.9267,15.7814,15.293,15.232,14.6215,14.9878,15.4151,47.8144,20.3663,26.1294,31.1111,88.1563,127.228,92.2588,71.6483,59,59,59,59,58.9438,59.4933,59.2491,59.6764,59,59,59,59,11.4469,11.2027,11.2637,11.8742,11.0195,10.9585,11.0195,11.2027,11.8132,12.4847,12.4847,11.8132,54.4872,56.1355,55.2198,55.5861,25.4884,24.6337,25.0611,25.6105,43.6203,57.6618,43.1929,42.8266,33.0586,33.3639,32.265,33.1197,27.7473,27.6862,27.6252,27.381,41.9719,42.7045,42.094,41.4225,33.0586,33.4249,32.8144,33.7302,25.2442,24.8779,25.2442,24.9389,42.5214,41.4835,41.7888,42.4603,32.7534,32.7534,32.9976,32.2039,25.6716,24.7558,25.3053,29.5177,42.9487,43.4982,42.3382,42.4603,15.6593,15.232,30.9829,15.4762,15.3541,14.5604,38.9194,14.8657,16.0867,15.232,15.8425,15.4151,35.3175,35.5006,36.0501,35.6838,97.2222,98.0769,97.2222,98.138,59.9817,59.188,60.1038,59.7375,59,59,59,59,59.6764,59.6764,59.6764,59.3712,5.7081800000000005,0.396825,3.08303,56.3187,38.7973,47.0391,39.4689,45.6349,38.1258,45.8791,2.77778,0.396825,1093.3,168.553,1408.86,0.0,1.0,1.0,1.0,1.0,0.0,0.07783949999999999,42.1108,42.4741,41.5919,42.4741,0.129731,14.7303,96.9109,89.0194,91.1182,95.6939,0.0,8.07143,39.184,0.0,0.0,-107.206,97.5747,95.1803,57.8878,352.36,62.6264,325.02,288.86,50.0424,426.68,426.556,424.396,524.891,516.634,596.886,428.932,422.451,527.372,506.042,597.149,406.942,404.271,520.7819999999998,520.067,614.026,406.004,404.921,519.923,518.492,615.967,434.755,434.611,534.809,532.304,610.431,435.69,434.827,536.097,535.524,609.066,597.22,596.7180000000002,22.0879,404.186,1140.6
2020-11-22 07:14:15,97.1001,97.5885,97.7717,97.9548,72.3748,74.0843,72.7411,72.4969,34.0965,34.4628,33.4249,32.9365,15.1099,14.9267,15.7814,15.293,15.232,14.6215,14.9878,15.4151,47.8144,19.3895,26.1294,31.9902,87.1795,128.303,94.4078,71.6483,59,59,59,59,58.9438,59.4933,59.2491,59.6764,59,59,59,59,11.4469,11.2027,11.2637,11.8742,11.0195,10.9585,11.0195,11.2027,11.8132,12.4847,12.4847,11.8132,54.4872,56.1355,55.2198,55.5861,25.4884,24.6337,25.0611,25.6105,43.6203,57.6618,43.1929,42.8266,33.0586,33.3639,32.265,32.5702,27.7473,27.6862,27.6252,27.381,41.9719,42.7045,42.094,41.4225,33.0586,33.4249,32.8144,33.7302,25.2442,24.8779,25.2442,24.9389,42.5214,42.2161,41.7888,42.4603,32.7534,32.7534,32.9976,32.2039,25.6716,25.7326,25.3053,29.5177,42.9487,43.4982,42.3382,42.4603,15.6593,15.232,30.9829,15.4762,15.3541,15.1099,38.9194,14.8657,16.0867,15.232,15.8425,15.4151,35.3175,35.5006,36.0501,35.6838,97.2222,98.0769,97.2222,98.138,59.9817,59.188,60.1038,59.7375,59,59,59,59,59.6764,59.6764,59.6764,59.3712,5.7081800000000005,0.396825,3.08303,56.3187,38.7973,47.0391,39.4689,45.6349,38.1258,45.8791,2.77778,0.396825,1089.68,167.733,1413.97,0.0,1.0,1.0,1.0,1.0,0.0,0.07783949999999999,42.1108,42.007,41.5919,41.9032,0.129731,14.7303,97.7779,87.4377,90.793,98.0332,0.0,8.07143,39.6672,0.0,0.0,-124.702,97.5747,95.1803,58.508,350.772,61.8849,324.496,288.86,50.0424,426.68,426.556,424.396,524.891,514.058,596.886,428.932,422.451,527.372,507.044,597.149,406.942,404.271,520.7819999999998,520.067,614.026,406.004,404.921,519.923,518.492,615.967,434.755,434.611,534.809,532.304,610.431,435.69,434.827,536.097,535.524,609.066,597.22,596.7180000000002,22.0879,404.715,1139.44
2020-11-22 07:14:20,97.1001,97.5885,97.7717,97.4054,72.3748,70.6655,71.4591,72.4969,34.0965,34.4628,33.4249,32.9365,15.1099,14.9267,15.7814,15.293,15.232,14.6215,14.9878,15.4151,47.8144,19.3895,26.1294,31.9902,87.1795,127.131,94.4078,70.7692,59,59,59,59,58.9438,59.4933,59.2491,59.6764,59,59,59,59,11.4469,11.2027,11.2637,11.8742,11.0195,10.9585,11.0195,11.2027,11.8132,12.4847,12.4847,11.8132,54.4872,56.1355,55.2198,55.5861,25.4884,24.6337,25.0611,25.6105,43.6203,57.6618,43.1929,42.8266,33.0586,33.3639,32.265,32.5702,27.7473,27.6862,27.6252,27.381,41.9719,42.7045,42.094,41.9719,33.0586,33.4249,32.8144,33.7302,25.2442,24.8779,25.2442,24.9389,42.5214,42.7656,41.7888,42.4603,32.7534,32.7534,32.9976,32.2039,25.6716,25.7326,25.3053,29.5177,42.9487,43.4982,42.3382,42.4603,15.6593,15.232,30.9829,15.4762,15.3541,15.1099,38.9194,14.8657,16.0867,15.232,15.8425,15.4151,35.3175,35.5006,36.0501,35.6838,97.2222,98.0769,97.2222,98.138,59.9817,59.188,60.1038,59.7375,59,59,59,59,59.6764,59.6764,59.6764,59.3712,5.7081800000000005,0.396825,1.73993,55.525,38.7973,47.0391,39.4689,44.4139,38.1258,45.8791,2.77778,0.396825,1092.15,165.46400000000003,1415.22,0.0,1.0,1.0,1.0,1.0,0.0,0.07783949999999999,41.1248,41.073,40.554,41.4362,0.129731,14.7303,96.4615,92.38,91.463,97.5249,0.0,8.07143,32.6192,0.0,0.0,-111.383,97.5747,95.1803,58.508,350.772,61.8849,324.496,288.86,50.0424,426.68,426.556,423.388,524.891,511.911,597.938,428.932,422.451,527.372,507.044,597.149,406.942,404.271,520.7819999999998,520.067,614.026,406.004,404.921,519.923,518.492,615.967,434.755,434.611,534.809,532.304,610.431,435.69,434.827,536.097,535.524,609.066,597.22,596.7180000000002,22.0879,403.657,1137.65
2020-11-22 07:14:25,97.1001,97.5885,97.7717,97.4054,71.5201,70.6655,71.4591,71.5812,34.0965,34.4628,33.4249,32.9365,15.1099,14.9267,15.7814,15.293,15.232,14.6215,14.9878,15.4151,49.6703,19.3895,26.1294,31.3065,88.3516,125.958,93.5287,71.6483,59,59,59,59,58.9438,59.4933,59.2491,59.6764,59,59,59,59,11.4469,11.2027,11.2637,11.8742,11.0195,11.5079,11.0195,11.2027,11.8132,12.4847,12.4847,11.8132,54.4872,56.1355,55.2198,55.5861,25.4884,24.6337,25.0611,25.6105,43.6203,57.1123,43.1929,42.8266,33.0586,33.3639,32.265,32.5702,27.7473,27.6862,27.6252,27.381,41.9719,42.7045,42.094,41.9719,33.0586,33.4249,32.8144,33.7302,25.2442,24.8779,25.2442,24.9389,42.5214,42.7656,41.7888,42.4603,32.7534,32.7534,32.9976,32.2039,25.6716,25.7326,25.3053,29.5177,42.9487,43.4982,42.3382,42.4603,15.6593,15.232,30.9829,15.4762,15.3541,15.1099,38.9194,14.8657,16.0867,15.232,15.8425,15.4151,35.3175,35.5006,36.0501,35.6838,97.2222,98.0769,97.2222,98.138,59.9817,59.188,60.1038,59.7375,59,59,59,59,59.6764,59.6764,59.6764,59.3712,5.7081800000000005,0.396825,1.73993,55.525,38.7973,45.8181,37.8816,44.4139,38.1258,44.4139,2.77778,0.396825,1087.22,163.526,1406.57,0.0,1.0,1.0,1.0,1.0,0.0,0.07783949999999999,41.1248,41.073,40.554,40.9692,0.129731,14.7303,95.6808,90.2682,90.0345,97.4422,0.0,8.07143,22.3623,0.0,0.0,-116.908,97.5747,95.1803,58.508,350.772,61.3704,325.882,288.86,50.0424,426.68,425.548,423.388,524.891,511.911,597.938,428.932,422.451,527.372,507.044,597.149,406.942,404.271,520.7819999999998,520.067,613.019,406.004,404.921,519.923,518.492,615.967,434.755,434.611,534.809,532.304,610.431,435.69,434.827,536.097,535.524,609.066,597.22,596.7180000000002,22.0879,403.657,1135.08
2020-11-22 07:14:30,97.1001,97.5885,97.7717,97.4054,70.7265,70.6655,70.9096,71.5812,34.0965,34.4628,33.4249,32.9365,15.1099,14.9267,15.7814,15.293,15.232,14.6215,14.9878,15.4151,50.6471,19.3895,26.1294,31.3065,88.3516,124.884,94.5055,71.6483,59,59,59,59,58.9438,59.4933,59.2491,59.6764,59,59,59,59,11.4469,11.2027,11.2637,11.8742,11.0195,11.5079,11.0195,11.2027,11.8132,12.4847,12.4847,11.8132,54.4872,56.1355,55.2198,55.5861,25.4884,24.6337,25.0611,25.6105,43.6203,57.1123,42.5824,42.1551,33.0586,33.3639,32.265,31.8987,27.7473,27.6862,27.6252,27.381,41.9719,42.7045,42.094,41.9719,33.0586,33.4249,32.8144,33.7302,25.2442,24.8779,25.2442,24.9389,41.7888,41.1172,41.7888,42.4603,32.7534,32.7534,32.9976,32.2039,25.6716,25.7326,25.3053,29.5177,42.9487,43.4982,42.3382,42.4603,15.6593,15.232,30.9829,15.4762,15.3541,15.1099,38.9194,14.8657,16.0867,15.232,15.8425,15.4151,35.3175,35.5006,36.0501,35.6838,97.2222,98.0769,97.2222,98.138,59.9817,59.188,60.1038,59.7375,59,59,59,59,59.6764,59.6764,59.6764,59.3712,5.7081800000000005,0.396825,1.73993,55.525,38.7973,45.8181,37.8816,44.4139,38.1258,44.4139,2.77778,0.396825,1076.4,162.881,1402.34,0.0,1.0,1.0,1.0,1.0,0.0,0.07783949999999999,41.1248,41.073,40.087,40.9692,0.129731,14.7303,96.2522,88.4663,89.1222,97.4422,0.0,8.07143,22.6916,0.0,0.0,-97.0869,97.5747,95.1803,59.0692,349.55800000000005,60.1434,327.567,288.86,50.0424,426.68,425.548,423.388,524.891,513.986,597.938,427.924,422.451,527.372,507.044,597.149,406.942,404.271,520.7819999999998,519.065,613.019,406.004,404.921,519.923,518.492,615.967,434.755,434.611,534.809,532.304,610.431,435.69,434.827,536.097,534.5219999999998,609.066,597.22,596.7180000000002,21.917,402.6,1130.43
2020-11-22 07:14:35,97.1001,97.5885,97.7717,97.4054,70.7265,70.6655,70.9096,71.5812,34.0965,34.4628,33.4249,32.9365,15.1099,14.9267,15.7814,15.293,15.232,14.6215,14.9878,15.4151,51.5262,19.3895,26.1294,31.3065,89.2308,124.884,94.5055,71.6483,59,59,59,59,58.9438,59.4933,59.2491,59.6764,59,59,59,59,11.4469,11.2027,11.2637,11.8742,11.0195,10.7753,11.0195,11.2027,11.8132,12.4847,12.4847,11.8132,54.4872,56.1355,55.2198,55.5861,25.4884,24.6337,25.0611,25.6105,43.0708,57.1123,42.5824,42.1551,31.9597,32.6923,32.265,31.8987,27.7473,27.6862,27.6252,27.381,41.9719,42.094,42.094,41.9719,33.0586,33.4249,32.8144,33.7302,25.2442,24.8779,25.2442,24.9389,41.7888,41.1172,41.7888,41.9109,32.7534,32.7534,32.9976,32.2039,25.6716,25.7326,25.3053,29.5177,42.2161,42.6435,42.3382,42.4603,15.6593,15.232,30.9829,15.4762,15.3541,15.1099,38.9194,14.8657,16.0867,15.232,15.8425,15.4151,35.3175,35.5006,36.0501,35.6838,97.2222,98.0769,97.2222,98.138,59.9817,59.188,60.1038,59.7375,59,59,59,59,59.6764,59.6764,59.6764,59.3712,5.7081800000000005,0.396825,1.73993,55.525,38.7973,45.8181,37.8816,44.4139,38.1258,44.4139,2.77778,0.396825,1061.76,162.881,1408.95,0.0,1.0,1.0,1.0,1.0,0.0,0.07783949999999999,41.1248,41.073,40.087,40.9692,0.129731,14.7303,95.4579,90.73,90.1626,96.4166,0.0,8.07143,33.0425,0.0,0.0,-97.3367,97.5747,95.1803,59.6679,348.34,58.8943,328.994,288.86,50.0424,426.68,425.548,423.388,524.891,515.585,597.938,427.924,422.451,527.372,507.044,597.149,406.942,404.271,519.78,519.065,613.019,406.004,404.921,519.923,518.492,615.967,434.755,434.611,534.809,532.304,609.425,435.69,434.827,536.097,534.5219999999998,609.066,597.22,596.7180000000002,21.917,401.014,1124.5
2020-11-22 07:14:40,97.1001,97.5885,97.7717,97.4054,70.7265,70.116,69.4445,70.9096,34.0965,34.4628,33.4249,32.9365,15.1099,14.9267,15.7814,15.293,15.232,14.6215,14.9878,15.4151,51.5262,19.3895,25.2503,31.3065,88.9377,124.884,93.3333,71.6483,59,59,59,59,58.9438,59.4933,59.2491,59.6764,59,59,59,59,11.4469,11.2027,11.2637,11.8742,11.0195,10.7753,11.0195,11.2027,11.8132,12.4847,11.9353,11.8132,54.4872,56.1355,56.1355,55.5861,25.4884,24.6337,25.0611,25.6105,43.0708,57.1123,42.5824,42.1551,31.9597,32.6923,32.265,31.3492,27.7473,27.6862,27.6252,27.381,41.9719,42.094,42.094,41.9719,33.0586,33.4249,32.8144,33.7302,25.2442,24.8779,25.2442,24.9389,41.3004,41.1172,41.7888,41.9109,32.7534,32.7534,32.9976,32.2039,25.6716,25.7326,25.3053,29.5177,42.2161,42.6435,41.7888,42.4603,15.6593,15.232,30.9829,15.4762,15.3541,15.1099,38.9194,14.8657,16.0867,15.232,15.8425,15.4151,35.3175,35.5006,36.0501,35.6838,97.2222,98.0769,97.2222,98.138,59.9817,59.188,60.1038,59.7375,59,59,59,59,59.6764,59.6764,59.6764,59.3712,5.7081800000000005,0.396825,3.5103800000000005,55.525,38.7973,45.8181,37.8816,44.4139,38.1258,44.4139,2.77778,0.396825,1055.49,162.374,1406.57,0.0,1.0,1.0,1.0,1.0,0.0,0.07783949999999999,41.1248,40.6059,40.087,40.9692,0.129731,14.7303,96.0087,91.4695,90.7082,98.6561,0.0,8.07143,39.3932,0.0,0.0,-84.7313,97.5747,95.1803,59.1483,350.5490000000001,58.2597,333.99300000000005,288.86,50.0424,426.68,425.548,423.388,524.891,515.489,597.938,427.924,422.451,527.372,507.044,597.149,406.942,404.271,519.78,519.065,613.019,406.004,404.921,519.923,518.492,615.967,434.755,434.611,534.809,532.304,609.425,435.69,434.827,536.097,534.5219999999998,609.066,597.22,596.7180000000002,21.917,400.485,1120.13
2020-11-22 07:14:45,97.1001,97.5885,97.7717,97.4054,70.7265,70.116,69.4445,70.3602,34.0965,34.4628,33.4249,32.9365,15.1099,14.9267,15.7814,15.293,15.232,14.6215,14.9878,15.4151,50.5494,19.3895,25.2503,31.3065,87.1795,124.884,92.1612,71.6483,59,59,59,59,58.9438,59.4933,59.2491,59.6764,59,59,59,59,11.4469,11.2027,11.2637,11.8742,11.0195,10.7753,11.0195,11.2027,11.8132,12.4847,11.9353,11.8132,54.4872,56.1355,55.5861,55.5861,25.4884,24.6337,25.0611,24.6948,43.0708,57.1123,42.5824,41.6056,31.9597,32.6923,32.265,31.3492,27.7473,27.6862,27.6252,27.381,41.9719,42.094,41.1783,41.9719,33.0586,33.4249,32.8144,33.7302,25.2442,24.8779,25.2442,24.9389,41.3004,41.1172,41.7888,41.9109,32.7534,32.7534,32.9976,32.2039,25.6716,25.4884,25.3053,29.5177,42.2161,42.6435,41.2393,41.6667,15.6593,15.232,30.9829,15.4762,15.3541,15.1099,38.9194,14.8657,16.0867,15.232,15.8425,15.4151,35.3175,35.5006,36.0501,35.6838,97.2222,98.0769,97.2222,98.138,59.9817,59.188,60.1038,59.7375,59,59,59,59,59.6764,59.6764,59.6764,59.3712,5.7081800000000005,0.396825,3.5103800000000005,53.9988,38.7973,45.8181,37.8816,44.4139,38.1258,44.4139,2.77778,0.396825,1064.08,161.796,1400.32,0.0,1.0,1.0,1.0,1.0,0.0,0.07783949999999999,40.554,40.6059,40.087,40.5021,0.129731,14.1275,96.8478,89.9122,91.3475,97.0165,0.0,8.07143,38.24,0.0,0.0,-45.8414,97.5747,95.1803,58.3722,350.5490000000001,57.464,338.314,288.86,50.0424,426.68,425.548,423.388,524.891,511.267,597.938,427.924,422.451,527.515,507.044,597.149,406.942,404.271,519.78,519.065,613.019,406.004,404.921,519.923,518.492,615.967,434.755,434.611,534.809,532.304,609.425,435.69,434.827,535.095,534.5219999999998,609.066,597.22,596.7180000000002,21.917,399.957,1117.31
2020-11-22 07:14:50,97.1001,97.5885,97.7717,96.8559,69.0781,70.116,69.4445,70.3602,34.0965,34.4628,33.4249,32.9365,15.1099,14.9267,15.7814,15.293,15.232,14.6215,14.9878,15.4151,48.1074,19.3895,25.2503,32.1856,88.6447,124.884,91.2821,71.6483,59,59,59,59,58.9438,59.4933,59.2491,59.6764,59,59,59,59,11.4469,11.2027,11.2637,11.8742,11.0195,10.7753,11.0195,11.2027,11.8132,12.4847,11.9353,11.8132,54.4872,56.1355,55.5861,55.5861,25.4884,24.6337,25.0611,24.6948,43.0708,57.1123,41.4225,41.6056,31.9597,32.6923,32.265,30.7998,27.7473,27.6862,27.6252,27.381,41.9719,42.094,41.1783,41.9719,33.0586,33.4249,32.8144,33.7302,24.2674,24.8779,25.2442,24.9389,41.3004,41.1172,41.7888,41.9109,32.7534,32.7534,32.9976,32.2039,25.1221,25.4884,25.3053,29.5177,42.2161,42.6435,41.2393,41.6667,15.6593,15.232,30.9829,15.4762,15.3541,15.1099,38.9194,14.8657,16.0867,15.232,15.8425,15.4151,35.3175,35.5006,36.0501,35.6838,97.2222,98.0769,97.2222,98.138,59.9817,59.188,60.1038,59.7375,59,59,59,59,59.6764,59.6764,59.6764,59.3712,5.7081800000000005,0.396825,3.5103800000000005,53.9988,38.7973,45.8181,37.8816,44.4139,38.1258,44.4139,2.77778,0.396825,1070.28,161.21200000000005,1402.4,0.0,1.0,1.0,1.0,1.0,0.0,0.07783949999999999,40.554,40.6059,40.087,40.5021,0.129731,14.1275,96.0402,89.0152,88.5943,97.0165,0.0,8.07143,30.0021,0.0,0.0,-21.3075,97.5747,95.1803,58.3722,347.39,56.5898,341.64,288.86,49.0315,426.68,425.548,423.388,524.891,510.218,597.938,427.924,422.451,527.658,508.046,597.149,406.942,404.271,519.78,519.065,613.019,406.004,404.921,519.923,518.492,615.967,434.755,434.611,534.809,532.304,609.425,435.69,434.827,535.095,534.5219999999998,609.066,597.22,596.7180000000002,21.917,399.42800000000005,1114.73
2020-11-22 07:14:55,97.1001,97.5885,97.7717,96.8559,69.0781,70.116,68.895,68.5897,34.0965,34.4628,33.4249,32.9365,15.1099,14.9267,15.7814,14.7436,15.232,14.6215,14.9878,15.4151,48.1074,19.3895,25.2503,32.1856,89.6215,124.884,91.2821,71.6483,59,59,59,59,58.9438,59.4933,59.2491,59.6764,59,59,59,59,11.4469,11.2027,11.2637,11.8742,11.0195,10.7753,11.0195,11.2027,11.8132,12.4847,11.9353,11.8132,54.4872,56.1355,55.5861,55.5861,25.4884,24.6337,25.0611,24.6948,42.4603,57.1123,41.4225,41.6056,31.9597,32.6923,32.265,30.7998,27.7473,27.6862,27.6252,27.381,41.9719,40.9951,41.1783,41.9719,33.0586,33.4249,32.8144,33.7302,24.2674,24.8779,25.2442,24.9389,40.7509,41.1172,41.2393,41.9109,32.7534,32.7534,32.0818,32.2039,25.1221,25.4884,25.3053,29.5177,41.4835,42.6435,41.2393,41.6667,15.6593,15.232,30.9829,15.4762,15.3541,15.1099,38.9194,14.8657,16.0867,15.232,15.8425,15.4151,35.3175,35.5006,36.0501,35.6838,97.2222,98.0769,97.2222,98.138,59.9817,59.188,60.1038,59.7375,59,59,59,59,59.6764,59.6764,59.6764,59.3712,5.7081800000000005,0.396825,3.5103800000000005,53.9988,38.7973,45.8181,37.8816,44.4139,38.1258,44.4139,2.77778,0.396825,1075.07,160.493,1406.39,0.0,1.0,1.0,1.0,1.0,0.0,0.07783949999999999,40.554,40.087,39.5162,40.5021,0.129731,14.1275,96.4034,89.1141,90.9187,97.0165,0.0,8.07143,22.6368,0.0,0.0,-19.1173,97.5747,95.1803,57.6982,346.085,54.1221,345.25,288.86,49.0315,426.68,425.548,423.388,524.891,511.267,597.938,427.924,422.451,527.658,508.046,597.149,406.942,404.271,519.78,519.065,613.019,406.004,404.921,519.923,518.492,614.96,434.755,434.611,534.809,532.304,609.425,435.69,434.827,535.095,534.5219999999998,609.066,597.22,596.7180000000002,21.917,398.371,1113.06
2020-11-22 07:15:00,97.1001,97.5885,97.7717,96.8559,68.5287,69.5666,68.895,68.5897,34.0965,34.4628,33.4249,32.9365,15.1099,14.9267,15.7814,16.0867,15.232,14.6215,14.9878,15.4151,49.1819,18.5104,25.2503,33.1624,89.6215,124.884,92.3565,71.6483,59,59,59,59,58.9438,59.4933,59.2491,59.6764,59,59,59,59,11.4469,11.2027,11.2637,11.8742,10.4701,10.7753,11.0195,11.2027,11.8132,12.4847,11.9353,11.8132,54.4872,56.1355,55.5861,55.5861,25.4884,24.6337,25.0611,24.6948,42.4603,57.1123,40.87300000000001,41.6056,31.9597,32.6923,32.265,30.7998,27.7473,27.6862,27.6252,27.381,41.9719,41.6667,41.1783,41.9719,33.0586,33.4249,32.8144,33.7302,24.2674,24.3284,25.2442,24.9389,40.7509,41.1172,41.2393,41.3614,32.7534,32.7534,32.0818,32.2039,25.1221,23.84,25.3053,29.5177,41.4835,42.6435,41.2393,41.9719,15.6593,15.232,30.9829,15.4762,15.3541,15.1099,38.9194,14.8657,16.0867,15.232,15.8425,15.4151,35.3175,35.5006,36.0501,35.6838,97.2222,98.0769,97.2222,98.138,59.9817,59.188,60.1038,59.7375,59,59,59,59,59.6764,59.6764,59.6764,59.3712,5.7081800000000005,0.396825,3.5103800000000005,54.9756,40.812,46.978,37.8816,45.6349,38.1258,44.4139,2.77778,0.396825,1079.97,161.687,1398.91,0.0,1.0,1.0,1.0,1.0,0.0,0.07783949999999999,41.1248,41.0211,40.1389,40.5021,0.129731,14.7744,97.9911,89.2223,88.5062,97.6471,0.0,8.07143,22.483,0.0,0.0,-36.9714,97.5747,95.1803,56.465,346.772,54.8707,347.681,288.86,49.0315,426.68,425.548,422.379,524.891,513.7,597.938,427.924,422.451,527.658,508.046,597.149,406.942,404.271,519.78,519.065,613.019,406.004,404.921,519.923,518.492,614.96,434.755,434.611,534.809,532.304,609.425,435.69,434.827,535.095,534.5219999999998,609.066,598.225,596.7180000000002,21.917,397.842,1110.67
2020-11-22 07:15:05,97.1001,97.5885,97.7717,96.8559,68.5287,69.5666,67.9182,68.5897,34.0965,34.4628,33.4249,32.9365,15.1099,14.9267,15.7814,15.5372,15.232,14.6215,14.9878,15.4151,49.1819,19.5849,25.2503,33.1624,88.7424,123.516,91.2821,71.6483,59,59,59,59,58.9438,59.4933,59.2491,59.6764,59,59,59,59,11.4469,11.2027,11.2637,11.8742,10.4701,10.7753,11.0195,11.2027,11.8132,12.4847,11.9353,11.8132,54.4872,56.1355,55.5861,55.5861,25.4884,24.6337,25.0611,24.6948,42.4603,56.5629,41.7888,41.6056,31.9597,32.6923,32.265,30.1893,27.7473,27.6862,27.6252,27.381,41.3614,41.1172,41.1783,41.4225,33.0586,33.4249,32.8144,33.7302,24.2674,24.3284,25.2442,24.9389,40.7509,41.1172,41.2393,41.3614,32.0818,32.7534,32.0818,32.2039,25.1221,25.3663,25.3053,29.5177,41.4835,42.6435,41.2393,41.3004,15.6593,15.232,30.9829,15.4762,15.3541,15.1099,38.9194,14.8657,16.0867,15.232,15.8425,15.4151,35.3175,35.5006,36.0501,35.6838,97.2222,98.0769,97.2222,98.138,59.9817,59.188,60.1038,59.7375,59,59,59,59,59.6764,59.6764,59.6764,59.3712,5.7081800000000005,0.396825,5.4029300000000005,54.9756,40.812,46.978,39.591,45.6349,38.1258,45.5128,2.77778,0.396825,1070.31,164.22799999999995,1398.45,0.0,1.0,1.0,1.0,1.0,0.0,0.07783949999999999,41.6438,41.5919,41.073,41.6438,0.129731,15.5388,95.9492,90.1113,89.571,97.6471,0.0,8.07143,39.5089,0.0,0.0,-27.7754,97.5747,95.1803,56.465,348.356,54.2315,345.856,288.86,49.0315,426.68,424.54,422.379,524.891,515.275,597.938,426.916,422.451,527.8009999999998,508.046,597.149,406.942,404.271,519.78,519.065,613.019,406.004,404.921,519.923,518.492,614.96,434.755,434.611,534.809,532.304,609.425,435.69,434.827,535.095,534.5219999999998,609.066,598.225,596.7180000000002,21.917,397.842,1110.01
2020-11-22 07:15:10,97.1001,97.0391,97.7717,96.8559,68.5287,69.5666,67.9182,68.5897,34.0965,34.4628,33.4249,32.9365,15.1099,14.9267,15.7814,14.8046,15.232,14.6215,14.9878,14.8657,47.2283,19.5849,25.2503,31.8926,87.6679,123.516,91.2821,71.6483,59,59,59,59,58.9438,59.4933,59.2491,59.6764,59,59,59,59,11.4469,11.2027,11.2637,11.8742,10.4701,10.7753,11.0195,11.2027,11.8132,12.4847,11.9353,11.8132,54.4872,56.1355,55.5861,55.5861,24.9389,24.6337,24.5116,24.6948,42.4603,56.5629,41.7888,41.6056,31.9597,32.6923,32.265,30.1893,27.7473,27.6862,27.6252,27.381,41.3614,41.1172,41.1783,41.4225,33.0586,33.4249,32.8144,33.7302,24.2674,24.3284,24.3895,24.9389,40.7509,41.1172,41.2393,41.3614,32.0818,32.7534,32.0818,32.2039,25.1221,25.3663,25.3053,29.5177,41.4835,42.6435,41.2393,41.3004,15.6593,15.232,30.9829,15.4762,15.3541,15.1099,38.9194,14.8657,16.0867,15.232,15.8425,15.4151,35.3175,35.5006,36.0501,35.6838,97.2222,98.0769,97.2222,98.138,59.9817,59.188,60.1038,59.7375,59,59,59,59,59.6764,59.6764,59.6764,59.3712,5.7081800000000005,0.396825,5.4029300000000005,54.9756,40.812,46.978,39.591,46.8559,38.1258,45.5128,2.77778,0.396825,1078.81,166.41099999999997,1393.32,0.0,1.0,1.0,1.0,1.0,0.0,0.07783949999999999,41.6438,41.5919,41.073,41.6438,0.129731,15.5388,97.4196,90.1113,90.0193,97.0052,0.0,8.07143,42.6471,0.0,0.0,-35.1484,97.5747,95.1803,55.8607,350.925,53.1747,342.773,288.86,49.0315,426.68,424.54,422.379,524.891,513.557,598.943,426.916,422.451,527.8009999999998,508.046,597.149,406.942,404.271,519.78,519.065,613.019,406.004,404.921,518.922,518.492,614.96,434.755,434.611,534.809,532.304,609.425,435.69,434.827,535.095,534.5219999999998,609.066,598.225,596.7180000000002,21.917,398.899,1109.49
2020-11-22 07:15:15,97.1001,97.0391,97.7717,96.8559,67.0024,69.0171,66.8193,67.6129,34.0965,34.4628,33.4249,32.9365,15.1099,14.9267,15.7814,14.8046,15.232,14.6215,14.9878,14.8657,46.3492,19.5849,26.1294,31.8926,86.7888,122.637,92.2588,71.6483,59,59,59,59,58.9438,59.4933,59.2491,59.6764,59,59,59,59,11.4469,11.2027,11.2637,11.8742,10.4701,10.7753,11.0195,11.2027,11.8132,12.4847,11.9353,11.8132,54.4872,56.1355,55.5861,55.5861,24.9389,24.6337,24.5116,24.6948,42.4603,56.5629,41.7888,41.6056,31.9597,32.6923,32.265,29.6398,27.7473,27.6862,27.6252,27.381,41.3614,41.1172,41.1783,41.4225,33.0586,33.4249,32.8144,33.7302,24.2674,24.3284,24.3895,24.9389,40.7509,41.1172,41.2393,41.3614,32.0818,32.7534,32.0818,32.2039,25.1221,25.3663,25.3053,29.5177,41.4835,42.6435,41.2393,41.3004,15.6593,15.232,30.9829,15.4762,15.3541,15.1099,38.9194,14.8657,16.0867,15.232,15.8425,15.4151,35.3175,35.5006,36.0501,35.6838,97.2222,98.0769,97.2222,98.138,59.9817,59.188,60.1038,59.7375,59,59,59,59,59.6764,59.6764,59.6764,59.3712,5.7081800000000005,0.396825,5.4029300000000005,56.0745,40.812,48.0159,39.591,46.8559,38.1258,45.5128,2.77778,0.396825,1090.86,167.9,1401.74,0.0,1.0,1.0,1.0,1.0,0.0,0.07783949999999999,42.1627,42.0589,41.5919,42.1108,0.129731,15.5388,97.7573,89.2354,90.7579,96.3462,0.0,8.07143,37.3542,0.0,0.0,-59.753,97.5747,95.1803,54.0884,353.3640000000001,53.1747,340.649,288.86,49.0315,426.68,424.54,422.379,524.891,509.335,598.943,426.916,422.451,527.944,508.046,597.149,406.942,404.271,519.78,519.065,613.019,406.004,404.921,518.922,517.49,614.96,434.755,434.611,534.809,532.304,609.425,435.69,434.827,535.095,534.5219999999998,608.06,598.225,596.7180000000002,21.917,399.42800000000005,1111.83
2020-11-22 07:15:20,97.1001,97.0391,97.1001,96.8559,67.0024,65.3541,66.2088,66.8193,34.0965,34.4628,33.4249,32.9365,15.1099,14.9267,15.7814,14.8046,15.232,14.6215,14.9878,14.8657,46.3492,19.5849,26.1294,31.0134,86.7888,122.637,93.3333,71.6483,59,59,59,59,58.9438,59.4933,59.2491,59.6764,59,59,59,59,11.4469,11.2027,11.2637,11.8742,10.4701,10.7753,11.0195,11.2027,11.8132,12.4847,11.9353,11.8132,54.4872,56.1355,55.5861,55.5861,24.9389,24.6337,24.5116,24.6948,42.4603,56.5629,41.7888,41.6056,31.9597,32.6923,32.265,29.6398,27.7473,27.6862,27.6252,27.381,41.3614,41.1172,41.1783,41.4225,33.0586,33.4249,32.8144,33.7302,24.2674,24.3284,24.3895,24.9389,40.7509,41.1172,40.6899,41.3614,32.0818,32.7534,32.0818,32.2039,25.1221,23.84,25.3053,29.5177,41.4835,42.6435,41.2393,41.3004,15.6593,15.232,30.9829,15.4762,15.3541,15.1099,38.9194,14.8657,16.0867,15.232,15.8425,15.4151,35.3175,35.5006,36.0501,35.6838,97.2222,98.0769,97.2222,98.138,59.9817,59.188,60.1038,59.7375,59,59,59,59,59.6764,59.6764,59.6764,59.3712,5.7081800000000005,0.396825,5.4029300000000005,56.0745,40.812,48.0159,39.591,46.8559,40.1404,47.1001,2.77778,0.396825,1102.73,169.16299999999995,1393.82,0.0,1.0,1.0,1.0,1.0,0.0,0.07783949999999999,42.6297,42.5778,42.0589,42.6297,0.129731,14.1569,96.8035,90.3561,90.7579,96.3282,0.0,7.97253,28.2141,0.0,0.0,-52.9251,97.5747,95.1803,53.3208,356.209,52.392,339.256,288.86,49.0315,426.68,424.54,422.379,524.891,509.335,598.943,426.916,422.451,527.944,508.046,597.149,406.942,404.271,519.78,519.065,613.019,406.004,404.921,518.922,517.49,614.96,434.755,434.611,534.809,532.304,609.425,435.69,434.827,535.095,534.5219999999998,608.06,598.225,596.7180000000002,21.746,399.42800000000005,1113.92
2020-11-22 07:15:25,95.9402,97.0391,97.1001,96.8559,66.2698,65.3541,66.2088,66.8193,34.0965,34.4628,33.4249,32.9365,15.1099,14.9267,15.7814,14.8046,15.232,14.6215,14.9878,14.8657,47.2283,19.5849,26.1294,32.0879,86.7888,122.637,93.3333,70.6715,59,59,59,59,58.9438,59.4933,59.2491,59.6764,59,59,59,59,11.4469,11.2027,11.2637,11.8742,10.4701,10.7753,11.0195,11.2027,11.8132,12.4847,11.9353,11.8132,54.4872,56.1355,55.5861,55.5861,24.9389,24.6337,24.5116,24.6948,42.4603,56.5629,41.7888,41.6056,31.9597,32.6923,32.265,29.0904,27.7473,27.6862,27.6252,27.381,41.3614,41.7277,41.1783,41.4225,33.0586,33.4249,32.8144,33.7302,24.2674,24.3284,24.3895,24.9389,40.7509,41.1172,40.6899,41.3614,32.0818,32.7534,32.0818,32.2039,25.1221,25.4884,25.3053,29.5177,41.4835,42.6435,41.2393,41.3004,15.6593,15.232,30.9829,15.4762,15.3541,15.1099,38.9194,14.8657,16.0867,15.232,15.8425,15.4151,35.3175,35.5006,36.0501,35.6838,97.2222,98.0769,97.2222,98.138,59.9817,59.188,60.1038,59.7375,59,59,59,59,59.6764,59.6764,59.6764,59.3712,5.7081800000000005,0.396825,5.4029300000000005,56.0745,40.812,48.0159,39.591,46.8559,40.1404,47.1001,2.77778,0.396825,1109.8,170.605,1390.97,0.0,1.0,1.0,1.0,1.0,0.0,0.07783949999999999,43.0968,43.0449,42.0589,42.6297,0.129731,14.1569,96.1748,90.6715,89.3146,96.3282,0.0,7.97253,19.0767,0.0,0.0,-45.5736,97.5747,95.1803,53.3208,356.76199999999994,52.9199,339.256,288.86,49.0315,426.68,424.54,422.379,524.891,510.48,598.943,426.916,422.451,527.944,508.046,597.149,406.942,404.271,519.78,519.065,613.019,406.004,404.921,518.922,517.49,614.96,434.755,434.611,534.809,532.304,609.425,435.69,434.827,535.095,534.5219999999998,608.06,598.225,596.7180000000002,21.746,400.485,1116.91
2020-11-22 07:15:30,95.9402,97.0391,97.1001,96.8559,64.4994,64.8046,65.1099,65.9035,34.0965,34.4628,33.4249,32.9365,15.1099,14.9267,15.7814,14.8046,15.232,14.6215,14.9878,14.8657,47.2283,19.5849,26.1294,32.0879,86.7888,121.661,93.3333,69.7924,59,59,59,59,58.9438,59.4933,59.2491,59.6764,59,59,59,59,11.4469,11.2027,11.2637,11.8742,11.0195,10.7753,11.0195,11.2027,11.8132,12.4847,11.9353,11.8132,54.4872,56.1355,55.5861,55.5861,24.9389,24.6337,24.5116,24.6948,42.4603,56.5629,41.7888,41.6056,31.9597,32.6923,32.265,29.0904,27.7473,27.6862,27.6252,27.381,41.3614,41.7277,41.1783,41.4225,33.0586,33.4249,32.8144,33.7302,24.2674,24.3284,24.3895,24.9389,41.5446,41.1172,41.2393,41.3614,32.0818,32.7534,32.6313,32.2039,25.1221,25.4884,25.3053,29.5177,41.4835,42.6435,41.2393,42.3382,15.6593,15.232,30.9829,15.4762,15.3541,15.1099,38.9194,14.8657,16.0867,15.232,15.8425,15.4151,35.3175,35.5006,36.0501,35.6838,97.2222,98.0769,97.2222,98.138,59.9817,59.188,60.1038,59.7375,59,59,59,59,59.6764,59.6764,59.6764,59.3712,5.7081800000000005,0.396825,5.4029300000000005,57.2955,40.812,48.0159,39.591,47.7717,40.1404,47.1001,2.77778,0.396825,1103.78,171.919,1393.93,0.0,1.0,1.0,1.0,1.0,0.0,0.07783949999999999,43.0968,43.0449,42.5259,43.0968,0.129731,14.1569,97.6764,90.7767,89.3146,96.3282,0.0,7.97253,36.333,0.0,0.0,-53.5702,97.5747,95.1803,54.0341,355.139,52.1781,336.686,288.86,49.0315,426.68,424.54,422.379,524.891,512.984,598.943,426.916,421.443,527.8009999999998,508.046,597.149,406.942,404.271,519.78,519.065,613.019,406.004,404.921,518.922,517.49,614.96,434.755,434.611,534.809,532.304,609.425,435.69,434.827,535.095,534.5219999999998,608.06,598.225,596.7180000000002,21.746,401.543,1119.72
2020-11-22 07:15:35,95.9402,96.2454,97.1001,96.3065,63.9499,64.8046,65.1099,65.9035,34.0965,34.4628,33.4249,32.9365,15.1099,14.9267,15.7814,14.8046,15.232,14.6215,14.9878,14.8657,48.3028,19.5849,26.1294,32.0879,85.9096,120.781,92.7473,69.7924,59,59,59,59,58.9438,59.4933,59.2491,59.6764,59,59,59,59,11.4469,11.2027,11.2637,11.8742,11.0195,10.7753,11.0195,11.2027,11.8132,12.4847,11.9353,11.8132,54.4872,56.1355,55.5861,55.5861,24.9389,24.6337,25.5495,24.6948,42.4603,57.1123,42.3993,41.6056,31.9597,32.6923,32.265,34.2186,27.7473,27.6862,27.6252,27.381,41.3614,41.7277,42.1551,40.87300000000001,33.0586,33.4249,32.8144,33.7302,24.2674,24.3284,24.3895,24.9389,41.5446,41.1172,41.2393,42.094,32.0818,32.7534,32.6313,32.2039,25.1221,25.4884,25.3053,29.5177,42.5824,42.6435,41.2393,42.3382,15.6593,15.232,30.9829,15.4762,15.3541,15.1099,38.9194,14.8657,16.0867,15.232,15.8425,15.4151,35.3175,35.5006,36.0501,35.6838,97.2222,98.0769,97.2222,98.138,59.9817,59.188,60.1038,59.7375,59,59,59,59,59.6764,59.6764,59.6764,59.3712,5.7081800000000005,0.396825,5.4029300000000005,57.2955,40.812,48.0159,39.591,47.7717,40.1404,47.1001,2.77778,0.396825,1104.96,172.51,1393.2,0.0,1.0,1.0,1.0,1.0,0.0,0.07783949999999999,43.0968,43.5638,42.5259,43.0968,0.129731,14.7597,96.979,89.5579,91.2548,96.2312,0.0,7.97253,40.7709,0.0,0.0,-32.4704,97.5747,95.1803,54.0341,353.722,50.8368,332.341,288.86,49.0315,426.68,424.54,422.379,524.891,511.625,598.943,426.916,421.443,527.658,508.046,597.149,406.942,404.271,519.78,519.065,613.019,406.004,404.921,518.922,517.49,614.96,434.755,434.611,534.809,532.304,609.425,435.69,434.827,535.095,534.5219999999998,608.06,598.225,596.7180000000002,21.746,401.543,1123.16
2020-11-22 07:15:40,95.9402,96.2454,97.1001,96.3065,63.9499,64.8046,65.1099,64.2552,34.0965,34.4628,33.4249,32.9365,15.1099,14.9267,15.7814,14.8046,15.232,14.6215,14.9878,14.8657,47.4237,19.5849,26.1294,32.0879,85.0305,120.781,91.3797,69.7924,59,59,59,59,58.9438,59.4933,59.2491,59.6764,59,59,59,59,11.4469,11.2027,11.2637,11.8742,11.0195,10.7753,11.0195,11.2027,11.8132,12.4847,11.9353,11.8132,54.4872,56.1355,55.5861,55.5861,26.0379,24.6337,25.5495,24.6948,42.4603,57.1123,42.3993,42.5824,31.9597,32.6923,32.265,34.2186,27.7473,27.6862,27.6252,27.381,41.3614,42.2772,42.1551,42.2772,33.0586,33.4249,32.8144,33.7302,24.8168,24.8779,24.3895,24.9389,41.5446,41.1172,41.2393,42.094,32.0818,32.7534,32.6313,32.2039,25.1221,25.4884,25.3053,29.5177,42.5824,42.6435,41.2393,42.3382,15.6593,15.232,30.9829,15.4762,15.3541,15.1099,38.9194,14.8657,16.0867,15.232,15.8425,15.4151,35.3175,35.5006,36.0501,35.6838,97.2222,98.0769,97.2222,98.138,59.9817,59.188,60.1038,59.7375,59,59,59,59,59.6764,59.6764,59.6764,59.3712,5.7081800000000005,0.396825,5.4029300000000005,57.2955,40.812,48.0159,39.591,47.7717,40.1404,47.1001,2.77778,0.396825,1112.11,173.053,1385.36,0.0,1.0,1.0,1.0,1.0,0.0,0.07783949999999999,43.5638,43.5638,42.993,43.5638,0.129731,14.7597,97.0814,87.0839,89.3918,96.2312,0.0,7.97253,36.9371,0.0,0.0,-37.6084,97.5747,95.1803,53.4733,351.646,50.8162,329.472,288.86,49.0315,426.68,424.54,421.37,524.891,509.836,598.943,426.916,421.443,527.515,508.046,597.149,406.942,404.271,519.78,519.065,613.019,406.004,404.921,518.922,517.49,614.96,434.755,434.611,534.809,532.304,609.425,435.69,434.827,535.095,534.5219999999998,608.06,598.225,596.7180000000002,21.746,402.071,1126.77
2020-11-22 07:15:45,95.9402,96.2454,96.5507,96.3065,63.9499,64.2552,63.7668,64.2552,34.0965,34.4628,33.4249,32.9365,15.1099,14.9267,15.7814,14.8046,15.232,14.6215,14.9878,14.8657,45.4701,19.5849,26.1294,32.0879,84.0537,121.661,90.5006,69.7924,59,59,59,59,58.9438,59.4933,59.2491,59.6764,59,59,59,59,11.4469,11.2027,11.2637,11.8742,11.0195,10.7753,11.0195,11.2027,11.8132,12.4847,11.9353,11.8132,54.4872,56.1355,55.5861,55.5861,26.0379,24.6337,25.5495,24.6948,43.6813,57.1123,42.3993,42.5824,31.9597,32.6923,32.265,34.2186,27.7473,27.6862,27.6252,27.381,42.5824,42.2772,42.1551,42.2772,33.0586,33.4249,34.1575,33.7302,24.8168,24.8779,24.3895,24.9389,41.5446,41.1172,41.2393,42.094,33.1197,32.7534,32.6313,32.2039,25.6716,26.0989,25.3053,29.5177,42.5824,42.6435,42.094,42.3382,15.6593,15.232,30.9829,15.4762,15.3541,15.1099,38.9194,14.8657,16.0867,15.232,15.8425,15.4151,35.3175,35.5006,36.0501,35.6838,97.2222,98.0769,97.2222,98.138,59.9817,59.188,60.1038,59.7375,59,59,59,59,59.6764,59.6764,59.6764,59.3712,5.7081800000000005,0.396825,5.4029300000000005,57.2955,40.812,49.2979,39.591,47.7717,40.1404,47.1001,2.77778,0.396825,1121.47,173.58900000000003,1382.73,0.0,1.0,1.0,1.0,1.0,0.0,0.07783949999999999,43.5638,43.5638,42.993,43.5638,0.129731,14.7597,96.4385,88.5399,89.6505,96.9128,0.0,7.97253,30.107,0.0,0.0,-43.4151,97.5747,95.1803,54.0784,351.023,52.0345,325.258,288.86,49.0315,426.68,423.532,421.37,523.865,508.619,598.943,426.916,421.443,527.372,508.046,597.149,406.942,404.271,519.78,519.065,613.019,406.004,404.921,518.922,517.49,614.96,434.755,434.611,533.807,532.304,609.425,435.69,434.827,535.095,534.5219999999998,608.06,598.225,596.7180000000002,21.746,402.6,1130.38
2020-11-22 07:15:50,95.9402,96.2454,96.5507,96.3065,63.9499,64.2552,63.2173,64.2552,34.0965,34.4628,33.4249,32.9365,15.1099,14.9267,15.7814,14.8046,15.232,14.6215,14.9878,14.8657,45.4701,19.5849,25.2503,30.9158,83.0769,121.661,90.5983,68.4249,59,59,59,59,58.9438,59.4933,59.2491,59.6764,59,59,59,59,11.4469,11.2027,11.2637,11.8742,11.0195,11.3858,11.0195,11.2027,11.8132,12.4847,11.9353,11.8132,54.4872,56.1355,55.5861,55.5861,26.0379,24.6337,25.5495,24.6948,43.6813,57.1123,42.3993,42.5824,31.9597,32.6923,32.8144,34.2186,27.7473,27.6862,27.6252,27.381,42.5824,42.2772,42.1551,42.2772,33.0586,33.4249,33.4249,33.7302,24.8168,24.8779,25.4274,24.9389,42.7656,41.7277,41.2393,42.094,32.5702,32.7534,32.6313,32.2039,25.6716,26.0989,25.3053,29.5177,42.5824,42.6435,42.094,42.3382,15.6593,15.232,30.9829,15.4762,15.3541,15.1099,38.9194,14.8657,16.0867,15.232,15.8425,15.4151,35.3175,35.5006,36.0501,35.6838,97.2222,98.0769,97.2222,98.138,59.9817,59.188,60.1038,59.7375,59,59,59,59,59.6764,59.6764,59.6764,59.3712,5.7081800000000005,0.396825,5.4029300000000005,57.2955,40.812,49.2979,39.591,47.7717,40.1404,47.1001,2.77778,0.396825,1121.43,173.58900000000003,1385.86,0.0,1.0,1.0,1.0,1.0,0.0,0.07783949999999999,43.5638,43.5638,42.993,43.5638,0.129731,15.3771,96.6139,90.8941,90.3273,96.0121,0.0,7.97253,24.1822,0.0,0.0,-28.6996,97.5747,95.1803,53.5034,353.214,53.744,320.822,288.86,49.0315,426.68,423.532,421.37,523.865,508.619,598.943,426.916,421.443,527.085,508.046,597.149,406.942,404.271,519.78,519.065,613.019,406.004,404.921,518.922,517.49,614.96,434.755,434.611,533.807,531.302,609.425,435.69,434.827,535.095,534.5219999999998,608.06,598.225,596.7180000000002,21.746,403.129,1133.51
2020-11-22 07:15:55,95.9402,96.2454,96.5507,96.3065,62.7289,63.7057,63.2173,63.0952,34.0965,34.4628,33.4249,32.9365,15.1099,14.9267,15.7814,15.4762,15.232,14.6215,14.9878,14.8657,45.4701,19.5849,25.2503,29.8413,83.0769,120.781,91.8681,68.4249,59,59,59,59,58.9438,59.4933,59.2491,59.6764,59,59,59,59,11.4469,11.2027,11.2637,11.8742,11.0195,11.3858,11.0195,11.2027,11.8132,12.4847,11.9353,11.8132,54.4872,56.1355,55.5861,55.5861,26.0379,24.6337,25.5495,25.3663,43.6813,57.6618,42.3993,42.5824,31.9597,32.6923,32.8144,34.2186,27.7473,27.6862,27.6252,27.381,42.5824,42.8266,42.1551,42.2772,33.0586,33.4249,33.4249,33.7302,24.8168,24.8779,25.4274,24.9389,42.7656,42.2772,41.8498,42.094,32.5702,32.7534,32.6313,32.2039,25.6716,26.0989,25.3053,29.5177,42.5824,42.6435,42.094,43.315,15.6593,15.232,30.9829,15.4762,15.3541,15.1099,38.9194,14.8657,16.0867,15.232,15.8425,15.4151,35.3175,35.5006,36.0501,35.6838,97.2222,98.0769,97.2222,98.138,59.9817,59.188,60.1038,59.7375,59,59,59,59,59.6764,59.6764,59.6764,59.3712,5.7081800000000005,0.396825,5.4029300000000005,57.2955,40.812,48.2601,37.7595,47.7717,38.1258,47.1001,2.77778,0.396825,1103.8,171.905,1375.68,0.0,1.0,1.0,1.0,1.0,0.0,0.07783949999999999,43.0968,43.0449,42.5259,43.0968,0.129731,15.3771,95.534,89.9581,89.4488,95.9342,0.0,7.97253,26.935,0.0,0.0,-10.2272,97.5747,95.1803,53.5034,354.973,54.333,318.902,288.86,49.0315,426.68,423.532,421.37,523.865,509.621,598.943,425.908,421.443,526.942,508.046,597.149,406.942,404.271,518.779,518.063,613.019,406.004,404.921,518.922,517.49,614.96,434.755,434.611,533.807,531.302,608.419,435.69,434.827,535.095,534.5219999999998,608.06,598.225,596.7180000000002,21.5751,402.6,1134.83
2020-11-22 07:16:00,95.9402,96.2454,96.5507,96.3065,62.7289,63.7057,62.0574,63.0952,34.0965,34.4628,33.4249,32.9365,15.1099,14.9267,15.7814,15.4762,15.232,14.6215,14.9878,14.8657,45.4701,19.5849,24.3712,31.7949,83.0769,121.758,92.7473,68.4249,59,59,59,59,58.9438,59.4933,59.2491,59.6764,59,59,59,59,11.4469,11.2027,11.2637,11.8742,11.0195,11.3858,11.0195,11.2027,11.8132,12.4847,11.9353,11.8132,54.4872,56.1355,55.5861,55.5861,26.0379,24.6337,25.5495,25.3663,43.6813,58.4554,42.3993,42.5824,32.5702,32.6923,32.8144,34.2186,27.7473,27.6862,27.6252,27.381,42.5824,42.8266,42.1551,42.2772,33.0586,33.4249,33.4249,33.7302,24.8168,24.8779,25.4274,24.9389,42.7656,42.2772,41.8498,42.094,32.5702,32.7534,32.6313,32.7534,25.6716,25.6105,25.3053,29.5177,42.5824,42.6435,42.094,42.7656,15.6593,15.232,30.9829,15.4762,15.3541,15.1099,38.9194,14.8657,16.0867,15.232,15.8425,15.4151,35.3175,35.5006,36.0501,35.6838,97.2222,98.0769,97.2222,98.138,59.9817,59.188,60.1038,59.7375,59,59,59,59,59.6764,59.6764,59.6764,59.3712,5.7081800000000005,0.396825,5.4029300000000005,57.2955,40.812,48.2601,37.7595,47.7717,38.1258,47.1001,2.77778,0.396825,1087.16,171.377,1386.75,0.0,1.0,1.0,1.0,1.0,0.0,0.07783949999999999,43.0968,43.0449,42.5259,43.0968,0.129731,15.3771,97.8742,91.7711,89.7824,96.6792,0.0,7.97253,34.4408,0.0,0.0,-13.3873,97.5747,95.1803,52.8419,354.973,54.8686,319.645,288.86,49.0315,426.68,423.532,421.37,523.865,510.837,598.943,425.908,421.443,526.656,508.046,597.149,406.942,404.271,518.779,518.063,613.019,406.004,404.921,518.922,517.49,614.96,434.755,434.611,533.807,531.302,608.419,435.69,434.827,535.095,533.52,608.06,598.225,596.7180000000002,21.5751,404.186,1133.61
2020-11-22 07:16:05,95.3907,96.2454,96.5507,96.3065,61.0806,63.7057,61.5079,61.3858,34.0965,34.4628,33.4249,32.9365,15.1099,14.9267,15.7814,15.4762,15.232,14.6215,14.9878,14.8657,45.4701,20.464,24.3712,32.7717,85.2259,123.028,91.4774,68.4249,59,59,59,59,58.9438,59.4933,59.2491,59.6764,59,59,59,59,11.4469,11.2027,11.2637,11.8742,11.0195,11.3858,11.0195,11.2027,11.8132,12.4847,11.9353,11.8132,54.4872,56.1355,55.5861,55.5861,26.0379,25.2442,26.0989,25.3663,43.6813,58.4554,42.3993,42.5824,32.5702,32.6923,32.8144,34.2186,27.7473,27.6862,27.6252,27.381,42.5824,42.8266,42.1551,42.2772,33.0586,33.4249,33.4249,33.7302,24.8168,24.8779,25.4274,24.9389,42.7656,42.8877,41.8498,42.094,32.5702,32.7534,32.6313,32.7534,25.6716,26.221,25.3053,29.5177,42.5824,42.6435,42.094,42.7656,15.6593,15.232,30.9829,15.4762,15.3541,15.1099,38.9194,14.8657,16.0867,15.232,15.8425,15.4151,35.3175,35.5006,36.0501,35.6838,97.2222,98.0769,97.2222,98.138,59.9817,59.188,60.1038,59.7375,59,59,59,59,59.6764,59.6764,59.6764,59.3712,5.7081800000000005,0.396825,5.4029300000000005,57.2955,40.812,48.2601,37.7595,47.7717,38.1258,47.1001,2.77778,0.396825,1089.81,171.377,1388.18,0.0,1.0,1.0,1.0,1.0,0.0,0.07783949999999999,43.0968,43.0449,42.5259,43.0968,0.129731,15.3771,97.8742,89.8832,89.7441,97.0736,0.0,7.97253,32.6947,0.0,0.0,-30.801,97.5747,95.1803,52.2954,354.973,53.7309,322.741,288.86,49.0315,426.68,423.532,421.37,523.865,510.837,598.943,425.908,421.443,526.513,508.046,597.149,406.942,404.271,518.779,518.063,613.019,406.004,404.921,518.922,517.49,614.96,434.755,434.611,533.807,531.302,608.419,435.69,434.827,535.095,533.52,608.06,598.225,596.7180000000002,21.5751,404.715,1132.01
2020-11-22 07:16:10,95.3907,95.696,95.9402,95.757,60.4701,63.7057,61.5079,60.7753,34.0965,34.4628,33.4249,32.9365,15.1099,14.9267,15.7814,15.4762,15.232,14.6215,14.9878,14.8657,47.326,19.4872,24.3712,32.7717,87.2772,123.028,91.4774,68.4249,59,59,59,59,58.9438,59.4933,59.2491,59.6764,59,59,59,59,11.4469,11.2027,11.2637,11.8742,11.0195,11.3858,11.0195,11.2027,11.8132,12.4847,11.9353,11.8132,54.4872,56.1355,55.5861,55.5861,26.0379,25.2442,26.0989,25.3663,43.6813,58.4554,42.3993,42.5824,32.5702,32.6923,32.8144,34.2186,27.7473,27.6862,27.6252,28.0525,42.5824,42.8266,42.1551,42.2772,33.0586,33.4249,33.4249,33.7302,24.8168,24.8779,25.4274,24.9389,42.7656,43.4371,41.8498,42.094,32.5702,32.7534,32.6313,32.7534,25.6716,26.221,25.3053,29.5177,42.5824,42.6435,42.094,42.7656,15.6593,15.232,30.9829,15.4762,15.3541,15.1099,38.9194,14.8657,16.0867,15.232,15.8425,15.4151,35.3175,35.5006,36.0501,35.6838,97.2222,98.0769,97.2222,98.138,59.9817,59.188,60.1038,59.7375,59,59,59,59,59.6764,59.6764,59.6764,59.3712,5.7081800000000005,0.396825,5.4029300000000005,56.0745,40.812,48.2601,37.7595,47.7717,38.1258,47.1001,2.77778,0.396825,1093.37,172.562,1390.04,0.0,1.0,1.0,1.0,1.0,0.0,0.07783949999999999,43.0968,43.0449,42.5259,43.0968,0.129731,14.6126,94.9769,89.1617,90.6882,96.434,0.0,7.97253,28.724,0.0,0.0,-43.4696,97.5747,95.1803,55.7018,351.588,53.7309,326.76,288.86,49.0315,425.673,422.523,420.362,522.863,509.692,598.943,425.908,421.443,526.37,508.046,597.149,406.942,404.271,518.779,518.063,612.013,406.004,404.921,518.922,517.49,614.96,434.755,434.611,533.807,531.302,608.419,435.69,434.827,535.095,533.52,608.06,598.225,596.7180000000002,21.5751,403.657,1130.26
2020-11-22 07:16:15,95.3907,95.696,95.9402,95.757,60.4701,63.7057,61.5079,60.7753,34.0965,34.4628,33.4249,32.9365,15.1099,14.9267,15.7814,15.4762,15.232,14.6215,14.9878,14.8657,48.2051,19.4872,24.3712,33.6508,87.2772,123.126,91.4774,69.4017,59,59,59,59,58.9438,59.4933,59.2491,59.6764,59,59,59,59,11.4469,11.2027,11.2637,11.8742,11.0195,11.3858,11.0195,11.2027,11.8132,12.4847,11.9353,11.8132,54.4872,56.1355,55.5861,55.5861,26.0379,25.2442,26.0989,25.3663,43.6813,58.4554,43.8034,42.5824,32.5702,32.6923,32.8144,34.2186,27.7473,27.6862,27.6252,28.0525,42.5824,42.8266,42.1551,42.2772,33.0586,33.4249,33.4249,33.7302,24.8168,24.8779,25.4274,24.9389,42.7656,43.4371,41.8498,42.094,32.5702,32.7534,32.6313,32.7534,25.6716,24.6948,25.3053,29.5177,42.5824,42.6435,42.9487,42.7656,15.6593,15.232,30.9829,15.4762,15.3541,15.1099,38.9194,14.8657,16.0867,15.232,15.8425,15.4151,35.3175,35.5006,36.0501,35.6838,97.2222,98.0769,97.2222,98.138,59.9817,59.188,60.1038,59.7375,59,59,59,59,59.6764,59.6764,59.6764,59.3712,5.7081800000000005,0.396825,5.4029300000000005,56.0745,40.812,48.2601,37.7595,47.7717,38.1258,47.1001,2.77778,0.396825,1099.3,173.128,1382.28,0.0,1.0,1.0,1.0,1.0,0.0,0.07783949999999999,43.0968,43.0449,42.5259,43.0968,0.129731,13.9364,96.0171,87.8012,90.0073,96.434,0.0,7.97253,29.0485,0.0,0.0,-34.3535,97.5747,95.1803,57.1632,349.537,52.6362,329.585,288.86,48.0138,425.673,422.523,420.362,522.863,509.692,598.943,425.908,420.434,526.227,509.048,597.149,406.942,404.271,518.779,518.063,612.013,406.004,404.921,518.922,517.49,613.9540000000002,434.755,434.611,533.807,531.302,608.419,435.69,434.827,535.095,533.52,607.054,598.225,596.7180000000002,21.5751,404.186,1129.74
2020-11-22 07:16:20,95.3907,95.696,95.9402,95.757,60.4701,63.1563,61.5079,60.7753,34.0965,34.4628,33.4249,32.9365,15.1099,14.9267,15.7814,15.4762,15.232,14.6215,14.9878,14.8657,48.2051,19.4872,24.3712,33.6508,87.2772,123.126,92.6496,70.2808,59,59,59,59,58.9438,59.4933,59.2491,59.6764,59,59,59,59,11.4469,11.2027,11.2637,11.8742,11.0195,11.3858,11.0195,11.2027,11.8132,12.4847,11.9353,11.8132,54.4872,56.1355,55.5861,55.5861,26.0379,25.2442,26.0989,25.3663,43.6813,58.4554,43.8034,42.5824,32.5702,32.6923,32.8144,34.2186,27.7473,27.6862,27.6252,28.0525,42.5824,42.8266,42.8877,42.2772,33.0586,33.4249,33.4249,33.7302,24.8168,24.8779,25.4274,24.9389,42.7656,42.2161,41.8498,43.1319,32.5702,32.7534,32.6313,32.7534,25.6716,25.9768,25.3053,29.5177,42.5824,42.6435,42.9487,42.7656,15.6593,15.232,30.9829,15.4762,15.3541,15.1099,38.9194,14.8657,16.0867,15.232,15.8425,15.4151,35.3175,35.5006,36.0501,35.6838,97.2222,98.0769,97.2222,98.138,59.9817,59.188,60.1038,59.7375,59,59,59,59,59.6764,59.6764,59.6764,59.3712,5.7081800000000005,0.396825,5.4029300000000005,56.0745,40.812,48.2601,37.7595,47.7717,38.1258,47.1001,2.77778,0.396825,1104.1,173.128,1389.03,0.0,1.0,1.0,1.0,1.0,0.0,0.07783949999999999,43.6157,43.5119,42.993,43.5638,0.129731,13.9364,96.5653,87.1177,89.5016,96.5796,0.0,7.97253,28.6961,0.0,0.0,-40.7246,97.5747,95.1803,56.5512,348.849,52.0921,330.742,287.825,48.0138,425.673,422.523,420.362,522.863,509.692,598.943,425.908,420.434,526.227,509.048,597.149,406.942,404.271,518.779,518.063,612.013,406.004,404.921,518.922,517.49,613.9540000000002,434.755,434.611,533.807,531.302,608.419,435.69,434.827,534.0930000000002,533.52,607.054,598.225,596.7180000000002,21.5751,404.186,1129.74
2020-11-22 07:16:25,95.3907,95.696,95.9402,95.757,60.4701,63.1563,61.5079,60.7753,34.0965,34.4628,33.4249,32.9365,15.1099,14.9267,15.7814,15.4762,15.232,14.6215,14.9878,14.8657,48.2051,19.4872,24.3712,32.674,87.2772,123.126,93.6264,70.2808,59,59,59,59,58.9438,59.4933,59.2491,59.6764,59,59,59,59,11.4469,11.2027,11.2637,11.8742,11.0195,11.3858,11.0195,11.2027,11.8132,12.4847,11.9353,11.8132,54.4872,56.1355,55.5861,55.5861,26.0379,25.2442,26.0989,25.3663,43.6813,58.4554,43.8034,42.5824,32.5702,32.6923,32.8144,34.2186,27.7473,27.6862,27.6252,28.0525,42.5824,42.8266,42.8877,42.2772,33.0586,33.4249,33.4249,34.4017,24.8168,24.8779,25.4274,24.9389,42.7656,42.2161,42.3993,43.1319,32.5702,32.7534,32.6313,32.7534,25.6716,25.9768,25.3053,29.5177,43.3761,42.6435,42.9487,43.4371,15.6593,15.232,30.9829,15.4762,15.3541,15.1099,38.9194,14.8657,16.0867,15.232,15.8425,15.4151,35.3175,35.5006,36.0501,35.6838,97.2222,98.0769,97.2222,98.138,59.9817,59.188,60.1038,59.7375,59,59,59,59,59.6764,59.6764,59.6764,59.3712,5.7081800000000005,0.396825,5.4029300000000005,56.0745,40.812,48.2601,37.7595,47.7717,38.1258,47.1001,2.77778,0.396825,1105.42,173.667,1392.96,0.0,1.0,1.0,1.0,1.0,0.0,0.07783949999999999,43.6157,43.5119,42.993,43.5638,0.129731,13.9364,97.7679,91.7685,90.7372,96.5796,0.0,7.97253,31.2804,0.0,0.0,-24.5792,97.5747,95.1803,54.6888,352.056,52.6362,331.273,287.825,48.0138,425.673,422.523,420.362,522.863,509.692,598.943,424.9,420.434,526.227,509.048,597.149,406.942,404.271,518.779,518.063,612.013,406.004,404.921,518.922,517.49,613.9540000000002,434.755,434.611,533.807,531.302,608.419,435.69,434.827,534.0930000000002,533.52,607.054,599.23,596.7180000000002,21.5751,404.715,1130.31
2020-11-22 07:16:30,94.8413,95.696,95.9402,95.757,60.4701,63.1563,61.5079,60.7753,34.0965,34.4628,33.4249,32.9365,15.1099,14.9267,15.7814,15.4762,15.232,14.6215,14.9878,14.8657,46.7399,19.4872,24.3712,32.674,87.2772,123.126,94.5055,70.2808,59,59,59,59,58.9438,59.4933,59.2491,59.6764,59,59,59,59,11.4469,11.2027,11.2637,11.8742,11.0195,11.3858,11.0195,11.2027,11.8132,12.4847,11.9353,11.8132,54.4872,56.1355,55.5861,55.5861,26.0379,25.2442,26.0989,25.3663,43.6813,58.4554,43.8034,42.5824,32.5702,32.6923,32.8144,34.2186,27.7473,27.6862,27.6252,28.0525,42.5824,42.8266,42.8877,42.2772,33.0586,33.4249,33.4249,34.4017,24.8168,24.8779,25.4274,24.9389,42.7656,42.2161,42.3993,43.1319,32.5702,32.7534,32.6313,32.7534,25.6716,25.9768,25.3053,29.5177,43.3761,42.6435,42.9487,43.4371,15.6593,15.232,30.9829,15.4762,15.3541,15.1099,38.9194,15.5372,16.0867,15.232,15.8425,15.4151,35.3175,35.5006,36.0501,35.6838,97.2222,98.0769,97.2222,98.138,59.9817,59.188,60.1038,59.7375,59,59,59,59,59.6764,59.6764,59.6764,59.3712,5.7081800000000005,0.396825,5.4029300000000005,56.0745,40.812,48.2601,37.7595,47.7717,38.1258,47.1001,2.77778,0.396825,1109.04,174.84599999999998,1394.82,0.0,1.0,1.0,1.0,1.0,0.0,0.07783949999999999,43.6157,43.5119,42.993,43.5638,0.129731,13.9364,97.0604,89.9936,89.4915,96.3989,0.0,7.97253,33.2183,0.0,0.0,-20.836,97.5747,95.1803,54.6888,353.374,53.5051,330.585,287.825,48.0138,425.673,421.515,419.353,522.863,509.692,598.943,424.9,420.434,526.227,509.048,598.154,406.942,404.271,518.779,518.063,612.013,407.014,404.921,517.92,517.49,613.9540000000002,434.755,434.611,533.807,531.302,608.419,435.69,434.827,534.0930000000002,533.52,607.054,599.23,597.7230000000002,21.4042,404.715,1131.54
2020-11-22 07:16:35,94.8413,95.696,95.9402,95.757,60.4701,63.1563,61.5079,60.7753,34.0965,34.4628,33.4249,32.9365,15.1099,14.9267,15.7814,15.4762,15.232,14.6215,14.9878,14.8657,46.7399,19.4872,24.3712,32.674,88.1563,124.005,91.7704,71.2576,59,59,59,59,58.9438,59.4933,59.2491,59.6764,59,59,59,59,11.4469,11.2027,11.2637,11.8742,11.0195,11.3858,11.0195,11.2027,11.8132,12.4847,11.9353,11.8132,54.4872,56.1355,55.5861,55.5861,26.0379,25.2442,26.0989,26.0379,43.6813,58.4554,43.8034,43.315,32.5702,32.6923,32.8144,34.2186,27.7473,27.6862,27.6252,28.0525,42.5824,43.3761,42.8877,42.2772,33.0586,33.9744,33.4249,33.8523,24.8168,24.8779,25.4274,24.9389,42.7656,42.2161,42.3993,43.1319,32.5702,32.7534,32.6313,32.7534,25.6716,25.2442,25.3053,29.5177,43.3761,42.6435,42.9487,43.4371,15.6593,15.232,30.9829,15.4762,15.3541,15.1099,38.9194,15.5372,16.0867,15.232,15.8425,15.4151,35.3175,35.5006,36.0501,35.6838,97.2222,98.0769,97.2222,98.138,59.9817,59.188,60.1038,59.7375,59,59,59,59,59.6764,59.6764,59.6764,59.3712,5.7081800000000005,0.396825,5.4029300000000005,56.0745,40.812,48.2601,37.7595,47.7717,38.1258,48.2601,2.77778,0.396825,1111.45,175.347,1388.61,0.0,1.0,1.0,1.0,1.0,0.0,0.07783949999999999,44.0827,43.9789,43.46,44.0308,0.129731,13.2161,96.2015,88.0841,90.7953,96.3989,0.0,7.97253,31.3916,0.0,0.0,-35.9308,97.5747,95.1803,55.255,355.167,54.1567,331.918,287.825,48.0138,425.673,421.515,419.353,522.863,509.692,598.943,424.9,419.425,526.227,509.048,598.154,407.953,404.271,518.779,518.063,612.013,407.014,404.921,517.92,516.488,613.9540000000002,434.755,434.611,533.807,531.302,608.419,435.69,434.827,534.0930000000002,533.52,607.054,599.23,597.7230000000002,21.4042,405.244,1133.63
2020-11-22 07:16:40,94.8413,95.696,95.9402,95.757,60.4701,63.1563,60.9585,60.7753,34.0965,34.4628,33.4249,32.9365,15.1099,14.9267,15.7814,14.9267,15.232,14.6215,14.9878,14.8657,47.8144,19.4872,25.2503,31.5995,88.1563,122.637,91.7704,72.2344,59,59,59,59,58.9438,59.4933,59.2491,59.6764,59,59,59,59,11.4469,11.2027,11.2637,11.8742,11.0195,11.3858,11.0195,11.2027,11.8132,12.4847,11.9353,11.8132,54.4872,56.1355,55.5861,55.5861,26.0379,25.2442,26.0989,26.0379,43.6813,58.4554,43.8034,43.315,32.5702,33.3028,35.3175,34.2186,27.7473,27.6862,27.6252,28.0525,42.5824,43.3761,42.8877,42.2772,33.0586,33.9744,33.4249,33.8523,24.8168,24.8779,25.4274,24.9389,42.7656,42.2161,42.3993,43.1319,32.5702,32.7534,33.4249,32.7534,25.6716,26.221,25.3053,29.5177,43.3761,42.6435,42.9487,43.4371,15.6593,15.232,30.9829,15.4762,15.3541,15.1099,38.9194,15.5372,16.0867,15.232,15.8425,15.4151,35.3175,35.5006,36.0501,35.6838,97.2222,98.0769,97.2222,98.138,59.9817,59.188,60.1038,59.7375,59,59,59,59,59.6764,59.6764,59.6764,59.3712,5.7081800000000005,0.396825,5.4029300000000005,56.0745,40.812,48.2601,37.7595,47.7717,38.1258,48.2601,2.77778,0.396825,1116.31,175.347,1401.41,0.0,1.0,1.0,1.0,1.0,0.0,0.07783949999999999,44.0827,43.9789,43.46,44.0308,0.129731,13.2161,96.2015,89.0907,88.6787,96.3989,0.0,7.97253,30.5589,0.0,0.0,-49.3216,97.5747,95.1803,54.6868,358.69199999999995,54.7598,336.21,287.825,48.0138,425.673,421.515,419.353,522.863,509.692,599.9490000000002,424.9,419.425,526.227,509.048,598.154,407.953,405.282,518.779,518.063,612.013,407.014,405.932,517.92,516.488,613.9540000000002,434.755,434.611,533.807,531.302,608.419,435.69,434.827,534.0930000000002,533.52,607.054,599.23,597.7230000000002,21.4042,404.186,1134.94
2020-11-22 07:16:45,94.8413,95.696,95.9402,95.757,60.4701,62.6068,60.9585,61.3858,34.0965,34.4628,33.4249,32.9365,15.1099,14.9267,15.7814,15.4762,15.232,14.6215,14.9878,14.8657,47.8144,19.4872,25.2503,31.5995,88.1563,123.81,92.6496,72.2344,59,59,59,59,58.9438,59.4933,59.2491,59.6764,59,59,59,59,11.4469,11.2027,11.2637,11.8742,11.0195,11.3858,11.0195,11.2027,11.8132,12.4847,11.9353,11.8132,54.4872,56.1355,55.5861,55.5861,26.0379,25.2442,26.0989,26.0379,44.2308,58.4554,43.8034,43.315,32.5702,33.3028,33.6081,34.2186,28.4799,27.6862,27.6252,28.0525,43.6203,43.3761,42.8877,42.2772,33.0586,33.9744,33.4249,33.8523,24.8168,24.8779,25.4274,25.4884,42.7656,42.2161,42.3993,43.1319,32.5702,32.7534,33.4249,32.7534,25.6716,26.221,25.3053,29.5177,43.3761,42.6435,43.4982,43.4371,15.6593,14.6825,30.9829,15.4762,15.3541,15.1099,38.9194,15.5372,16.0867,15.232,15.8425,15.4151,35.3175,35.5006,36.0501,35.6838,97.2222,98.0769,97.2222,98.138,59.9817,59.188,60.1038,59.7375,59,59,59,59,59.6764,59.6764,59.6764,59.3712,5.7081800000000005,0.396825,5.4029300000000005,56.0745,40.812,48.2601,37.7595,47.7717,38.1258,48.2601,2.77778,0.396825,1116.23,175.347,1406.16,0.0,1.0,1.0,1.0,1.0,0.0,0.07783949999999999,44.0827,43.9789,43.46,44.0308,0.129731,13.9511,94.0649,88.8023,90.1437,97.0481,0.0,7.97253,29.5535,0.0,0.0,-45.2129,97.5747,95.1803,54.6868,362.31,54.7598,339.61,287.825,47.0127,425.673,420.506,419.353,522.863,509.692,599.9490000000002,424.9,419.425,526.227,509.048,598.154,407.953,405.282,518.779,518.063,612.013,407.014,405.932,517.92,516.488,613.9540000000002,433.7480000000001,434.611,533.807,531.302,608.419,435.69,434.827,534.0930000000002,533.52,607.054,599.23,597.7230000000002,21.4042,404.715,1136.94
2020-11-22 07:16:50,94.8413,95.696,95.9402,96.7949,61.2027,62.6068,60.9585,61.3858,34.0965,34.4628,33.4249,32.9365,15.1099,14.9267,15.7814,15.4762,15.232,14.6215,14.9878,14.8657,47.8144,19.4872,25.2503,32.8694,88.1563,123.81,92.6496,73.1136,59,59,59,59,58.9438,59.4933,59.2491,59.6764,59,59,59,59,11.4469,11.2027,11.2637,11.8742,10.409,11.3858,11.0195,11.2027,11.8132,12.4847,11.9353,12.3626,54.4872,56.1355,55.5861,55.5861,26.0379,25.2442,26.0989,26.0379,44.2308,59.0049,43.8034,43.315,32.5702,33.3028,33.6081,34.2186,28.4799,27.6862,27.6252,28.0525,43.6203,43.3761,42.8877,42.9487,33.0586,33.9744,33.4249,33.8523,24.8168,25.4274,25.4274,25.4884,42.7656,42.7656,42.3993,43.1319,32.5702,32.7534,33.4249,32.7534,25.6716,26.221,25.3053,29.5177,43.3761,42.6435,43.4982,43.4371,15.6593,14.6825,30.9829,15.4762,15.3541,15.1099,38.9194,15.5372,16.0867,15.232,15.8425,15.4151,35.3175,35.5006,36.0501,35.6838,97.2222,98.0769,97.2222,98.138,59.9817,59.188,60.1038,59.7375,59,59,59,59,59.6764,59.6764,59.6764,59.3712,5.7081800000000005,0.396825,5.4029300000000005,57.2955,40.812,48.2601,37.7595,47.7717,36.1111,48.2601,2.77778,0.396825,1126.64,175.347,1400.57,0.0,1.0,1.0,1.0,1.0,0.0,0.07783949999999999,44.0827,43.9789,43.46,44.0308,0.129731,13.9511,96.6857,88.9641,89.9551,94.3266,0.0,7.97253,29.8135,0.0,0.0,-43.0844,97.5747,95.1803,54.6868,366.352,54.5482,341.415,287.825,47.0127,425.673,420.506,418.344,522.863,509.692,599.9490000000002,423.892,419.425,526.227,509.048,598.154,407.953,405.282,518.779,518.063,612.013,407.014,405.932,517.92,516.488,613.9540000000002,433.7480000000001,434.611,533.807,531.302,608.419,434.68300000000005,434.827,534.0930000000002,533.52,607.054,599.23,597.7230000000002,21.4042,405.244,1138.91
2020-11-22 07:16:55,94.8413,95.696,95.9402,96.7949,61.8742,62.6068,60.9585,62.9731,34.0965,33.7912,33.4249,32.9365,15.1099,14.9267,15.7814,15.4762,15.232,14.6215,14.9878,14.8657,46.4469,19.4872,25.2503,32.8694,89.4261,124.689,92.6496,73.1136,59,59,59,59,58.9438,59.4933,59.2491,59.6764,59,59,59,59,11.4469,11.2027,11.2637,11.8742,10.409,11.3858,11.0195,11.2027,11.8132,12.4847,11.9353,12.3626,54.4872,56.1355,55.5861,55.5861,26.0379,25.2442,26.0989,26.0379,44.2308,59.0049,43.8034,43.315,32.5702,33.3028,33.6081,34.2186,28.4799,27.6862,27.6252,28.0525,43.6203,43.3761,43.7424,42.9487,33.0586,33.9744,33.4249,33.8523,25.8547,25.4274,25.4274,25.4884,42.7656,43.315,42.3993,43.1319,32.5702,32.7534,33.4249,32.7534,26.221,26.0989,25.3053,30.0672,43.3761,42.6435,43.4982,43.4371,15.6593,14.6825,30.9829,15.4762,15.3541,15.1099,38.9194,15.5372,16.0867,15.232,15.8425,15.4151,35.3175,35.5006,36.0501,35.6838,97.2222,98.0769,97.2222,98.138,59.9817,59.188,60.1038,59.7375,59,59,59,59,59.6764,59.6764,59.6764,59.3712,5.7081800000000005,0.396825,5.4029300000000005,57.2955,40.812,48.2601,37.7595,47.7717,36.1111,48.2601,2.77778,0.396825,1132.51,175.347,1415.46,0.0,1.0,1.0,1.0,1.0,0.0,0.07783949999999999,44.0827,43.9789,43.46,44.0308,0.129731,13.9511,96.4054,89.8281,89.0016,95.9081,0.0,7.97253,33.5505,0.0,0.0,-58.767,97.5747,95.1803,54.6868,365.711,52.9095,344.98800000000006,287.825,47.0127,425.673,420.506,418.344,522.863,509.692,599.9490000000002,423.892,419.425,526.227,509.048,598.154,407.953,405.282,518.779,518.063,612.013,407.014,405.932,517.92,516.488,613.9540000000002,433.7480000000001,434.611,533.807,531.302,608.419,434.68300000000005,434.827,534.0930000000002,533.52,607.054,599.23,597.7230000000002,21.4042,405.244,1142.19
2020-11-22 07:17:00,95.5128,96.2454,96.4896,96.7949,62.9121,62.6068,62.2405,62.9731,34.0965,33.7912,33.4249,32.9365,15.1099,14.9267,15.7814,15.4762,15.232,14.6215,14.9878,14.8657,47.5214,19.4872,25.2503,32.8694,89.4261,125.665,92.6496,74.0903,59,59,59,59,58.9438,59.4933,59.2491,59.6764,59,59,59,59,11.4469,11.2027,11.2637,11.8742,10.409,11.3858,11.0195,11.2027,11.8132,12.4847,11.9353,12.3626,54.4872,56.1355,55.5861,55.5861,26.0379,25.2442,26.0989,26.0379,44.2308,59.0049,43.8034,43.315,32.5702,33.3028,33.6081,34.2186,28.4799,27.6862,27.6252,28.0525,43.6203,43.3761,43.7424,42.9487,33.0586,33.9744,33.4249,33.8523,25.8547,25.4274,25.4274,25.4884,43.4982,43.315,42.3993,43.6813,32.5702,32.7534,33.4249,32.7534,26.221,26.6484,25.3053,30.0672,43.3761,42.6435,43.4982,44.2918,15.6593,14.6825,30.9829,15.4762,15.3541,15.1099,38.9194,15.5372,16.0867,15.232,15.8425,15.4151,35.3175,35.5006,36.0501,35.6838,97.2222,98.0769,97.2222,98.138,59.9817,59.188,60.1038,59.7375,59,59,59,59,59.6764,59.6764,59.6764,59.3712,5.7081800000000005,0.396825,5.4029300000000005,57.2955,40.812,48.2601,37.7595,47.7717,36.1111,48.2601,2.77778,0.396825,1133.58,175.347,1410.04,0.0,1.0,1.0,1.0,1.0,0.0,0.07783949999999999,44.0827,43.9789,43.46,44.0308,0.129731,14.6273,95.9709,88.8119,90.3347,97.0079,0.0,8.082419999999999,31.9503,0.0,0.0,-15.8351,97.5747,95.1803,54.1333,364.889,52.0638,347.624,287.825,47.0127,425.673,420.506,418.344,522.863,509.692,599.9490000000002,423.892,418.416,526.227,509.048,598.154,407.953,405.282,518.779,518.063,612.013,407.014,405.932,517.92,516.488,613.9540000000002,433.7480000000001,434.611,533.807,531.302,608.419,434.68300000000005,434.827,534.0930000000002,533.52,607.054,599.23,597.7230000000002,21.4042,404.715,1145.62
2020-11-22 07:17:05,95.5128,96.2454,96.4896,96.7949,63.4615,64.5604,63.4615,63.7057,34.0965,33.7912,33.4249,32.9365,15.1099,14.9267,15.7814,15.4762,15.232,14.6215,14.9878,14.8657,48.5958,19.4872,25.2503,32.8694,90.5983,125.665,91.3797,74.9695,59,59,59,59,58.9438,59.4933,59.2491,59.6764,59,59,59,59,11.4469,11.2027,11.2637,11.8742,10.409,11.3858,11.0195,11.2027,11.8132,12.4847,11.9353,12.3626,54.4872,56.1355,55.5861,55.5861,26.0379,25.2442,26.0989,26.0379,44.2308,59.0049,43.8034,43.315,32.5702,33.3028,33.6081,34.2186,28.4799,27.6862,27.6252,28.0525,43.6203,43.9255,43.7424,42.9487,33.0586,33.9744,33.4249,33.8523,25.8547,25.4274,25.4274,25.4884,43.4982,43.9255,43.1319,43.6813,32.5702,32.7534,33.4249,32.4481,26.221,26.6484,25.3053,30.0672,43.3761,43.315,43.4982,44.2918,15.6593,15.232,30.9829,15.4762,15.3541,15.1099,38.9194,15.5372,16.0867,15.232,15.8425,15.4151,35.3175,35.5006,36.0501,35.6838,97.2222,98.0769,97.2222,98.138,59.9817,59.188,60.1038,59.7375,59,59,59,59,59.6764,59.6764,59.6764,59.3712,5.7081800000000005,0.396825,5.4029300000000005,57.2955,40.812,48.2601,37.7595,47.7717,36.1111,48.2601,2.77778,0.396825,1134.73,175.347,1411.05,0.0,1.0,1.0,1.0,1.0,0.0,0.07783949999999999,44.0827,43.9789,43.46,44.0308,0.129731,14.6273,95.7245,88.8119,90.3347,95.2882,0.0,8.082419999999999,33.8168,0.0,0.0,-33.2482,97.5747,95.1803,53.3208,366.541,51.4349,349.714,287.825,45.968,425.673,419.497,418.344,522.863,509.692,599.9490000000002,423.892,418.416,526.227,509.048,598.154,407.953,405.282,518.779,518.063,612.013,407.014,405.932,517.92,516.488,613.9540000000002,433.7480000000001,434.611,533.807,531.302,608.419,434.68300000000005,433.82,534.0930000000002,533.52,607.054,599.23,597.7230000000002,21.4042,404.715,1148.8
2020-11-22 07:17:10,95.5128,96.2454,96.4896,97.3443,64.1941,66.6972,63.4615,64.9267,34.0965,33.7912,33.4249,32.9365,15.1099,14.9267,15.7814,15.4762,15.232,14.6215,14.9878,14.8657,48.5958,19.4872,25.2503,31.9902,90.3053,125.665,90.5006,73.9927,59,59,59,59,58.9438,59.4933,59.2491,59.6764,59,59,59,59,11.4469,11.2027,11.2637,11.8742,10.409,11.3858,11.0195,11.2027,11.8132,12.4847,11.9353,12.3626,54.4872,56.1355,55.5861,55.5861,26.0379,25.2442,26.0989,26.0379,44.2308,59.0049,43.8034,43.315,32.5702,33.3028,33.6081,34.2186,28.4799,27.6862,27.6252,28.0525,43.6203,43.9255,43.7424,42.9487,33.0586,33.9744,33.4249,33.8523,25.8547,25.4274,25.4274,25.4884,43.4982,44.475,43.1319,43.6813,32.5702,32.7534,33.4249,32.4481,26.221,26.6484,25.3053,30.0672,44.6581,43.315,43.4982,44.2918,15.6593,15.232,30.9829,15.4762,15.3541,15.1099,38.9194,15.5372,16.0867,15.232,15.8425,15.4151,35.3175,35.5006,36.0501,35.6838,97.2222,98.0769,97.2222,98.138,59.9817,59.188,60.1038,59.7375,59,59,59,59,59.6764,59.6764,59.6764,59.3712,5.7081800000000005,0.396825,5.4029300000000005,57.2955,40.812,49.2979,35.7448,47.7717,36.1111,48.2601,2.77778,0.396825,1138.12,175.347,1410.79,0.0,1.0,1.0,1.0,1.0,0.0,0.07783949999999999,44.0827,43.9789,43.46,44.0308,0.129731,15.2301,96.4162,87.78399999999998,90.3347,96.9925,0.0,8.082419999999999,30.3902,0.0,0.0,-42.0768,97.5747,95.1803,53.3208,369.482,50.6902,351.409,287.825,45.968,425.673,419.497,417.335,522.863,509.692,599.9490000000002,423.892,418.416,526.227,509.048,598.154,407.953,405.282,517.7769999999998,517.061,612.013,407.014,405.932,517.92,516.488,613.9540000000002,433.7480000000001,434.611,533.807,531.302,608.419,434.68300000000005,433.82,534.0930000000002,533.52,607.054,599.23,597.7230000000002,21.4042,405.772,1151.22
2020-11-22 07:17:15,95.5128,96.7949,96.4896,97.3443,65.4151,66.6972,64.3773,66.2698,34.0965,33.7912,33.4249,32.9365,15.1099,14.9267,15.7814,15.4762,15.232,14.6215,14.9878,14.8657,49.5726,19.4872,25.2503,31.1111,91.1844,126.545,91.4774,75.3602,59,59,59,59,58.9438,59.4933,59.2491,59.6764,59,59,59,59,11.4469,11.2027,11.2637,11.8742,10.409,11.3858,11.0195,11.2027,11.8132,12.4847,11.9353,12.3626,54.4872,56.1355,55.5861,55.5861,26.0379,25.2442,26.0989,26.0379,44.2308,59.0049,43.8034,43.315,32.5702,33.3028,33.6081,34.2186,28.4799,28.3578,27.6252,28.0525,43.6203,43.9255,43.7424,42.9487,34.0965,33.9744,33.4249,33.3028,25.8547,25.4274,25.4274,25.4884,43.4982,45.0244,43.1319,43.6813,32.5702,32.7534,33.4249,32.4481,26.221,25.7326,25.3053,30.0672,44.6581,43.315,43.4982,44.2918,15.6593,15.232,30.9829,15.4762,15.3541,15.1099,38.9194,15.5372,16.0867,15.232,15.8425,15.4151,35.3175,35.5006,36.0501,35.6838,97.2222,98.0769,97.2222,98.138,59.9817,59.188,60.1038,59.7375,59,59,59,59,59.6764,59.6764,59.6764,59.3712,5.7081800000000005,0.396825,5.4029300000000005,57.2955,40.812,49.2979,35.7448,47.7717,36.1111,48.2601,2.77778,0.396825,1133.52,174.80900000000003,1413.92,0.0,1.0,1.0,1.0,1.0,0.0,0.07783949999999999,44.0827,43.9789,43.46,44.0308,0.129731,15.2301,96.6935,88.9889,89.7227,95.9484,0.0,8.082419999999999,30.3902,0.0,0.0,-54.9755,97.5747,95.1803,53.3208,371.426,51.833,352.838,287.825,45.968,425.673,419.497,417.335,522.863,509.692,599.9490000000002,422.883,418.416,526.37,509.048,598.154,407.953,405.282,517.7769999999998,517.061,612.013,407.014,405.932,517.92,516.488,613.9540000000002,433.7480000000001,434.611,533.807,531.302,608.419,434.68300000000005,433.82,534.0930000000002,533.52,607.054,599.23,597.7230000000002,21.4042,404.715,1153.95
2020-11-22 07:17:20,96.2454,96.7949,97.1001,97.3443,66.3919,66.6972,65.293,66.2698,34.0965,33.7912,33.4249,32.9365,15.1099,14.9267,15.7814,15.4762,15.232,14.6215,14.9878,14.8657,49.5726,20.464,26.1294,31.1111,91.1844,126.545,93.7241,75.3602,59,59,59,59,58.9438,59.4933,59.2491,59.6764,59,59,59,59,11.4469,11.2027,11.2637,11.8742,10.409,10.8364,11.0195,11.7521,11.8132,12.4847,11.9353,12.3626,54.4872,56.1355,55.5861,55.5861,26.0379,25.2442,26.0989,26.0379,44.2308,59.0049,43.8034,43.315,32.5702,33.3028,33.6081,34.2186,28.4799,28.3578,27.6252,28.0525,43.6203,43.9255,43.7424,42.9487,34.0965,33.9744,33.4249,33.3028,25.8547,25.4274,25.4274,25.4884,43.4982,45.0244,43.1319,43.6813,32.5702,32.7534,33.4249,32.4481,26.221,26.7705,25.3053,30.0672,44.6581,43.315,43.4982,44.2918,15.6593,15.232,30.9829,15.4762,15.3541,15.1099,38.9194,15.5372,16.0867,15.232,15.8425,15.4151,35.3175,35.5006,36.0501,35.6838,97.2222,98.0769,97.2222,98.138,59.9817,59.188,60.1038,59.7375,59,59,59,59,59.6764,59.6764,59.6764,59.3712,5.7081800000000005,0.396825,5.4029300000000005,57.2955,40.812,49.2979,35.7448,47.7717,34.0965,48.2601,2.77778,0.396825,1131.14,174.80900000000003,1418.32,0.0,1.0,1.0,1.0,1.0,0.0,0.07783949999999999,44.0827,43.9789,43.46,44.0308,0.129731,14.6126,96.545,88.1487,90.221,95.9484,0.0,8.082419999999999,31.92,0.0,0.0,-71.7638,97.5747,95.1803,53.1955,373.282,51.3001,352.838,287.825,45.968,425.673,419.497,417.335,522.863,509.692,599.9490000000002,422.883,418.416,526.37,509.048,598.154,407.953,405.282,517.7769999999998,517.061,612.013,407.014,405.932,517.92,516.488,613.9540000000002,433.7480000000001,434.611,533.807,531.302,608.419,434.68300000000005,433.82,534.0930000000002,533.52,607.054,599.23,597.7230000000002,21.4042,405.772,1155.07
2020-11-22 07:17:25,96.2454,96.7949,97.1001,97.3443,67.0024,66.6972,65.8425,67.3077,34.0965,33.7912,33.4249,32.9365,15.1099,14.9267,15.7814,15.4762,15.232,14.6215,14.9878,14.8657,49.5726,20.464,24.1758,32.0879,90.3053,125.177,93.7241,74.3834,59,59,59,59,58.9438,59.4933,59.2491,59.6764,59,59,59,59,11.4469,11.2027,11.2637,11.8742,10.409,10.8364,11.0195,11.7521,11.8132,12.4847,11.9353,12.3626,54.4872,56.1355,55.5861,55.5861,26.0379,25.2442,26.0989,26.0379,44.2308,59.0049,43.8034,43.315,32.5702,33.3028,33.6081,34.2186,28.4799,28.3578,27.6252,28.0525,43.6203,43.9255,43.7424,42.9487,34.0965,33.9744,33.4249,34.5238,25.8547,25.4274,25.4274,25.4884,43.4982,43.9866,43.1319,43.6813,32.5702,32.7534,33.4249,32.4481,26.221,26.7705,25.3053,30.0672,44.6581,43.315,43.4982,44.2918,15.6593,15.232,30.9829,15.4762,15.3541,15.1099,38.9194,15.5372,16.0867,15.232,15.8425,15.4151,35.3175,35.5006,36.0501,35.6838,97.2222,98.0769,97.2222,98.138,59.9817,59.188,60.1038,59.7375,59,59,59,59,59.6764,59.6764,59.6764,59.3712,5.7081800000000005,0.396825,5.4029300000000005,57.2955,38.9805,49.2979,35.7448,47.7717,34.0965,48.2601,2.77778,0.396825,1128.84,174.259,1424.77,0.0,1.0,1.0,1.0,1.0,0.0,0.07783949999999999,44.0827,43.5119,42.993,43.5638,0.129731,14.6126,95.7849,89.9238,89.2912,96.993,0.0,8.082419999999999,32.8087,0.0,0.0,-62.7397,97.5747,95.1803,53.8597,374.691,52.0492,352.189,287.825,45.968,425.673,419.497,417.335,522.863,509.692,599.9490000000002,422.883,417.407,526.37,509.048,599.159,407.953,405.282,517.7769999999998,517.061,612.013,407.014,405.932,517.92,516.488,613.9540000000002,433.7480000000001,434.611,533.807,531.302,608.419,434.68300000000005,433.82,534.0930000000002,533.52,607.054,599.23,597.7230000000002,21.4042,405.772,1156.36
2020-11-22 07:17:30,96.2454,97.3443,97.6496,97.3443,67.735,66.6972,66.8803,68.1624,34.0965,33.7912,33.4249,32.9365,15.1099,14.9267,15.7814,14.9267,15.232,14.6215,14.9878,14.8657,49.5726,20.464,24.1758,33.3578,91.2821,124.2,93.7241,74.3834,59,59,59,59,58.9438,59.4933,59.2491,59.6764,59,59,59,59,11.4469,11.2027,11.2637,11.8742,10.9585,10.8364,11.0195,11.7521,11.8132,12.4847,11.9353,12.3626,54.4872,56.1355,55.5861,55.5861,26.0379,25.2442,26.0989,26.0379,44.2308,59.0049,43.8034,43.315,32.5702,33.3028,33.6081,33.6691,28.4799,28.3578,27.6252,28.0525,43.6203,43.9255,43.7424,42.9487,34.0965,33.9744,33.4249,34.5238,25.8547,25.4274,25.4274,25.4884,43.4982,43.9866,43.1319,43.6813,32.5702,32.7534,33.4249,32.4481,26.221,25.6105,25.3053,30.0672,44.6581,43.315,43.4982,44.2918,15.6593,15.232,30.9829,15.4762,15.3541,15.1099,38.9194,15.5372,16.0867,15.232,15.8425,15.4151,35.3175,35.5006,36.0501,35.6838,97.2222,98.0769,97.2222,98.138,59.9817,59.188,60.1038,59.7375,59,59,59,59,59.6764,59.6764,59.6764,59.3712,5.7081800000000005,0.396825,5.4029300000000005,57.2955,38.9805,49.2979,35.7448,47.7717,34.0965,48.2601,2.77778,0.396825,1119.46,174.259,1422.4,0.0,1.0,1.0,1.0,1.0,0.0,0.07783949999999999,43.6157,43.5119,42.993,43.5638,0.129731,14.6126,94.4932,88.9381,88.0127,95.6604,0.0,8.082419999999999,32.0422,0.0,0.0,-76.2559,97.5747,95.1803,53.1955,378.061,52.2145,348.511,287.825,44.9456,424.665,419.497,417.335,522.863,509.692,599.9490000000002,422.883,417.407,526.37,509.048,599.159,407.953,405.282,517.7769999999998,517.061,612.013,407.014,405.932,517.92,516.488,613.9540000000002,433.7480000000001,433.604,533.807,531.302,608.419,434.68300000000005,433.82,534.0930000000002,533.52,607.054,599.23,598.7280000000002,21.4042,406.301,1156.36
2020-11-22 07:17:35,96.2454,97.3443,97.6496,97.3443,68.4066,70.116,67.735,69.6276,34.0965,33.7912,33.4249,32.9365,15.1099,14.9267,15.7814,15.8425,15.232,14.6215,14.9878,14.8657,50.6471,20.464,24.1758,34.3346,92.1612,125.079,93.7241,74.3834,59,59,59,59,58.9438,59.4933,59.2491,59.6764,59,59,59,59,11.4469,11.2027,11.2637,11.8742,11.569,10.8364,11.0195,11.7521,11.8132,12.4847,11.9353,12.3626,54.4872,56.1355,55.5861,55.5861,26.0379,25.2442,26.0989,26.0379,44.2308,59.0049,43.8034,43.315,32.5702,33.3028,33.0586,33.6691,28.4799,28.3578,27.6252,28.0525,43.6203,43.9255,43.7424,42.9487,34.0965,33.9744,33.4249,34.5238,25.8547,25.9768,25.4274,25.4884,43.4982,43.9866,43.1319,43.6813,32.5702,32.7534,33.4249,32.4481,26.221,26.4652,25.3053,30.0672,44.6581,43.315,43.4982,44.2918,15.6593,15.232,30.9829,15.4762,15.3541,15.1099,38.9194,15.5372,16.0867,15.232,15.8425,15.4151,35.3175,35.5006,36.0501,35.6838,97.2222,98.0769,97.2222,98.138,59.9817,59.188,60.1038,59.7375,59,59,59,59,59.6764,59.6764,59.6764,59.3712,5.7081800000000005,0.396825,5.4029300000000005,57.2955,38.9805,48.2601,35.7448,48.9927,34.0965,48.2601,2.77778,0.396825,1114.7,173.729,1423.73,0.0,1.0,1.0,1.0,1.0,0.0,0.07783949999999999,43.6157,43.5119,42.993,43.5638,0.129731,14.6126,95.554,88.7542,89.0527,95.6536,0.0,7.983519999999999,31.0388,0.0,0.0,-83.1958,97.5747,95.1803,53.1955,376.666,51.053,341.06699999999995,287.825,44.9456,424.665,418.48800000000006,417.335,522.863,509.692,599.9490000000002,421.875,417.407,526.37,509.048,599.159,407.953,405.282,517.7769999999998,517.061,612.013,407.014,405.932,517.92,516.488,613.9540000000002,433.7480000000001,433.604,533.807,531.302,608.419,434.68300000000005,433.82,534.0930000000002,533.52,607.054,599.23,598.7280000000002,21.4042,406.301,1155.63
2020-11-22 07:17:40,96.2454,97.3443,97.6496,97.3443,69.8107,70.116,68.4066,69.6276,34.0965,33.7912,33.4249,32.9365,15.1099,14.9267,15.7814,15.8425,15.232,14.6215,14.9878,14.8657,48.9866,19.4872,24.1758,34.3346,91.1844,126.154,94.7009,76.2393,59,59,59,59,58.9438,59.4933,59.2491,59.6764,59,59,59,59,11.4469,11.2027,11.2637,11.8742,11.569,10.8364,11.0195,11.7521,11.8132,12.4847,11.9353,12.3626,54.4872,56.1355,55.5861,55.5861,26.0379,25.2442,26.0989,26.0379,44.2308,59.0049,43.8034,43.315,32.5702,33.3028,33.0586,33.6691,28.4799,28.3578,27.6252,28.0525,43.6203,43.9255,43.7424,42.9487,34.0965,33.9744,33.4249,33.9744,25.8547,25.9768,25.4274,25.4884,43.4982,43.9866,43.1319,43.6813,32.5702,32.7534,33.4249,32.4481,26.221,26.4652,25.3053,30.0672,44.6581,43.315,43.4982,44.2918,15.6593,15.232,30.9829,15.4762,15.3541,15.1099,38.9194,15.5372,16.0867,15.232,15.8425,15.4151,35.3175,35.5006,36.0501,35.6838,97.2222,98.0769,97.2222,98.138,59.9817,59.188,60.1038,59.7375,59,59,59,59,59.6764,59.6764,59.6764,59.3712,5.7081800000000005,0.396825,5.4029300000000005,57.2955,38.9805,48.2601,35.7448,48.9927,34.0965,49.2369,2.77778,0.396825,1111.17,173.729,1428.56,0.0,1.0,1.0,1.0,1.0,0.0,0.07783949999999999,43.6157,43.5119,42.993,43.5638,0.129731,14.6126,95.5384,90.2645,89.2032,96.8995,0.0,7.983519999999999,30.8627,0.0,0.0,-98.9782,97.5747,95.1803,53.9744,373.184,50.2091,331.79,287.825,44.9456,424.665,418.48800000000006,416.326,522.863,509.692,599.9490000000002,421.875,417.407,526.37,509.048,599.159,408.963,405.282,517.7769999999998,517.061,612.013,408.025,405.932,517.92,516.488,613.9540000000002,433.7480000000001,433.604,533.807,531.302,608.419,434.68300000000005,433.82,534.0930000000002,533.52,607.054,599.23,598.7280000000002,21.4042,405.772,1154.34
2020-11-22 07:17:45,96.2454,97.3443,97.6496,97.3443,70.3602,70.116,69.1392,71.2759,34.0965,33.7912,33.4249,32.9365,15.1099,14.9267,15.7814,15.8425,15.232,14.6215,14.9878,14.8657,48.9866,19.4872,22.906,34.3346,92.0635,128.01,96.1661,75.1648,59,59,59,59,58.9438,59.4933,59.2491,59.6764,59,59,59,59,11.4469,11.2027,11.2637,11.8742,10.6532,10.8364,11.0195,11.7521,11.8132,12.4847,11.9353,12.3626,55.0366,56.1355,55.5861,55.5861,26.0379,25.2442,26.0989,26.0379,44.2308,59.0049,43.8034,43.315,32.5702,33.3028,33.0586,33.6691,28.4799,28.3578,27.6252,28.0525,43.6203,43.9255,43.7424,42.9487,34.0965,33.9744,33.4249,33.4249,25.8547,25.9768,25.4274,25.4884,43.4982,43.9866,43.1319,43.6813,32.5702,32.7534,33.4249,32.4481,26.221,26.4652,25.3053,30.0672,44.6581,43.315,43.4982,44.2918,15.6593,15.232,30.9829,15.4762,15.3541,15.1099,38.9194,15.5372,16.0867,15.232,15.8425,15.4151,35.3175,35.5006,36.0501,35.6838,97.2222,98.0769,97.2222,98.138,59.9817,59.188,60.1038,59.7375,59,59,59,59,59.6764,59.6764,59.6764,59.3712,5.7081800000000005,0.396825,5.4029300000000005,57.2955,38.9805,48.2601,35.7448,48.9927,34.0965,49.2369,2.77778,0.396825,1109.91,173.158,1424.39,0.0,1.0,1.0,1.0,1.0,0.0,0.07783949999999999,43.6157,43.5119,42.993,43.5638,0.129731,14.6126,94.9296,89.175,90.8874,98.2498,0.0,7.983519999999999,31.7755,0.0,0.0,-97.7033,97.5747,95.1803,55.3074,370.67,50.90600000000001,325.878,287.825,44.9456,424.665,418.48800000000006,416.326,522.863,509.692,599.9490000000002,421.875,417.407,526.37,509.048,599.159,408.963,406.292,517.7769999999998,517.061,612.013,408.025,406.942,517.92,516.488,613.9540000000002,433.7480000000001,433.604,533.807,531.302,608.419,434.68300000000005,433.82,534.0930000000002,533.52,607.054,599.23,598.7280000000002,21.4042,405.772,1152.22
2020-11-22 07:17:50,96.2454,97.3443,97.6496,97.3443,71.5812,70.116,70.4823,71.2759,34.0965,33.7912,33.4249,32.9365,15.1099,14.9267,15.7814,15.8425,15.232,14.6215,14.9878,14.8657,49.8657,19.4872,23.8828,34.3346,93.0403,128.987,97.4359,75.1648,59,59,59,59,58.9438,59.4933,59.2491,59.6764,59,59,59,59,11.4469,11.2027,11.2637,11.8742,10.6532,10.8364,11.0195,11.7521,11.8132,12.4847,11.9353,12.3626,55.0366,56.1355,55.5861,55.5861,26.0379,25.2442,26.0989,26.0379,44.2308,59.0049,43.8034,43.315,32.5702,33.3028,33.0586,33.1197,28.4799,28.3578,27.6252,28.0525,43.6203,43.9255,43.7424,42.9487,34.0965,33.9744,33.4249,33.4249,25.8547,25.9768,25.4274,25.4884,43.4982,43.9866,43.1319,43.6813,32.5702,32.7534,33.4249,32.4481,26.221,25.0611,25.3053,30.0672,44.6581,43.315,43.4982,44.2918,15.6593,15.232,30.9829,15.4762,15.3541,15.1099,38.9194,15.5372,16.0867,15.232,15.8425,15.4151,35.3175,35.5006,36.0501,35.6838,97.2222,98.0769,97.2222,98.138,59.9817,59.188,60.1038,59.7375,59,59,59,59,59.6764,59.6764,59.6764,59.3712,5.7081800000000005,0.396825,5.4029300000000005,57.2955,38.9805,48.2601,35.7448,48.9927,33.3028,49.2369,2.77778,0.396825,1102.75,173.158,1427.99,0.0,1.0,1.0,1.0,1.0,0.0,0.07783949999999999,43.6157,43.5119,42.993,43.5638,0.129731,14.6126,95.3178,90.8954,90.2484,97.4314,0.0,7.983519999999999,31.3277,0.0,0.0,-109.171,97.5747,95.1803,54.5844,370.025,50.0166,325.355,287.825,43.93899999999999,424.665,418.48800000000006,416.326,522.863,509.692,599.9490000000002,421.875,417.407,526.513,509.048,599.159,408.963,406.292,517.7769999999998,517.061,612.013,408.025,406.942,516.918,516.488,613.9540000000002,433.7480000000001,433.604,533.807,531.302,608.419,434.68300000000005,433.82,534.0930000000002,533.52,607.054,599.23,598.7280000000002,21.4042,406.301,1150.39
2020-11-22 07:17:55,96.2454,97.3443,97.6496,97.3443,72.1917,72.2527,71.2149,71.9475,34.0965,33.7912,33.4249,32.9365,15.1099,14.9267,15.7814,15.8425,15.232,14.6215,14.9878,14.8657,50.7448,19.4872,24.7619,33.1624,94.2124,130.549,98.8034,75.1648,59,59,59,59,58.9438,59.4933,59.2491,59.6764,59,59,59,59,11.4469,11.2027,11.2637,11.8742,10.6532,10.8364,11.0195,11.7521,11.8132,12.4847,11.9353,12.3626,55.0366,56.1355,55.5861,55.5861,26.0379,25.2442,26.0989,26.0379,44.2308,59.0049,43.8034,43.315,32.5702,33.3028,32.5092,33.1197,28.4799,28.3578,27.6252,28.0525,43.6203,43.9255,43.7424,42.9487,34.0965,33.9744,34.1575,34.8901,25.8547,25.9768,25.4274,25.4884,43.4982,43.9866,43.1319,43.6813,32.5702,32.7534,33.4249,32.4481,26.221,26.3431,25.3053,30.0672,44.6581,43.315,43.4982,44.2918,15.6593,15.232,30.9829,15.4762,15.3541,15.1099,38.9194,15.5372,16.0867,15.232,15.8425,15.4151,35.3175,35.5006,36.0501,35.6838,97.2222,98.0769,97.2222,98.138,59.9817,59.188,60.1038,59.7375,59,59,59,59,59.6764,59.6764,59.6764,59.3712,5.7081800000000005,0.396825,5.4029300000000005,57.2955,38.9805,48.2601,35.7448,48.9927,32.0818,49.2369,2.77778,0.396825,1103.82,173.158,1430.23,0.0,1.0,1.0,1.0,1.0,0.0,0.07783949999999999,43.6157,43.5119,42.993,43.5638,0.129731,14.6126,95.5086,89.0096,89.3265,98.0844,0.0,7.983519999999999,32.4464,0.0,0.0,-124.201,97.5747,95.1803,54.5844,369.388,49.3193,326.001,287.825,43.93899999999999,424.665,418.48800000000006,416.326,522.863,509.692,599.9490000000002,421.875,416.398,526.513,509.048,599.159,408.963,406.292,517.7769999999998,517.061,612.013,408.025,406.942,516.918,516.488,613.9540000000002,433.7480000000001,433.604,533.807,531.302,608.419,434.68300000000005,433.82,534.0930000000002,533.52,607.054,599.23,598.7280000000002,21.4042,406.83,1147.86
2020-11-22 07:18:00,96.2454,97.3443,97.6496,97.3443,72.1917,72.2527,71.2149,72.558,34.0965,33.7912,33.4249,32.9365,15.1099,14.9267,15.7814,15.8425,15.232,14.6215,14.9878,14.8657,50.7448,20.3663,24.7619,33.1624,94.2124,132.015,97.6313,75.1648,59,59,59,59,58.9438,59.4933,59.2491,59.6764,59,59,59,59,11.4469,11.2027,11.2637,11.8742,11.2027,10.8364,11.0195,11.7521,11.8132,12.4847,11.9353,12.3626,55.0366,56.1355,55.5861,55.5861,26.0379,25.2442,26.0989,26.0379,44.2308,59.0049,43.8034,43.315,32.5702,33.3028,32.5092,33.1197,28.4799,28.3578,27.6252,28.0525,43.6203,43.9255,43.7424,42.9487,34.0965,33.9744,34.768,34.3407,25.8547,25.9768,25.4274,25.4884,43.4982,43.9866,43.1319,43.6813,32.5702,32.7534,33.4249,32.4481,26.221,26.3431,25.3053,30.0672,44.6581,43.315,43.4982,44.2918,15.6593,15.232,30.9829,15.4762,15.3541,15.1099,38.9194,15.5372,16.0867,15.232,15.8425,15.4151,35.3175,35.5006,36.0501,35.6838,97.2222,98.0769,97.2222,98.138,59.9817,59.188,60.1038,59.7375,59,59,59,59,59.6764,59.6764,59.6764,59.3712,5.7081800000000005,0.396825,5.4029300000000005,57.2955,38.9805,48.2601,35.7448,48.9927,32.0818,49.2369,2.77778,0.396825,1102.63,173.158,1428.85,0.0,1.0,1.0,1.0,1.0,0.0,0.07783949999999999,43.6157,43.5119,42.993,43.5638,0.129731,14.6126,95.5086,89.48299999999998,87.896,98.7625,0.0,7.983519999999999,31.9333,0.0,0.0,-113.325,97.5747,95.1803,53.9744,367.275,48.5412,326.001,287.825,43.93899999999999,424.665,418.48800000000006,416.326,522.863,509.692,599.9490000000002,420.866,416.398,526.513,509.048,600.164,408.963,406.292,517.7769999999998,517.061,611.006,408.025,406.942,516.918,516.488,613.9540000000002,433.7480000000001,433.604,533.807,531.302,608.419,434.68300000000005,433.82,534.0930000000002,533.52,607.054,599.23,598.7280000000002,21.4042,406.301,1146.2
2020-11-22 07:18:05,96.2454,97.3443,97.6496,97.3443,72.1917,72.2527,71.9475,73.4737,34.0965,33.7912,33.4249,32.9365,15.1099,14.9267,15.7814,15.8425,15.232,14.6215,14.9878,14.8657,50.7448,20.3663,24.7619,34.0415,93.3333,131.03799999999998,96.7521,75.1648,59,59,59,59,58.9438,59.4933,59.2491,59.6764,59,59,59,59,11.4469,11.2027,11.2637,11.8742,11.2027,10.8364,11.0195,11.7521,11.8132,12.4847,11.9353,12.3626,55.0366,56.1355,55.5861,55.5861,26.0379,25.2442,26.0989,26.0379,44.2308,59.0049,43.8034,43.315,32.5702,33.3028,32.5092,33.1197,28.4799,28.3578,27.6252,28.0525,43.6203,43.9255,43.7424,42.9487,34.0965,33.9744,34.768,33.7302,25.8547,25.9768,25.4274,25.4884,43.4982,43.9866,43.1319,43.6813,32.5702,32.7534,33.4249,32.4481,26.221,26.3431,25.3053,30.0672,44.6581,43.315,43.4982,44.2918,15.6593,15.232,30.9829,15.4762,15.3541,15.1099,38.9194,15.5372,16.0867,15.232,15.8425,15.4151,35.3175,35.5006,36.0501,35.6838,97.2222,98.0769,97.2222,98.138,59.9817,59.188,60.1038,59.7375,59,59,59,59,59.6764,59.6764,59.6764,59.3712,5.7081800000000005,0.396825,5.4029300000000005,57.2955,38.9805,49.42,35.7448,48.9927,32.0818,49.2369,2.77778,0.396825,1108.42,173.158,1431.05,0.0,1.0,1.0,1.0,1.0,0.0,0.07783949999999999,43.6157,43.5119,42.993,43.5638,0.129731,14.6126,97.2646,93.2913,91.0125,97.6731,0.0,7.983519999999999,31.6218,0.0,0.0,-107.731,97.5747,95.1803,52.8644,362.197,47.7432,326.001,287.825,43.93899999999999,424.665,417.479,416.326,522.863,509.692,599.9490000000002,420.866,416.398,526.513,509.048,600.164,408.963,406.292,517.7769999999998,517.061,611.006,408.025,406.942,516.918,516.488,613.9540000000002,433.7480000000001,433.604,533.807,531.302,608.419,434.68300000000005,433.82,534.0930000000002,533.52,607.054,599.23,599.7330000000002,21.4042,405.772,1144.86
2020-11-22 07:18:10,96.2454,97.8938,97.6496,97.3443,73.2295,74.6337,72.7411,73.4737,34.0965,33.7912,33.4249,32.9365,15.1099,14.9267,15.7814,15.8425,15.232,14.6215,14.9878,14.8657,50.7448,20.3663,23.8828,34.0415,92.0635,130.061,96.7521,75.1648,59,59,59,59,58.9438,59.4933,59.2491,59.6764,59,59,59,59,11.4469,11.2027,11.2637,11.8742,11.2027,10.8364,11.0195,11.7521,11.8132,12.4847,11.9353,12.3626,55.0366,56.1355,55.5861,55.5861,26.0379,25.2442,26.0989,26.0379,44.2308,59.0049,43.8034,43.315,32.5702,33.3028,32.5092,32.5702,28.4799,28.3578,27.6252,28.0525,43.6203,43.9255,43.7424,42.9487,34.0965,33.9744,33.3028,33.1807,25.8547,25.9768,25.4274,25.4884,43.4982,43.9866,43.1319,43.6813,32.5702,32.7534,33.4249,32.4481,26.221,25.2442,25.3053,30.0672,44.6581,43.315,43.4982,43.5592,15.6593,15.232,30.9829,15.4762,15.3541,15.1099,38.9194,15.5372,16.0867,15.232,15.8425,15.4151,35.3175,35.5006,36.0501,35.6838,97.2222,98.0769,97.2222,98.138,59.9817,59.188,60.1038,59.7375,59,59,59,59,59.6764,59.6764,59.6764,59.3712,5.7081800000000005,0.396825,5.4029300000000005,57.2955,38.9805,49.42,35.7448,48.9927,32.0818,49.2369,2.77778,0.396825,1110.78,173.678,1441.83,0.0,1.0,1.0,1.0,1.0,0.0,0.07783949999999999,43.6157,43.5119,42.993,43.5638,0.129731,14.6126,95.8908,90.5805,91.3202,96.791,0.0,7.983519999999999,31.3244,0.0,0.0,-110.063,97.5747,95.1803,51.4434,359.605,47.0749,325.426,287.825,43.93899999999999,424.665,417.479,415.316,522.863,509.692,599.9490000000002,420.866,416.398,526.513,509.048,600.164,408.963,406.292,517.7769999999998,517.061,611.006,408.025,406.942,516.918,516.488,613.9540000000002,433.7480000000001,433.604,533.807,531.302,608.419,434.68300000000005,433.82,534.0930000000002,533.52,607.054,599.23,599.7330000000002,21.4042,405.772,1143.69
2020-11-22 07:18:15,96.2454,97.8938,97.6496,97.3443,74.7558,74.6337,73.4127,74.939,34.0965,33.7912,33.4249,32.9365,15.1099,14.9267,15.7814,15.8425,15.232,14.6215,14.9878,14.8657,48.8889,20.3663,23.8828,31.9902,93.138,131.03799999999998,94.5055,75.1648,59,59,59,59,58.9438,59.4933,59.2491,59.6764,59,59,59,59,11.4469,11.2027,11.2637,11.8742,11.2027,10.8364,11.0195,11.7521,11.8132,12.4847,11.9353,12.3626,55.0366,56.1355,55.5861,55.5861,26.0379,25.2442,26.0989,26.0379,44.2308,59.0049,43.8034,43.315,32.5702,33.3028,31.9597,32.5702,28.4799,28.3578,27.6252,28.0525,43.6203,43.9255,43.7424,42.9487,34.0965,33.9744,33.3028,33.1807,25.8547,25.9768,25.4274,25.4884,43.4982,43.9866,43.1319,43.6813,32.5702,32.7534,33.4249,32.4481,26.221,26.5263,25.3053,30.0672,44.6581,43.315,43.4982,43.5592,15.6593,15.232,30.9829,15.4762,15.3541,15.1099,38.9194,15.5372,16.0867,15.232,15.8425,15.4151,35.3175,35.5006,36.0501,35.6838,97.2222,98.0769,97.2222,98.138,59.9817,59.188,60.1038,59.7375,59,59,59,59,59.6764,59.6764,59.6764,59.3712,5.7081800000000005,0.396825,5.4029300000000005,57.2955,38.9805,48.3822,35.7448,48.9927,32.0818,49.2369,2.77778,0.396825,1109.6,173.678,1431.14,0.0,1.0,1.0,1.0,1.0,0.0,0.07783949999999999,43.6157,43.5119,42.993,43.5638,0.129731,14.6126,97.2164,88.5315,89.6962,96.791,0.0,7.983519999999999,30.0775,0.0,0.0,-98.4892,97.5747,95.1803,50.8408,358.3590000000001,47.0749,324.758,287.825,43.93899999999999,424.665,417.479,415.316,522.863,509.692,599.9490000000002,420.866,416.398,526.513,509.048,600.164,408.963,406.292,517.7769999999998,517.061,611.006,408.025,406.942,516.918,515.487,613.9540000000002,433.7480000000001,433.604,533.807,531.302,608.419,434.68300000000005,433.82,534.0930000000002,533.52,607.054,599.23,599.7330000000002,21.4042,404.715,1143.09
2020-11-22 07:18:20,96.2454,97.8938,97.6496,97.3443,74.7558,74.6337,74.1453,74.939,34.0965,33.7912,33.4249,32.9365,15.1099,14.9267,15.7814,15.8425,15.232,14.6215,14.9878,14.8657,49.768,20.3663,22.8083,31.9902,93.138,129.963,91.7704,74.2857,59,59,59,59,58.9438,59.4933,59.2491,59.6764,59,59,59,59,11.4469,11.2027,11.2637,11.8742,11.2027,10.8364,11.0195,11.7521,11.8132,12.4847,11.9353,12.3626,55.0366,56.1355,55.5861,55.5861,26.0379,25.2442,26.0989,26.0379,44.2308,59.0049,43.8034,43.315,32.5702,33.3028,33.486,32.5702,28.4799,28.3578,27.6252,28.0525,43.6203,43.9255,43.7424,42.9487,34.0965,33.9744,34.8901,33.1807,25.8547,25.9768,25.4274,25.4884,43.4982,43.9866,43.1319,43.6813,32.5702,32.7534,33.4249,32.4481,26.221,26.5263,25.3053,30.0672,44.6581,43.315,43.4982,43.5592,15.6593,15.232,30.9829,15.4762,15.3541,15.1099,38.9194,15.5372,16.0867,15.232,15.8425,15.4151,35.3175,35.5006,36.0501,35.6838,97.2222,98.0769,97.2222,98.138,59.9817,59.188,60.1038,59.7375,59,59,59,59,59.6764,59.6764,59.6764,59.3712,5.7081800000000005,0.396825,5.4029300000000005,57.2955,38.9805,48.3822,35.7448,48.9927,32.0818,49.2369,2.77778,0.396825,1109.49,173.169,1437.04,0.0,1.0,1.0,1.0,1.0,0.0,0.07783949999999999,43.6157,43.5119,42.993,43.5638,0.129731,14.6126,98.4508,87.4701,91.0371,97.082,0.0,7.983519999999999,30.9518,0.0,0.0,-79.3077,97.5747,95.1803,50.2394,358.932,46.3659,324.758,287.825,43.93899999999999,424.665,417.479,415.316,522.863,509.692,599.9490000000002,420.866,416.398,526.513,509.048,600.164,408.963,406.292,517.7769999999998,517.061,611.006,408.025,406.942,516.918,515.487,613.9540000000002,433.7480000000001,433.604,533.807,531.302,608.419,434.68300000000005,433.82,534.0930000000002,533.52,607.054,599.23,599.7330000000002,21.4042,405.244,1142.51
2020-11-22 07:18:25,96.2454,97.8938,97.6496,97.3443,75.7326,74.6337,74.1453,76.0379,34.0965,33.7912,33.4249,32.9365,15.1099,14.9267,15.7814,14.9267,15.232,14.6215,14.9878,14.8657,49.768,20.3663,22.8083,31.9902,93.138,129.963,88.25399999999998,74.2857,59,59,59,59,58.9438,59.4933,59.2491,59.6764,59,59,59,59,11.4469,11.2027,11.2637,11.8742,11.2027,10.8364,11.0195,11.7521,11.8132,12.4847,11.9353,12.3626,55.0366,56.1355,55.5861,55.5861,26.0379,25.2442,26.0989,26.0379,44.2308,59.0049,43.254,43.315,32.5702,33.3028,33.486,32.0208,28.4799,28.3578,27.6252,28.0525,43.6203,43.9255,43.7424,42.9487,34.0965,33.9744,33.7912,34.707,25.8547,25.9768,25.4274,25.4884,43.4982,43.9866,43.1319,43.6813,32.5702,32.7534,33.4249,32.4481,26.221,26.5263,25.3053,30.0672,44.6581,43.315,43.4982,43.5592,15.6593,15.232,30.9829,15.4762,15.3541,15.1099,38.9194,15.5372,16.0867,15.232,15.8425,15.4151,35.3175,35.5006,36.0501,35.6838,97.2222,98.0769,97.2222,98.138,59.9817,59.188,60.1038,59.7375,59,59,59,59,59.6764,59.6764,59.6764,59.3712,5.7081800000000005,0.396825,5.4029300000000005,57.2955,38.9805,49.42,35.7448,48.9927,32.0818,49.2369,2.77778,0.396825,1108.31,173.169,1433.91,0.0,1.0,1.0,1.0,1.0,0.0,0.07783949999999999,43.6157,43.5119,42.993,43.5638,0.129731,14.6126,95.5194,87.0357,89.6615,96.1116,0.0,7.983519999999999,30.2488,0.0,0.0,-64.9534,97.5747,95.1803,50.2394,358.171,45.0449,323.878,287.825,43.93899999999999,424.665,417.479,415.316,522.863,509.692,599.9490000000002,420.866,415.388,526.37,509.048,600.164,408.963,406.292,517.7769999999998,517.061,611.006,408.025,406.942,516.918,515.487,613.9540000000002,433.7480000000001,433.604,533.807,531.302,608.419,434.68300000000005,433.82,534.0930000000002,533.52,607.054,600.236,599.7330000000002,21.4042,405.244,1142.51
2020-11-22 07:18:30,96.2454,97.8938,97.6496,97.3443,75.7326,74.6337,75.0611,76.0379,34.0965,33.7912,33.4249,32.9365,15.1099,14.9267,15.7814,15.6593,15.232,14.6215,14.9878,14.8657,49.768,20.3663,22.8083,31.9902,93.138,129.963,91.8681,75.1648,59,59,59,59,58.9438,59.4933,59.2491,59.6764,59,59,59,59,11.4469,11.2027,11.2637,11.8742,11.2027,11.3858,11.0195,11.7521,11.8132,12.4847,11.9353,12.3626,55.0366,56.1355,55.5861,55.5861,26.0379,25.2442,26.0989,26.0379,44.7802,59.0049,43.254,43.315,32.5702,33.3028,33.486,32.0208,28.4799,28.3578,27.6252,28.0525,43.6203,43.9255,43.7424,42.9487,34.0965,33.9744,33.7912,34.707,25.8547,25.9768,25.4274,25.4884,43.4982,43.9866,43.1319,43.6813,32.5702,32.7534,33.4249,32.4481,26.221,25.3663,25.3053,30.0672,44.6581,43.315,43.4982,43.5592,15.6593,15.232,30.9829,15.4762,15.3541,15.1099,38.9194,15.5372,16.0867,15.232,15.8425,15.4151,35.3175,35.5006,36.0501,35.6838,97.2222,98.0769,97.2222,98.138,59.9817,59.188,60.1038,59.7375,59,59,59,59,59.6764,59.6764,59.6764,59.3712,5.7081800000000005,0.396825,5.4029300000000005,57.2955,38.9805,49.42,35.7448,48.9927,32.0818,49.2369,2.77778,0.396825,1107.13,173.169,1429.26,0.0,1.0,1.0,1.0,1.0,0.0,0.07783949999999999,43.6157,43.5119,42.993,43.5638,0.129731,14.6126,95.2397,90.5054,89.7422,96.0707,0.0,7.983519999999999,31.781,0.0,0.0,-70.0434,97.5747,95.1803,50.79,355.634,45.617,323.878,287.825,43.93899999999999,424.665,417.479,415.316,522.863,509.692,599.9490000000002,420.866,415.388,526.37,509.048,600.164,408.963,406.292,517.7769999999998,517.061,611.006,408.025,406.942,516.918,515.487,613.9540000000002,433.7480000000001,433.604,533.807,531.302,608.419,434.68300000000005,433.82,534.0930000000002,533.52,607.054,600.236,599.7330000000002,21.4042,405.244,1141.96
2020-11-22 07:18:35,96.2454,97.8938,97.6496,97.3443,75.7326,76.2821,75.0611,76.0379,34.0965,33.7912,33.4249,32.9365,15.1099,14.9267,15.7814,15.6593,15.232,14.6215,14.9878,14.8657,49.768,20.3663,22.8083,31.9902,91.4774,130.842,94.6032,75.1648,59,59,59,59,58.9438,59.4933,59.2491,59.6764,59,59,59,59,11.4469,11.2027,11.2637,11.8742,11.2027,11.3858,11.0195,11.7521,11.8132,12.4847,11.9353,12.3626,55.0366,56.1355,55.5861,55.5861,26.0379,25.2442,26.0989,26.0379,44.7802,59.0049,44.536,43.315,32.5702,33.3028,33.486,31.4713,28.4799,28.3578,27.6252,28.0525,43.6203,43.9255,43.7424,42.9487,34.0965,33.9744,33.7912,34.707,25.8547,25.9768,25.4274,25.4884,43.4982,43.9866,43.1319,43.6813,32.5702,32.7534,33.4249,32.4481,26.221,26.2821,25.3053,30.0672,44.6581,43.315,43.4982,43.5592,15.6593,15.232,30.9829,15.4762,14.8046,15.1099,38.9194,15.5372,16.0867,15.232,15.8425,15.4151,35.3175,35.5006,36.0501,35.6838,97.2222,98.0769,97.2222,98.138,59.9817,59.188,60.1038,59.7375,59,59,59,59,59.6764,59.6764,59.6764,59.3712,5.7081800000000005,0.396825,5.4029300000000005,57.2955,38.9805,49.42,35.7448,48.9927,32.0818,49.2369,2.77778,0.396825,1108.31,173.169,1430.86,0.0,1.0,1.0,1.0,1.0,0.0,0.07783949999999999,43.6157,43.5119,42.993,43.5638,0.129731,14.6126,95.3654,87.895,88.5809,97.4242,0.0,7.983519999999999,31.6069,0.0,0.0,-58.6355,97.5747,95.1803,49.9142,356.147,45.617,325.712,287.825,42.9235,423.656,417.479,415.316,522.863,509.692,599.9490000000002,419.857,415.388,526.37,509.048,600.164,408.963,406.292,517.7769999999998,517.061,611.006,408.025,406.942,516.918,515.487,613.9540000000002,433.7480000000001,433.604,533.807,531.302,608.419,434.68300000000005,433.82,534.0930000000002,533.52,607.054,600.236,599.7330000000002,21.4042,404.186,1141.42
2020-11-22 07:18:40,96.2454,97.8938,97.6496,97.3443,75.7326,76.2821,75.0611,76.0379,34.0965,33.7912,33.4249,32.9365,15.1099,14.9267,15.7814,15.6593,15.232,14.6215,14.9878,14.8657,49.768,20.3663,22.8083,32.967,91.4774,130.842,94.6032,76.044,59,59,59,59,58.9438,59.4933,59.2491,59.6764,59,59,59,59,11.4469,11.2027,11.2637,11.8742,11.2027,10.409,11.0195,11.7521,11.8132,12.4847,11.9353,12.3626,55.0366,56.1355,55.0366,55.5861,26.0379,25.2442,26.0989,25.4884,44.7802,59.0049,44.536,43.315,32.5702,33.3028,33.486,31.4713,28.4799,28.3578,27.6252,28.0525,43.6203,43.9255,43.7424,42.9487,34.0965,33.9744,33.2418,34.707,25.8547,25.9768,25.4274,25.4884,43.4982,43.9866,43.1319,43.6813,32.5702,32.7534,33.4249,32.4481,26.221,26.2821,25.3053,30.0672,44.6581,43.315,43.4982,43.5592,15.6593,15.232,30.9829,15.4762,14.8046,15.1099,38.9194,15.5372,16.0867,15.232,15.8425,15.4151,35.3175,35.5006,36.0501,35.6838,97.2222,98.0769,97.2222,98.138,59.9817,59.188,60.1038,59.7375,59,59,59,59,59.6764,59.6764,59.6764,59.3712,5.7081800000000005,0.396825,5.4029300000000005,57.2955,38.9805,49.42,35.7448,48.9927,32.0818,49.2369,2.77778,0.396825,1105.95,173.169,1434.74,0.0,1.0,1.0,1.0,1.0,0.0,0.07783949999999999,43.6157,43.5119,42.993,43.5638,0.129731,14.6126,95.3654,91.691,91.0989,97.4242,0.0,7.983519999999999,31.8353,0.0,0.0,-37.7085,97.5747,95.1803,49.9142,357.76,45.617,327.531,287.825,42.9235,423.656,417.479,415.316,522.863,509.692,600.9540000000002,419.857,415.388,526.37,509.048,601.169,408.963,406.292,517.7769999999998,517.061,611.006,408.025,406.942,516.918,515.487,613.9540000000002,433.7480000000001,433.604,533.807,531.302,608.419,434.68300000000005,433.82,534.0930000000002,533.52,607.054,600.236,600.738,21.4042,404.715,1141.42
2020-11-22 07:18:45,96.2454,97.8938,97.6496,97.3443,76.3431,76.2821,75.0611,77.0757,34.0965,33.7912,33.4249,32.9365,15.1099,14.9267,15.7814,15.6593,15.7814,14.6215,14.9878,14.8657,49.768,20.3663,22.8083,32.967,92.4542,129.67,95.58,76.044,59,59,59,59,58.9438,59.4933,59.2491,59.6764,59,59,59,59,11.4469,11.2027,11.2637,11.8742,11.2027,11.5079,11.0195,11.7521,11.8132,12.4847,11.9353,12.3626,54.4872,56.1355,55.0366,55.5861,26.0379,25.2442,26.0989,25.4884,44.7802,59.0049,44.536,43.315,32.5702,33.3028,33.486,31.4713,28.4799,28.3578,27.6252,28.0525,43.6203,43.9255,43.7424,42.9487,34.0965,33.9744,32.6313,34.1575,25.8547,25.9768,25.4274,25.4884,43.4982,43.9866,43.1319,43.6813,32.5702,32.7534,33.4249,32.4481,26.221,26.2821,25.3053,30.0672,44.6581,43.315,43.4982,43.5592,15.6593,15.232,30.9829,15.4762,14.8046,15.1099,38.9194,15.5372,16.0867,15.232,15.8425,15.4151,35.3175,35.5006,36.0501,35.6838,97.2222,98.0769,97.2222,98.138,59.9817,59.188,60.1038,59.7375,59,59,59,59,59.6764,59.6764,59.6764,59.3712,5.7081800000000005,0.396825,5.4029300000000005,57.2955,37.3321,49.42,33.6081,48.9927,30.3114,49.2369,2.77778,0.396825,1107.02,173.169,1432.75,0.0,1.0,1.0,1.0,1.0,0.0,0.07783949999999999,43.6157,43.5119,42.993,43.5638,0.129731,13.8629,95.3001,89.5029,89.2828,96.823,0.0,7.983519999999999,31.9115,0.0,1.10467,-18.6437,97.5747,95.1803,49.119,358.392,43.5158,328.159,287.825,42.9235,423.656,417.479,415.316,522.863,509.692,600.9540000000002,419.857,415.388,526.37,509.048,601.169,408.963,406.292,516.775,516.059,611.006,408.025,406.942,516.918,515.487,613.9540000000002,433.7480000000001,433.604,533.807,531.302,608.419,434.68300000000005,433.82,534.0930000000002,533.52,607.054,600.236,600.738,21.4042,404.715,1140.85
2020-11-22 07:18:50,96.2454,97.8938,97.6496,97.3443,76.3431,76.2821,75.0611,77.0757,34.0965,33.7912,33.4249,32.9365,15.1099,14.9267,15.7814,15.6593,15.7814,14.6215,14.9878,14.8657,50.8425,19.3895,21.7338,32.967,92.4542,129.67,94.7009,73.895,59,59,59,59,58.9438,59.4933,59.2491,59.6764,59,59,59,59,11.4469,11.2027,11.2637,11.8742,11.2027,11.5079,11.0195,11.7521,11.8132,12.4847,11.9353,12.3626,54.4872,56.1355,55.0366,55.5861,26.0379,25.2442,26.0989,25.4884,44.7802,59.0049,44.536,43.315,32.5702,33.3028,33.486,30.9219,28.4799,28.3578,27.6252,28.0525,43.6203,43.9255,43.7424,42.9487,34.0965,33.9744,33.9744,34.1575,25.8547,25.9768,25.4274,25.4884,43.4982,43.9866,43.1319,43.6813,32.5702,32.7534,33.4249,32.4481,26.221,25.0611,25.3053,30.0672,44.6581,43.315,43.4982,43.5592,15.6593,15.232,30.9829,15.4762,14.8046,15.1099,38.9194,15.5372,16.0867,15.232,15.8425,15.4151,35.3175,35.5006,36.0501,35.6838,97.2222,98.0769,97.2222,98.138,59.9817,59.188,60.1038,59.7375,59,59,59,59,59.6764,59.6764,59.6764,59.3712,5.7081800000000005,0.396825,5.4029300000000005,57.2955,37.3321,49.42,33.6081,48.9927,30.3114,49.2369,2.77778,0.396825,1107.02,173.169,1429.73,0.0,1.0,1.0,1.0,1.0,0.0,0.07783949999999999,43.6157,43.5119,42.993,43.5638,0.129731,13.8629,96.3694,90.4113,89.9535,95.8026,0.0,7.983519999999999,32.7436,0.0,0.0,-22.7336,97.5747,95.1803,47.787,356.582,43.6006,325.426,287.825,42.9235,423.656,417.479,415.316,522.863,509.692,600.9540000000002,419.857,415.388,526.37,509.048,601.169,408.963,406.292,516.775,516.059,611.006,408.025,406.942,516.918,515.487,613.9540000000002,433.7480000000001,433.604,533.807,531.302,608.419,434.68300000000005,433.82,534.0930000000002,533.52,607.054,600.236,600.738,21.4042,405.244,1140.85
2020-11-22 07:18:55,96.2454,97.8938,97.6496,97.3443,76.3431,76.2821,75.0611,77.0757,34.0965,33.7912,33.4249,32.9365,15.1099,14.9267,15.7814,15.6593,15.7814,14.6215,14.9878,14.8657,50.8425,19.3895,22.7106,32.967,92.4542,129.67,94.7009,74.8718,59,59,59,59,58.9438,59.4933,59.2491,59.6764,59,59,59,59,11.4469,11.2027,11.2637,11.8742,10.5922,11.5079,11.0195,11.2027,11.8132,12.4847,11.9353,12.3626,54.4872,56.1355,55.0366,55.5861,26.0379,25.2442,26.0989,25.4884,44.7802,59.0049,44.536,43.315,32.5702,33.3028,33.486,30.9219,28.4799,28.3578,27.6252,28.0525,43.6203,43.9255,43.7424,42.9487,34.0965,33.9744,33.9744,33.6081,25.8547,25.9768,25.4274,25.4884,43.4982,43.9866,43.1319,43.6813,32.5702,32.7534,33.4249,32.4481,26.221,26.16,25.3053,30.0672,44.6581,43.315,43.4982,43.5592,15.6593,15.232,30.9829,15.4762,14.8046,15.1099,38.9194,15.5372,16.0867,15.232,15.8425,15.4151,35.3175,35.5006,36.0501,35.6838,97.2222,98.0769,97.2222,98.138,59.9817,59.188,60.1038,59.7375,59,59,59,59,59.6764,59.6764,59.6764,59.3712,5.7081800000000005,0.396825,5.4029300000000005,57.2955,37.3321,49.42,33.6081,48.9927,30.3114,50.2747,2.77778,0.396825,1106.93,173.68200000000004,1430.18,0.0,1.0,1.0,1.0,1.0,0.0,0.07783949999999999,43.6157,43.5119,42.993,43.5638,0.129731,13.8629,96.226,88.8854,88.7119,97.2557,0.0,7.983519999999999,29.3467,0.0,0.0,-55.3627,97.5747,95.1803,47.1098,354.584,44.1802,321.871,287.825,42.9235,423.656,417.479,415.316,522.863,509.692,600.9540000000002,419.857,415.388,526.37,509.048,601.169,408.963,406.292,516.775,516.059,611.006,408.025,406.942,516.918,515.487,613.9540000000002,433.7480000000001,433.604,533.807,531.302,608.419,434.68300000000005,433.82,534.0930000000002,533.52,607.054,600.236,600.738,21.4042,404.186,1140.33
2020-11-22 07:19:00,96.2454,97.8938,97.6496,97.3443,76.3431,76.2821,75.0611,77.0757,34.0965,33.7912,33.4249,32.9365,15.1099,14.9267,15.7814,15.6593,15.7814,14.6215,14.9878,14.8657,50.8425,19.3895,22.7106,32.967,93.5287,127.717,95.6777,75.8486,59,59,59,59,58.9438,59.4933,59.2491,59.6764,59,59,59,59,11.4469,11.2027,11.2637,11.8742,10.5922,11.5079,11.0195,11.2027,11.8132,12.4847,11.9353,12.3626,54.4872,56.1355,55.0366,55.5861,26.0379,25.2442,26.0989,25.4884,44.7802,59.0049,44.536,43.315,32.5702,33.3028,33.486,30.9219,28.4799,28.3578,27.6252,28.0525,43.6203,43.9255,43.7424,42.9487,34.0965,33.9744,33.9744,33.6081,25.8547,25.9768,25.4274,25.4884,43.4982,43.9866,43.1319,43.6813,32.5702,32.7534,33.4249,32.4481,26.221,26.16,25.3053,30.0672,44.6581,43.315,43.4982,43.5592,15.6593,15.232,30.9829,15.4762,14.8046,15.1099,38.9194,15.5372,16.0867,15.232,15.8425,15.4151,35.3175,35.5006,36.0501,35.6838,97.2222,98.0769,97.2222,98.138,59.9817,59.188,60.1038,59.7375,59,59,59,59,59.6764,59.6764,59.6764,59.3712,5.7081800000000005,0.396825,5.4029300000000005,57.2955,37.3321,49.42,33.6081,48.9927,30.3114,50.2747,2.77778,0.396825,1110.46,173.68200000000004,1428.16,0.0,1.0,1.0,1.0,1.0,0.0,0.07783949999999999,43.6157,43.5119,42.993,43.5638,0.129731,14.6273,95.5224,89.2738,90.2648,97.5697,0.0,7.983519999999999,32.2965,0.0,0.0,-31.6073,97.5747,95.1803,46.4287,353.606,43.4593,319.73,287.825,42.9235,423.656,417.479,415.316,522.863,509.692,600.9540000000002,419.857,415.388,526.37,508.046,601.169,408.963,406.292,516.775,516.059,611.006,408.025,406.942,516.918,515.487,613.9540000000002,433.7480000000001,433.604,533.807,531.302,608.419,434.68300000000005,433.82,534.0930000000002,533.52,607.054,600.236,600.738,21.4042,405.244,1140.33
2020-11-22 07:19:05,96.2454,97.8938,97.6496,97.3443,76.3431,76.2821,75.0611,77.0757,34.0965,33.7912,33.4249,32.9365,15.1099,14.9267,15.7814,15.6593,15.7814,14.6215,14.9878,14.8657,50.8425,19.3895,23.5897,34.1392,92.6496,127.717,95.6777,75.8486,59,59,59,59,58.9438,59.4933,59.2491,59.6764,59,59,59,59,11.4469,11.2027,11.2637,11.8742,10.5922,11.5079,11.0195,11.2027,11.8132,12.4847,11.9353,12.3626,54.4872,56.1355,55.0366,55.5861,26.0379,25.2442,25.5495,25.4884,44.7802,59.0049,44.536,43.315,32.5702,33.3028,33.486,30.3724,28.4799,28.3578,27.6252,28.0525,43.6203,43.9255,43.7424,42.9487,34.0965,33.9744,33.9744,33.0586,25.8547,25.9768,25.4274,25.4884,43.4982,43.9866,43.1319,43.6813,32.5702,32.7534,33.4249,32.4481,26.221,26.16,25.3053,30.0672,44.6581,43.315,43.4982,43.5592,15.6593,15.232,30.9829,15.4762,14.8046,15.1099,38.9194,15.5372,16.0867,15.232,15.8425,15.4151,35.3175,35.5006,36.0501,35.6838,97.2222,98.0769,97.2222,98.138,59.9817,59.188,60.1038,59.7375,59,59,59,59,59.6764,59.6764,59.6764,59.3712,5.7081800000000005,0.396825,5.4029300000000005,57.2955,37.3321,49.42,33.6081,48.9927,30.3114,50.2747,2.77778,0.396825,1109.21,173.68200000000004,1426.58,0.0,1.0,1.0,1.0,1.0,0.0,0.07783949999999999,43.6157,43.5119,42.993,43.5638,0.129731,14.6273,95.3447,89.4797,89.3351,96.8521,0.0,7.983519999999999,29.3135,0.0,0.0,-40.8112,97.5747,95.1803,46.4287,350.996,42.9211,318.4190000000001,287.825,42.9235,423.656,417.479,415.316,521.861,509.692,600.9540000000002,419.857,415.388,526.227,508.046,601.169,409.973,406.292,516.775,516.059,611.006,409.035,406.942,516.918,515.487,613.9540000000002,433.7480000000001,433.604,533.807,531.302,608.419,434.68300000000005,433.82,534.0930000000002,533.52,607.054,600.236,600.738,21.4042,405.244,1140.33
2020-11-22 07:19:10,96.2454,97.8938,97.6496,97.3443,76.3431,76.2821,75.0611,77.0757,34.0965,33.7912,33.4249,32.9365,15.1099,14.9267,15.7814,15.6593,15.7814,14.6215,14.9878,14.8657,50.8425,19.3895,23.5897,34.1392,91.7704,127.717,94.5055,75.8486,59,59,59,59,58.9438,59.4933,59.2491,59.6764,59,59,59,59,11.4469,11.2027,11.2637,11.8742,10.5922,11.5079,11.0195,11.2027,11.8132,12.4847,11.9353,12.3626,54.4872,56.1355,55.0366,55.5861,26.0379,25.2442,26.221,25.4884,44.7802,59.0049,44.536,43.315,32.5702,33.3028,33.486,30.3724,28.4799,27.8083,27.6252,28.0525,43.6203,43.9255,43.7424,42.9487,34.0965,33.9744,33.9744,33.0586,25.8547,25.9768,25.4274,25.4884,43.4982,43.9866,43.1319,43.6813,32.5702,32.7534,33.4249,32.4481,26.221,25.0,25.3053,30.0672,44.6581,43.315,43.4982,43.5592,15.6593,15.232,30.9829,15.4762,14.8046,15.1099,38.9194,15.5372,16.0867,15.232,15.8425,15.4151,35.3175,35.5006,36.0501,35.6838,97.2222,98.0769,97.2222,98.138,59.9817,59.188,60.1038,59.7375,59,59,59,59,59.6764,59.6764,59.6764,59.3712,5.7081800000000005,0.396825,5.4029300000000005,57.2955,37.3321,49.42,33.6081,49.9084,30.3114,50.2747,2.77778,0.396825,1108.03,173.68200000000004,1423.38,0.0,1.0,1.0,1.0,1.0,0.0,0.07783949999999999,43.6157,43.5119,42.993,43.5638,0.129731,14.6273,95.8601,90.4011,87.6516,96.2499,0.0,7.983519999999999,31.7382,0.0,0.0,-38.0552,97.5747,95.1803,46.4287,348.668,42.9211,317.894,287.825,42.9235,423.656,417.479,415.316,521.861,509.692,600.9540000000002,419.857,415.388,526.227,508.046,601.169,409.973,407.30300000000005,516.775,516.059,611.006,409.035,406.942,516.918,515.487,612.947,433.7480000000001,433.604,533.807,531.302,608.419,434.68300000000005,433.82,534.0930000000002,533.52,607.054,600.236,600.738,21.4042,404.715,1140.33
2020-11-22 07:19:15,96.2454,97.8938,97.6496,97.3443,76.3431,76.2821,75.0611,77.0757,34.0965,33.7912,33.4249,32.9365,15.1099,14.9267,15.7814,15.6593,15.7814,14.6215,14.9878,14.8657,50.8425,19.3895,22.5153,33.1624,90.8913,128.01,94.5055,74.7741,59,59,59,59,58.9438,59.4933,59.2491,59.6764,59,59,59,59,11.4469,11.2027,11.2637,11.8742,10.5922,11.5079,11.0195,11.2027,11.8132,12.4847,11.9353,12.3626,54.4872,56.1355,55.0366,55.5861,26.0379,25.2442,26.221,25.4884,44.7802,59.0049,44.536,43.315,32.5702,33.3028,33.486,30.3724,28.4799,27.8083,27.6252,28.0525,43.6203,43.9255,43.7424,42.9487,34.0965,33.9744,33.9744,33.0586,25.8547,25.9768,25.4274,25.4884,43.4982,44.536,43.1319,43.6813,32.5702,32.7534,33.4249,32.4481,26.221,26.6484,25.3053,30.0672,44.6581,43.315,43.4982,43.5592,15.6593,15.232,30.9829,15.4762,14.8046,15.1099,38.9194,15.5372,16.0867,15.232,16.3919,15.4151,35.3175,35.5006,36.0501,35.6838,97.2222,98.0769,97.2222,98.138,59.9817,59.188,60.1038,59.7375,59,59,59,59,59.6764,59.6764,59.6764,59.3712,5.7081800000000005,0.396825,5.4029300000000005,57.2955,37.3321,49.42,33.6081,49.9084,30.3114,50.2747,2.77778,0.396825,1108.03,173.68200000000004,1420.18,0.0,1.0,1.0,1.0,1.0,0.0,0.07783949999999999,43.6157,43.5119,42.993,43.5638,0.129731,14.0099,95.615,88.5324,88.5969,96.5167,0.0,7.983519999999999,31.7382,0.0,0.0,-51.0673,97.5747,95.1803,47.2585,347.306,43.1902,318.443,287.825,42.9235,423.656,417.479,415.316,521.861,509.692,600.9540000000002,419.857,415.388,526.227,508.046,601.169,409.973,407.30300000000005,516.775,516.059,611.006,409.035,407.953,516.918,515.487,612.947,433.7480000000001,433.604,533.807,531.302,608.419,434.68300000000005,433.82,534.0930000000002,533.52,607.054,600.236,600.738,21.4042,405.244,1140.33
2020-11-22 07:19:20,96.2454,97.8938,97.6496,97.3443,76.3431,76.2821,75.0611,77.0757,34.0965,33.7912,33.4249,32.9365,15.1099,14.9267,15.7814,14.9267,15.7814,14.6215,14.9878,14.8657,49.9634,19.3895,22.5153,34.0415,89.9145,128.01,94.5055,76.8254,59,59,59,59,58.9438,59.4933,59.2491,59.6764,59,59,59,59,11.4469,11.2027,11.2637,11.8742,10.5922,11.5079,11.0195,11.2027,11.8132,12.4847,11.9353,12.3626,54.4872,56.1355,55.0366,55.5861,26.0379,25.2442,26.221,25.4884,44.7802,59.0049,44.536,43.315,32.5702,33.3028,33.486,29.823,28.4799,27.8083,27.6252,28.0525,43.6203,43.9255,43.7424,42.9487,34.0965,33.9744,33.9744,33.0586,25.8547,25.9768,25.4274,25.4884,43.4982,44.536,43.1319,43.6813,32.5702,32.7534,33.4249,32.4481,26.221,26.6484,25.3053,30.0672,44.6581,43.315,43.4982,43.5592,15.6593,15.232,30.9829,15.4762,14.8046,15.1099,38.9194,15.5372,16.0867,15.232,16.3919,15.4151,35.3175,35.5006,36.0501,35.6838,97.2222,98.0769,97.2222,98.138,59.9817,59.188,60.1038,59.7375,59,59,59,59,59.6764,59.6764,59.6764,59.3712,5.7081800000000005,0.396825,5.4029300000000005,57.2955,37.3321,49.42,33.6081,49.9084,30.3114,50.2747,2.77778,0.396825,1110.46,173.68200000000004,1423.59,0.0,1.0,1.0,1.0,1.0,0.0,0.07783949999999999,43.6157,43.5119,42.993,43.5638,0.129731,14.0099,97.54,90.8093,88.5969,97.4683,0.0,7.983519999999999,32.0001,0.0,0.0,-51.414,97.5747,95.1803,47.9055,344.856,44.1268,319.6690000000001,287.825,42.9235,423.656,417.479,415.316,521.861,509.692,600.9540000000002,419.857,415.388,526.0830000000002,508.046,602.175,409.973,407.30300000000005,516.775,516.059,611.006,409.035,407.953,516.918,515.487,612.947,433.7480000000001,433.604,533.807,531.302,608.419,434.68300000000005,433.82,534.0930000000002,533.52,608.06,600.236,600.738,21.4042,405.244,1140.33
2020-11-22 07:19:25,96.2454,97.8938,97.6496,97.3443,76.3431,76.2821,75.0611,77.0757,34.0965,33.7912,33.4249,32.9365,15.1099,14.9267,15.7814,15.5983,15.7814,14.6215,14.9878,14.8657,49.0842,19.3895,21.4408,34.0415,89.9145,128.01,94.5055,76.8254,59,59,59,59,58.9438,59.4933,59.2491,59.6764,59,59,59,59,11.4469,11.2027,11.2637,11.8742,10.6532,11.5079,11.0195,11.2027,11.8132,12.4847,11.9353,12.3626,54.4872,56.1355,55.0366,55.5861,26.0379,25.2442,26.221,25.4884,44.7802,59.0049,44.536,43.315,32.5702,33.3028,33.486,32.265,28.4799,27.8083,27.6252,28.0525,43.6203,43.9255,43.7424,42.9487,34.0965,33.9744,33.9744,33.0586,25.8547,25.9768,25.4274,25.4884,43.4982,44.536,43.1319,43.6813,32.5702,32.7534,33.4249,32.4481,26.221,26.6484,25.3053,30.0672,44.6581,43.315,43.4982,43.5592,15.6593,15.232,30.9829,15.4762,15.3541,15.1099,38.9194,15.5372,16.0867,15.232,16.3919,15.4151,35.3175,35.5006,36.0501,35.6838,97.2222,98.0769,97.2222,98.138,59.9817,59.188,60.1038,59.7375,59,59,59,59,59.6764,59.6764,59.6764,59.3712,5.7081800000000005,0.396825,3.93773,57.2955,37.3321,49.42,33.6081,49.9084,28.7241,50.2747,2.77778,0.396825,1106.85,173.68200000000004,1431.06,0.0,1.0,1.0,1.0,1.0,0.0,0.07783949999999999,43.6157,43.5119,42.993,43.5638,0.129731,14.6568,95.3229,91.0357,89.6118,95.7924,0.0,7.983519999999999,28.595,0.0,0.0,-40.5572,97.5747,95.1803,47.9055,344.856,42.25899999999999,320.285,287.825,42.9235,423.656,417.479,415.316,521.861,509.692,600.9540000000002,419.857,415.388,525.94,508.046,602.175,409.973,407.30300000000005,516.775,516.059,611.006,409.035,407.953,516.918,515.487,612.947,433.7480000000001,433.604,533.807,531.302,608.419,434.68300000000005,433.82,534.0930000000002,533.52,608.06,600.236,601.744,21.4042,405.244,1140.33
2020-11-22 07:19:30,96.2454,97.8938,97.6496,97.3443,76.3431,76.2821,75.6105,77.0757,34.0965,33.7912,32.8755,32.9365,15.1099,14.9267,15.7814,15.5983,15.7814,14.6215,14.9878,14.8657,49.0842,20.3663,21.4408,34.0415,89.9145,127.717,96.7521,76.8254,59,59,59,59,58.9438,59.4933,59.2491,59.6764,59,59,59,59,11.4469,11.2027,11.2637,11.8742,10.6532,11.5079,11.0195,11.2027,11.8132,12.4847,11.9353,12.3626,54.4872,56.1355,55.0366,55.5861,26.0379,25.2442,26.221,25.4884,44.7802,59.0049,44.536,43.315,32.5702,33.3028,33.486,32.265,28.4799,27.8083,27.6252,28.0525,43.6203,43.9255,43.7424,42.9487,34.0965,33.9744,33.9744,33.0586,25.8547,25.9768,25.4274,25.4884,43.4982,44.536,43.1319,43.6813,32.5702,32.7534,33.4249,32.4481,26.221,25.0,25.3053,30.0672,44.6581,43.315,43.4982,43.5592,15.6593,15.232,30.9829,15.4762,15.3541,15.1099,38.9194,15.5372,16.0867,15.232,16.3919,15.4151,35.3175,35.5006,36.0501,35.6838,97.2222,98.0769,97.2222,98.138,59.9817,59.188,60.1038,59.7375,59,59,59,59,59.6764,59.6764,59.6764,59.3712,5.7081800000000005,0.396825,3.93773,57.2955,37.3321,49.42,33.6081,49.9084,28.7241,50.2747,2.77778,0.396825,1108.03,173.68200000000004,1425.46,0.0,1.0,1.0,1.0,1.0,0.0,0.07783949999999999,43.6157,43.5119,42.993,43.5638,0.129731,14.6568,95.2196,89.4087,89.5858,95.6624,0.0,7.983519999999999,32.053000000000004,0.0,0.0,-38.9105,97.5747,95.1803,47.2585,344.856,44.1902,320.285,287.825,42.9235,423.656,417.479,415.316,521.861,509.692,600.9540000000002,419.857,415.388,525.797,508.046,602.175,409.973,407.30300000000005,516.775,516.059,611.006,409.035,407.953,516.918,515.487,612.947,433.7480000000001,433.604,533.807,531.302,609.425,434.68300000000005,433.82,534.0930000000002,533.52,608.06,600.236,601.744,21.4042,405.244,1139.79
2020-11-22 07:19:35,96.2454,97.8938,97.6496,97.3443,76.3431,76.2821,75.6105,77.0757,34.0965,33.7912,32.326,32.9365,15.1099,14.9267,15.7814,15.5983,15.7814,14.6215,14.9878,14.8657,49.9634,21.2454,21.4408,34.0415,91.1844,128.694,96.7521,75.7509,59,59,59,59,58.9438,59.4933,59.2491,59.6764,59,59,59,59,11.4469,11.2027,11.2637,11.8742,10.6532,11.5079,11.0195,11.2027,11.8132,12.4847,11.9353,12.3626,54.4872,56.1355,55.9524,55.5861,26.0379,25.2442,26.221,25.4884,44.7802,59.0049,44.536,43.315,32.5702,33.3028,33.486,32.265,28.4799,27.8083,27.6252,28.0525,43.6203,43.9255,43.7424,42.9487,34.0965,33.9744,33.9744,33.0586,25.8547,25.9768,25.4274,25.4884,43.4982,44.536,43.1319,43.6813,32.5702,32.7534,33.4249,32.4481,26.221,26.6484,25.3053,30.0672,44.6581,43.315,43.4982,43.5592,15.6593,15.232,30.9829,15.4762,15.3541,15.1099,38.9194,15.5372,16.0867,15.232,16.3919,15.4151,35.3175,35.5006,36.0501,35.6838,97.2222,98.0769,97.2222,98.138,59.9817,59.188,60.1038,59.7375,59,59,59,59,59.6764,59.6764,59.6764,59.3712,5.7081800000000005,0.396825,3.93773,57.2955,37.3321,49.42,33.6081,49.9084,28.7241,50.2747,2.77778,0.396825,1104.49,173.68200000000004,1433.38,0.0,1.0,1.0,1.0,1.0,0.0,0.07783949999999999,43.6157,43.5119,42.993,43.5638,0.129731,14.0099,97.3119,88.2098,89.3503,96.8366,0.0,7.983519999999999,30.9163,0.0,0.0,-44.3774,97.5747,95.1803,46.6141,344.107,45.0349,319.0420000000001,287.825,42.9235,423.656,417.479,415.316,521.861,509.692,600.9540000000002,419.857,415.388,525.797,508.046,602.175,409.973,407.30300000000005,516.775,516.059,611.006,409.035,407.953,516.918,515.487,612.947,433.7480000000001,433.604,533.807,531.302,609.425,434.68300000000005,433.82,534.0930000000002,533.52,608.06,600.236,601.744,21.4042,405.244,1139.79
2020-11-22 07:19:40,96.2454,97.8938,97.6496,97.3443,76.3431,76.2821,75.6105,77.0757,34.0965,33.7912,32.326,32.9365,15.1099,14.9267,15.7814,15.5983,15.7814,14.6215,14.9878,14.8657,49.9634,20.2686,21.4408,34.0415,91.1844,127.033,94.5055,74.3834,59,59,59,59,58.9438,59.4933,59.2491,59.6764,59,59,59,59,11.4469,11.2027,11.2637,11.8742,10.6532,11.5079,11.0195,11.2027,11.8132,12.4847,11.9353,12.3626,54.4872,56.1355,56.9292,55.5861,26.0379,25.7936,26.221,25.4884,44.7802,59.0049,44.536,43.315,32.5702,33.3028,33.486,32.265,28.4799,27.8083,27.6252,28.0525,43.6203,43.9255,43.7424,42.9487,34.0965,33.9744,33.9744,33.0586,25.8547,25.9768,25.4274,25.4884,43.4982,44.536,43.1319,43.6813,32.5702,32.7534,33.4249,32.4481,26.221,26.6484,25.3053,30.0672,44.6581,43.315,43.4982,43.5592,15.6593,15.232,30.9829,15.4762,15.3541,15.1099,38.9194,15.5372,16.0867,15.232,16.3919,15.4151,35.3175,35.5006,36.0501,35.6838,97.2222,98.0769,97.2222,98.138,59.9817,59.188,60.1038,59.7375,59,59,59,59,59.6764,59.6764,59.6764,59.3712,5.7081800000000005,0.396825,3.93773,57.2955,37.3321,49.42,33.6081,49.9084,28.7241,50.2747,2.77778,0.396825,1105.67,173.68200000000004,1424.46,0.0,1.0,1.0,1.0,1.0,0.0,0.07783949999999999,43.6157,43.5119,42.993,43.5638,0.129731,14.0099,94.9449,90.1331,89.2168,96.8635,0.0,7.983519999999999,32.1658,0.0,0.0,-30.4597,97.5747,95.1803,46.6141,341.469,45.7917,317.978,287.825,42.9235,423.656,417.479,415.316,521.861,508.69,600.9540000000002,419.857,415.388,525.654,508.046,602.175,409.973,407.30300000000005,516.775,516.059,611.006,409.035,407.953,516.918,515.487,612.947,433.7480000000001,433.604,533.807,531.302,609.425,434.68300000000005,433.82,534.0930000000002,533.52,608.06,600.236,601.744,21.4042,406.301,1139.09
2020-11-22 07:19:45,96.2454,97.8938,97.6496,97.3443,76.3431,76.2821,75.6105,77.0757,34.0965,33.7912,33.4249,32.9365,15.1099,14.9267,15.7814,15.5983,15.7814,14.6215,14.9878,14.8657,49.9634,20.2686,21.4408,32.967,91.1844,127.033,92.5519,74.3834,59,59,59,59,58.9438,59.4933,59.2491,59.6764,59,59,59,59,11.4469,11.2027,11.2637,11.8742,10.6532,11.5079,11.0195,11.2027,11.8132,12.4847,11.9353,12.3626,54.4872,56.1355,55.6471,55.5861,26.0379,25.7936,26.221,25.4884,44.7802,59.0049,44.536,43.315,32.5702,33.3028,33.486,32.265,28.4799,27.8083,27.6252,28.0525,43.6203,43.9255,43.7424,42.9487,34.0965,33.9744,33.9744,33.0586,25.8547,25.9768,25.4274,25.4884,43.4982,44.536,43.1319,43.6813,32.5702,32.7534,33.4249,32.4481,26.221,26.6484,25.3053,30.0672,44.6581,43.315,43.4982,43.5592,15.6593,15.232,30.9829,15.4762,15.3541,15.1099,38.9194,15.5372,16.0867,15.232,16.3919,15.4151,35.3175,35.5006,36.0501,35.6838,97.2222,98.0769,97.2222,98.138,59.9817,59.188,60.1038,59.7375,59,59,59,59,59.6764,59.6764,59.6764,59.3712,5.7081800000000005,0.396825,3.93773,57.2955,37.3321,49.42,33.6081,49.9084,28.7241,50.2747,2.77778,0.396825,1104.46,174.252,1430.47,0.0,1.0,1.0,1.0,1.0,0.0,0.07783949999999999,43.6157,43.5119,42.993,43.5638,0.129731,15.3771,95.8604,89.7238,89.4564,96.8635,0.0,7.983519999999999,31.6418,0.0,0.0,-55.0124,97.5747,95.1803,47.3621,340.195,46.6429,316.342,287.825,42.9235,423.656,417.479,415.316,521.861,508.69,600.9540000000002,419.857,415.388,525.511,508.046,602.175,409.973,407.30300000000005,516.775,516.059,611.006,409.035,407.953,516.918,515.487,612.947,433.7480000000001,433.604,533.807,531.302,609.425,434.68300000000005,433.82,534.0930000000002,533.52,608.06,600.236,601.744,21.4042,405.772,1139.09
2020-11-22 07:19:50,96.2454,97.8938,97.6496,97.3443,76.3431,76.2821,75.6105,77.0757,34.0965,33.7912,33.4249,32.9365,15.1099,14.9267,15.7814,15.5983,15.7814,14.6215,14.9878,14.8657,49.9634,20.2686,21.4408,31.9902,91.1844,127.912,90.3053,74.3834,59,59,59,59,58.9438,59.4933,59.2491,59.6764,59,59,59,59,11.4469,11.2027,11.2637,11.8742,10.6532,11.5079,11.0195,11.2027,11.8132,12.4847,11.9353,12.3626,54.4872,56.1355,55.0977,55.5861,26.0379,25.7936,26.7705,25.4884,44.7802,59.0049,43.9866,43.315,32.5702,33.3028,33.486,32.265,28.4799,27.8083,27.6252,28.0525,43.6203,43.9255,43.7424,42.9487,34.0965,33.9744,33.9744,33.0586,25.8547,25.9768,25.4274,25.4884,43.4982,44.536,43.1319,43.6813,32.5702,32.7534,33.4249,32.4481,26.221,25.2442,25.3053,30.0672,44.6581,43.315,43.4982,43.5592,15.6593,15.232,30.9829,15.4762,15.3541,15.1099,38.9194,15.5372,16.0867,15.232,16.3919,15.4151,35.3175,35.5006,36.0501,35.6838,97.2222,98.0769,97.2222,98.138,59.9817,59.188,60.1038,59.7375,59,59,59,59,59.6764,59.6764,59.6764,59.3712,5.7081800000000005,0.396825,3.93773,57.2955,37.3321,49.42,33.6081,49.9084,28.7241,50.2747,2.77778,0.396825,1108.0,174.252,1424.08,0.0,1.0,1.0,1.0,1.0,0.0,0.07783949999999999,43.6157,43.5119,42.993,43.5638,0.129731,15.3771,95.5526,87.4822,89.4564,95.8272,0.0,7.983519999999999,31.9416,0.0,0.0,-34.7727,97.5747,95.1803,45.7891,339.529,44.8547,316.342,287.825,42.9235,423.656,417.479,415.316,521.861,508.69,600.9540000000002,419.857,415.388,525.368,508.046,602.175,409.973,407.30300000000005,516.775,516.059,611.006,409.035,407.953,516.918,515.487,612.947,433.7480000000001,433.604,533.807,531.302,609.425,434.68300000000005,433.82,534.0930000000002,533.52,608.06,601.241,601.744,21.4042,405.772,1138.59
2020-11-22 07:19:55,96.2454,97.8938,97.6496,97.3443,76.3431,76.2821,75.6105,77.0757,34.0965,33.7912,33.4249,32.9365,15.1099,14.9267,15.7814,15.5983,15.7814,14.6215,14.9878,14.8657,49.9634,20.2686,22.4176,31.9902,92.1612,128.889,88.84,73.5043,59,59,59,59,58.9438,59.4933,59.2491,59.6764,59,59,59,59,11.4469,11.2027,11.2637,11.8742,11.2027,11.5079,11.0195,11.2027,11.8132,12.4847,11.9353,12.3626,54.4872,56.1355,57.4176,55.5861,26.0379,25.7936,26.7705,25.4884,44.7802,59.0049,43.9866,43.315,32.5702,33.3028,33.486,32.265,28.4799,27.8083,27.6252,28.0525,43.6203,43.9255,43.7424,42.9487,34.0965,33.9744,33.9744,33.0586,25.8547,25.9768,25.4274,25.4884,43.4982,44.536,43.1319,43.6813,32.5702,32.7534,33.4249,32.4481,26.221,26.5263,25.3053,30.0672,44.6581,43.315,43.4982,43.5592,15.6593,15.232,30.9829,15.4762,15.3541,15.1099,38.9194,15.5372,16.0867,15.232,16.3919,15.4151,35.3175,35.5006,36.0501,35.6838,97.2222,98.0769,97.2222,98.138,59.9817,59.188,60.1038,59.7375,59,59,59,59,59.6764,59.6764,59.6764,59.3712,5.7081800000000005,0.396825,3.93773,57.2955,35.4396,49.42,33.6081,49.9084,28.7241,51.1294,2.77778,0.396825,1108.0,174.252,1429.62,0.0,1.0,1.0,1.0,1.0,0.0,0.07783949999999999,43.6157,43.5119,42.993,43.5638,0.129731,14.7009,95.8861,90.6339,87.835,95.8272,0.0,7.983519999999999,31.9416,0.0,0.0,-34.5661,97.5747,95.1803,44.6445,340.338,42.9142,318.902,287.825,42.9235,423.656,417.479,415.316,520.859,508.69,600.9540000000002,419.857,415.388,525.225,508.046,602.175,409.973,407.30300000000005,516.775,516.059,611.006,409.035,407.953,516.918,515.487,612.947,433.7480000000001,433.604,533.807,531.302,609.425,434.68300000000005,433.82,534.0930000000002,533.52,608.06,601.241,601.744,21.4042,405.772,1138.59
2020-11-22 07:20:00,96.2454,97.8938,97.6496,97.3443,76.3431,76.2821,75.6105,77.0757,34.0965,33.7912,33.4249,32.9365,15.1099,14.9267,15.7814,15.5983,15.7814,14.6215,14.9878,14.8657,48.2051,20.2686,22.4176,32.967,92.1612,130.061,85.9096,73.5043,59,59,59,59,58.9438,59.4933,59.2491,59.6764,59,59,59,59,11.4469,11.2027,11.2637,11.8742,11.7521,11.5079,11.0195,11.2027,11.8132,12.4847,11.9353,12.3626,54.4872,56.1355,55.9524,55.5861,26.0379,25.7936,26.7705,25.4884,44.7802,59.0049,43.9866,43.315,32.5702,33.3028,33.486,32.265,28.4799,27.8083,27.6252,28.0525,43.6203,43.9255,43.7424,42.9487,34.0965,33.9744,33.9744,33.0586,25.8547,25.9768,25.4274,25.4884,43.4982,44.536,43.1319,43.6813,32.5702,32.7534,33.4249,32.4481,26.221,26.5263,25.3053,30.0672,44.6581,43.315,43.4982,44.1087,15.6593,15.232,30.9829,15.4762,15.3541,15.1099,38.9194,15.5372,16.0867,15.232,16.3919,15.4151,35.3175,35.5006,36.0501,35.6838,97.2222,98.0769,97.2222,98.138,59.9817,59.188,60.1038,59.7375,59,59,59,59,59.6764,59.6764,59.6764,59.3712,5.7081800000000005,0.396825,3.93773,57.2955,35.4396,49.42,33.6081,49.9084,28.7241,51.1294,2.77778,0.396825,1105.64,174.252,1426.85,0.0,1.0,1.0,1.0,1.0,0.0,0.07783949999999999,43.6157,43.5119,42.993,43.5638,0.129731,14.0834,96.042,89.0353,89.84,95.8272,0.0,7.983519999999999,32.7269,0.0,0.0,-37.4597,97.5747,95.1803,45.4661,340.7990000000001,41.7305,322.552,287.825,42.9235,423.656,417.479,415.316,520.859,508.69,600.9540000000002,419.857,415.388,525.082,508.046,602.175,409.973,407.30300000000005,516.775,516.059,611.006,409.035,407.953,516.918,515.487,612.947,433.7480000000001,433.604,533.807,531.302,609.425,434.68300000000005,433.82,534.0930000000002,533.52,608.06,601.241,601.744,21.4042,405.244,1138.59
2020-11-22 07:20:05,96.2454,97.8938,97.6496,97.3443,76.3431,76.2821,75.6105,77.0757,34.0965,33.7912,33.4249,32.9365,15.1099,14.9267,15.7814,15.5983,15.7814,14.6215,14.9878,14.8657,48.2051,20.2686,22.4176,31.8926,92.1612,131.233,86.9841,74.5788,59,59,59,59,58.9438,59.4933,59.2491,59.6764,59,59,59,59,11.4469,11.2027,11.2637,11.8742,11.7521,11.5079,11.0195,11.2027,11.8132,12.4847,11.9353,12.3626,54.4872,56.1355,55.3419,55.5861,26.0379,25.7936,26.221,25.4884,44.7802,59.0049,43.9866,43.315,32.5702,33.3028,33.486,32.265,28.4799,27.8083,27.6252,28.0525,43.6203,43.9255,43.7424,42.9487,34.0965,33.9744,33.9744,33.0586,25.8547,25.9768,25.4274,25.4884,43.4982,44.536,43.1319,43.6813,32.5702,32.7534,33.4249,32.4481,26.221,26.5263,25.3053,30.0672,44.6581,43.315,43.4982,44.1087,15.6593,15.232,30.9829,15.4762,15.3541,15.1099,38.9194,15.5372,16.0867,15.232,16.3919,15.4151,35.3175,35.5006,36.0501,35.6838,97.2222,98.0769,97.2222,98.138,59.9817,59.188,60.1038,59.7375,59,59,59,59,59.6764,59.6764,59.6764,59.3712,5.7081800000000005,0.396825,3.93773,57.2955,35.4396,49.42,33.6081,49.9084,28.7241,51.1294,2.77778,0.396825,1106.82,174.252,1428.08,0.0,1.0,1.0,1.0,1.0,0.0,0.07783949999999999,43.6157,43.5119,42.993,43.5638,0.129731,14.0834,96.6509,87.8023,89.5675,98.0327,0.0,7.983519999999999,32.3849,0.0,0.0,-13.4029,97.5747,95.1803,46.8065,338.97,41.7305,324.159,287.825,42.9235,423.656,417.479,415.316,520.859,508.69,601.9590000000002,419.857,415.388,525.082,507.044,602.175,409.973,407.30300000000005,516.775,516.059,611.006,409.035,407.953,516.918,515.487,612.947,433.7480000000001,433.604,533.807,531.302,609.425,434.68300000000005,433.82,534.0930000000002,533.52,608.06,601.241,601.744,21.4042,404.715,1138.59
2020-11-22 07:20:10,96.2454,97.8938,97.6496,97.3443,76.3431,76.2821,75.6105,77.0757,34.0965,33.7912,33.4249,32.9365,15.1099,14.9267,15.7814,15.5983,15.7814,14.6215,14.9878,14.8657,48.2051,20.2686,23.5897,30.7204,91.0867,130.159,86.9841,74.5788,59,59,59,59,58.9438,59.4933,59.2491,59.6764,59,59,59,59,11.4469,11.2027,11.2637,11.8742,11.7521,11.5079,11.0195,11.2027,11.8132,12.4847,11.9353,12.3626,54.4872,56.1355,54.7924,55.5861,26.0379,25.7936,26.221,25.4884,44.7802,59.0049,43.9866,43.315,32.5702,33.3028,33.486,32.265,28.4799,27.8083,27.6252,28.0525,43.6203,43.9255,43.7424,42.9487,34.0965,33.9744,33.4249,33.0586,25.8547,25.9768,25.4274,25.4884,43.4982,44.536,43.1319,43.6813,32.5702,32.7534,33.4249,32.4481,26.221,25.1221,25.3053,30.0672,44.6581,43.315,43.4982,44.1087,15.6593,15.232,30.9829,15.4762,15.3541,15.1099,38.9194,15.5372,16.0867,15.232,16.3919,15.4151,35.3175,35.5006,36.0501,35.6838,97.2222,98.0769,97.2222,98.138,59.9817,59.188,60.1038,59.7375,59,59,59,59,59.6764,59.6764,59.6764,59.3712,5.7081800000000005,0.396825,3.93773,57.2955,35.4396,49.42,33.6081,49.9084,26.2821,51.1294,2.77778,0.396825,1110.38,174.252,1423.8,0.0,1.0,1.0,1.0,1.0,0.0,0.07783949999999999,43.6157,43.5119,42.993,43.5638,0.129731,14.7597,94.2698,88.7087,89.8071,96.0437,0.0,7.983519999999999,31.5324,0.0,0.0,-43.7987,97.5747,95.1803,48.4244,338.159,41.7305,322.986,287.825,42.9235,423.656,417.479,415.316,520.859,508.69,601.9590000000002,419.857,415.388,524.938,507.044,602.175,409.973,407.30300000000005,516.775,516.059,611.006,409.035,407.953,515.9159999999998,515.487,612.947,433.7480000000001,433.604,533.807,531.302,609.425,434.68300000000005,433.82,534.0930000000002,533.52,608.06,601.241,601.744,21.4042,404.715,1138.59
2020-11-22 07:20:15,96.2454,97.8938,97.6496,97.3443,76.3431,76.2821,76.16,76.5263,34.0965,33.7912,33.4249,32.9365,15.1099,14.9267,15.7814,15.0488,15.7814,14.6215,14.9878,14.8657,48.2051,19.2918,23.5897,30.7204,91.0867,130.159,87.9609,73.602,59,59,59,59,58.9438,59.4933,59.2491,59.6764,59,59,59,59,11.4469,11.2027,11.2637,11.8742,11.7521,11.5079,11.0195,11.2027,11.8132,12.4847,11.9353,12.3626,54.4872,56.1355,55.6471,55.5861,26.0379,25.7936,26.221,25.4884,44.7802,59.0049,43.9866,43.315,32.5702,33.3028,33.486,32.265,28.4799,27.8083,27.6252,28.0525,43.6203,43.9255,43.7424,42.9487,34.0965,33.9744,33.4249,33.0586,25.8547,25.9768,25.4274,25.4884,43.4982,44.536,43.1319,43.6813,32.5702,32.7534,33.4249,32.4481,26.221,26.5873,25.3053,30.0672,44.6581,43.315,43.4982,44.1087,15.6593,15.232,30.9829,15.4762,15.3541,15.1099,38.9194,15.5372,16.0867,15.232,16.3919,15.4151,35.3175,35.5006,36.0501,35.6838,97.2222,98.0769,97.2222,98.138,59.9817,59.188,60.1038,59.7375,59,59,59,59,59.6764,59.6764,59.6764,59.3712,5.7081800000000005,0.396825,3.93773,58.0891,35.4396,49.42,33.6081,49.9084,26.2821,51.1294,2.77778,0.396825,1108.08,174.252,1423.15,0.0,1.0,1.0,1.0,1.0,0.0,0.07783949999999999,43.6157,43.5119,42.993,43.5638,0.129731,14.7597,95.5344,88.5698,88.2614,95.2694,0.0,7.983519999999999,31.7116,0.0,0.0,-31.0491,97.5747,95.1803,47.9055,341.654,42.4034,323.643,287.825,42.9235,423.656,417.479,415.316,520.859,508.69,601.9590000000002,419.857,415.388,524.938,507.044,603.18,409.973,407.30300000000005,516.775,516.059,611.006,409.035,407.953,515.9159999999998,515.487,612.947,433.7480000000001,433.604,533.807,531.302,609.425,434.68300000000005,433.82,534.0930000000002,533.52,608.06,601.241,602.749,21.4042,405.244,1139.12
2020-11-22 07:20:20,96.2454,97.8938,97.6496,97.3443,76.3431,76.2821,76.16,76.5263,34.0965,33.7912,33.4249,32.9365,15.1099,14.9267,15.7814,15.0488,15.7814,14.6215,14.9878,14.8657,48.2051,19.2918,23.5897,30.7204,90.1099,130.159,87.9609,72.7228,59,59,59,59,58.9438,59.4933,59.2491,59.6764,59,59,59,59,11.4469,11.2027,11.2637,11.8742,11.7521,11.5079,11.0195,11.2027,11.8132,12.4847,11.9353,12.3626,54.4872,56.1355,55.6471,55.5861,26.0379,25.7936,26.221,25.4884,44.7802,59.0049,43.9866,43.315,32.5702,33.3028,33.486,32.265,28.4799,27.8083,27.6252,28.0525,43.6203,43.9255,43.7424,42.9487,34.0965,33.9744,33.4249,33.0586,25.8547,25.9768,25.4274,25.4884,43.4982,44.536,43.1319,43.6813,32.5702,32.7534,33.4249,32.4481,26.221,26.5873,25.3053,30.0672,44.6581,43.315,43.4982,44.1087,15.6593,15.232,30.9829,15.4762,15.3541,15.1099,38.9194,15.5372,16.0867,15.232,16.3919,15.4151,35.3175,35.5006,36.0501,35.6838,97.2222,98.0769,97.2222,98.138,59.9817,59.188,60.1038,59.7375,59,59,59,59,59.6764,59.6764,59.6764,59.3712,5.7081800000000005,0.396825,3.93773,58.0891,35.4396,49.42,33.6081,50.5189,26.2821,51.1294,2.77778,0.396825,1110.52,174.252,1418.45,0.0,1.0,1.0,1.0,1.0,0.0,0.07783949999999999,43.6157,43.5119,42.993,43.5638,0.129731,14.7597,96.2928,88.3667,87.4757,96.5267,0.0,7.983519999999999,31.7116,0.0,0.0,-35.3782,97.5747,95.1803,47.3533,343.017,42.4034,325.594,287.825,42.9235,423.656,417.479,415.316,520.859,508.69,601.9590000000002,419.857,415.388,524.795,507.044,603.18,409.973,407.30300000000005,516.775,516.059,611.006,409.035,407.953,515.9159999999998,515.487,612.947,433.7480000000001,433.604,533.807,531.302,609.425,434.68300000000005,433.82,534.0930000000002,533.52,608.06,601.241,602.749,21.4042,404.715,1139.12
2020-11-22 07:20:25,96.2454,97.8938,97.6496,97.3443,76.3431,75.7326,76.16,76.5263,34.0965,33.7912,33.4249,32.9365,15.1099,14.9267,15.7814,15.8425,15.7814,14.6215,14.9878,14.8657,49.1819,19.2918,23.5897,29.6459,90.1099,130.159,88.84,73.602,59,59,59,59,58.9438,59.4933,59.2491,59.6764,59,59,59,59,11.4469,11.2027,11.2637,11.8742,11.7521,11.5079,11.0195,11.2027,11.8132,12.4847,12.4847,12.3626,54.4872,56.1355,55.6471,55.5861,26.0379,25.7936,26.221,25.4884,44.7802,59.0049,43.9866,43.315,32.5702,33.3028,33.486,32.265,28.4799,27.8083,27.6252,28.0525,43.6203,43.9255,43.7424,42.9487,34.0965,33.9744,32.7534,33.0586,25.8547,25.9768,25.4274,25.4884,43.4982,44.536,43.1319,43.6813,32.5702,32.7534,33.4249,32.4481,26.221,26.5873,25.3053,30.0672,44.6581,43.315,43.4982,44.1087,15.6593,15.232,30.9829,15.4762,15.3541,15.1099,38.9194,15.5372,16.0867,15.232,16.3919,15.4151,35.3175,35.5006,36.0501,35.6838,97.2222,98.0769,97.2222,98.138,59.9817,59.188,60.1038,59.7375,59,59,59,59,59.6764,59.6764,59.6764,59.3712,5.7081800000000005,0.396825,3.93773,58.0891,35.4396,50.5189,33.6081,50.5189,26.2821,51.1294,2.77778,0.396825,1106.99,174.252,1423.4,0.0,1.0,1.0,1.0,1.0,0.0,0.07783949999999999,43.6157,43.5119,42.993,43.5638,0.129731,14.7597,96.7992,86.65100000000002,89.8397,96.92,0.0,7.983519999999999,31.5727,0.0,0.0,-39.6768,97.5747,95.1803,46.2025,345.673,41.8917,327.553,287.825,42.9235,423.656,417.479,415.316,520.859,508.69,601.9590000000002,419.857,415.388,524.795,507.044,603.18,409.973,407.30300000000005,516.775,516.059,611.006,409.035,407.953,515.9159999999998,515.487,612.947,433.7480000000001,433.604,533.807,531.302,609.425,434.68300000000005,433.82,534.0930000000002,533.52,608.06,601.241,602.749,21.4042,405.244,1139.12
2020-11-22 07:20:30,96.2454,97.8938,97.6496,97.3443,75.5495,75.7326,76.16,76.5263,34.0965,33.7912,33.4249,32.9365,15.1099,14.9267,15.7814,15.8425,15.7814,14.6215,14.9878,14.8657,48.0098,19.2918,24.4689,30.8181,92.3565,128.987,92.6496,73.602,59,59,59,59,58.9438,59.4933,59.2491,59.6764,59,59,59,59,11.4469,11.2027,11.2637,11.8742,11.7521,11.5079,11.0195,11.2027,11.8132,12.4847,12.4847,12.3626,54.4872,56.1355,55.6471,55.5861,26.0379,25.7936,26.221,25.4884,44.7802,59.0049,43.9866,43.315,32.5702,33.3028,33.486,32.265,28.4799,27.8083,27.6252,28.0525,43.6203,43.9255,43.7424,42.9487,34.0965,33.9744,34.2186,34.707,25.8547,25.9768,25.4274,25.4884,43.4982,44.536,43.1319,43.6813,32.5702,32.7534,33.4249,32.4481,26.221,25.2442,25.3053,30.0672,44.6581,43.315,43.4982,44.1087,15.6593,15.232,30.9829,15.4762,15.3541,15.1099,38.9194,15.5372,16.0867,15.232,16.3919,15.4151,35.3175,35.5006,36.0501,35.6838,97.2222,98.0769,97.2222,98.138,59.9817,59.188,60.1038,59.7375,59,59,59,59,59.6764,59.6764,59.6764,59.3712,5.7081800000000005,0.396825,3.93773,58.0891,35.4396,50.5189,33.6081,50.5189,26.2821,51.1294,2.77778,0.396825,1109.34,174.252,1426.92,0.0,1.0,1.0,1.0,1.0,0.0,0.07783949999999999,43.6157,43.5119,42.993,43.5638,0.129731,13.9952,95.3249,90.1619,89.2042,96.2644,0.0,7.983519999999999,32.2085,0.0,0.0,-19.0613,97.5747,95.1803,45.6978,345.673,40.1738,328.935,287.825,42.9235,423.656,417.479,415.316,520.859,508.69,601.9590000000002,419.857,415.388,524.795,507.044,603.18,409.973,407.30300000000005,516.775,516.059,611.006,409.035,407.953,515.9159999999998,515.487,612.947,433.7480000000001,433.604,533.807,531.302,609.425,434.68300000000005,433.82,534.0930000000002,533.52,608.06,601.241,602.749,21.4042,404.715,1139.63
2020-11-22 07:20:35,96.2454,97.8938,97.6496,97.3443,75.5495,75.7326,76.16,76.5263,34.0965,33.7912,33.4249,32.9365,15.1099,14.9267,15.7814,15.8425,15.7814,14.6215,14.9878,14.8657,49.0842,19.2918,24.4689,31.8926,91.3797,130.159,93.7241,73.602,59,59,59,59,58.9438,59.4933,59.2491,59.6764,59,59,59,59,11.4469,11.2027,11.2637,11.8742,11.7521,11.5079,11.0195,11.2027,11.8132,12.4847,12.4847,12.3626,54.4872,56.1355,55.6471,55.5861,26.0379,25.7936,26.221,25.4884,44.7802,59.0049,43.9866,43.315,32.5702,33.3028,33.486,32.265,28.4799,27.8083,27.6252,28.0525,43.6203,43.9255,43.7424,42.9487,34.0965,33.9744,34.2186,34.707,25.8547,25.9768,25.4274,25.4884,43.4982,44.536,43.1319,43.6813,32.5702,32.7534,33.4249,32.4481,26.221,26.6484,25.3053,30.0672,44.6581,43.315,43.4982,44.1087,15.6593,15.232,30.9829,15.4762,15.3541,15.1099,38.9194,15.5372,16.0867,15.232,16.3919,15.4151,35.3175,35.5006,36.0501,35.6838,97.2222,98.0769,97.2222,98.138,59.9817,59.188,60.1038,59.7375,59,59,59,59,59.6764,59.6764,59.6764,59.3712,5.7081800000000005,0.396825,3.93773,58.0891,35.4396,50.5189,33.6081,50.5189,26.2821,51.1294,2.77778,0.396825,1111.69,174.801,1430.28,0.0,1.0,1.0,1.0,1.0,0.0,0.07783949999999999,43.6157,43.5119,42.993,43.5638,0.129731,14.6126,96.9284,89.6245,89.2042,95.4301,0.0,7.983519999999999,28.4176,0.0,0.0,-35.6823,97.5747,95.1803,46.3365,344.787,39.6091,328.361,287.825,42.9235,423.656,417.479,415.316,520.859,508.69,601.9590000000002,419.857,415.388,524.628,507.044,603.18,409.973,407.30300000000005,516.775,516.059,611.006,409.035,407.953,515.9159999999998,515.487,612.947,433.7480000000001,433.604,533.807,531.302,609.425,434.68300000000005,433.82,534.0930000000002,533.52,608.06,601.241,602.749,21.4042,403.657,1139.63
2020-11-22 07:20:40,96.2454,97.8938,97.6496,97.3443,75.5495,75.7326,76.16,76.5263,34.0965,33.7912,33.4249,32.9365,15.1099,14.9267,15.7814,15.8425,15.7814,14.6215,14.9878,14.8657,49.9634,19.2918,25.4457,33.0647,90.3053,130.256,93.5287,73.602,59,59,59,59,58.9438,59.4933,59.2491,59.6764,59,59,59,59,11.4469,11.2027,11.2637,11.8742,11.7521,11.5079,11.0195,11.2027,11.8132,12.4847,12.4847,12.3626,54.4872,56.1355,55.6471,55.5861,26.0379,25.7936,26.221,26.16,44.7802,59.0049,43.9866,43.315,32.5702,33.3028,33.486,32.265,28.4799,27.8083,27.6252,28.0525,43.6203,43.9255,43.7424,42.9487,34.0965,33.9744,34.2186,34.707,25.8547,25.9768,25.4274,25.4884,43.4982,44.536,43.1319,43.6813,32.5702,32.7534,33.4249,32.4481,26.221,26.6484,25.3053,30.0672,44.6581,43.315,43.4982,44.1087,15.6593,15.232,30.9829,15.4762,15.3541,15.1099,38.9194,15.5372,16.0867,15.232,16.3919,15.4151,35.3175,35.5006,36.0501,35.6838,97.2222,98.0769,97.2222,98.138,59.9817,59.188,60.1038,59.7375,59,59,59,59,59.6764,59.6764,59.6764,59.3712,5.7081800000000005,0.396825,3.93773,58.0891,35.4396,50.5189,33.6081,50.5189,26.2821,51.1294,2.77778,0.396825,1110.6,174.801,1422.15,0.0,1.0,1.0,1.0,1.0,0.0,0.07783949999999999,43.6157,43.5119,42.993,43.5638,0.129731,14.6126,96.6764,89.6245,90.6789,94.7411,0.0,7.983519999999999,32.0684,0.0,0.0,-52.8509,97.5747,95.1803,46.3365,344.787,38.7085,324.805,287.825,42.9235,423.656,417.479,415.316,520.859,508.69,601.9590000000002,419.857,415.388,524.628,507.044,603.18,409.973,407.30300000000005,516.775,516.059,611.006,409.035,407.953,515.9159999999998,515.487,612.947,433.7480000000001,433.604,533.807,531.302,609.425,434.68300000000005,433.82,534.0930000000002,533.52,608.06,601.241,602.749,21.4042,404.186,1139.63
2020-11-22 07:20:45,96.2454,97.8938,97.6496,97.3443,75.5495,75.7326,76.16,76.5263,34.0965,33.7912,33.4249,32.9365,15.1099,14.9267,15.7814,15.8425,15.7814,14.6215,14.9878,14.8657,48.6935,20.1709,25.4457,33.0647,90.3053,131.136,93.5287,73.1136,59,59,59,59,58.9438,59.4933,59.2491,59.6764,59,59,59,59,11.4469,11.2027,11.2637,11.8742,11.7521,11.5079,11.0195,11.2027,11.8132,12.4847,12.4847,12.3626,54.4872,56.1355,55.0977,55.5861,26.0379,25.7936,26.221,26.16,44.7802,59.0049,43.9866,43.315,32.5702,33.3028,33.486,32.265,28.4799,27.8083,27.6252,28.0525,43.6203,43.9255,43.7424,42.9487,34.0965,33.9744,34.2186,34.707,25.8547,25.9768,25.4274,25.4884,43.4982,44.536,43.1319,43.6813,32.5702,32.7534,33.4249,32.4481,26.221,26.6484,25.3053,30.0672,44.6581,43.315,43.4982,44.1087,15.6593,15.232,30.9829,15.4762,15.3541,15.1099,38.9194,15.5372,16.0867,15.232,16.3919,15.4151,35.3175,35.5006,36.0501,35.6838,97.2222,98.0769,97.2222,98.138,59.9817,59.188,60.1038,59.7375,59,59,59,59,59.6764,59.6764,59.6764,59.3712,5.7081800000000005,0.396825,3.93773,58.0891,35.4396,50.5189,31.5934,50.5189,26.2821,51.862,2.77778,0.396825,1109.43,174.25,1432.03,0.0,1.0,1.0,1.0,1.0,0.0,0.07783949999999999,43.6157,43.5119,42.993,43.5638,0.129731,14.6126,94.4138,89.6245,89.6592,96.4756,0.0,7.983519999999999,32.3342,0.0,0.0,-60.8466,97.5747,95.1803,46.3365,345.742,39.3458,321.827,287.825,42.9235,423.656,417.479,415.316,520.859,508.69,601.9590000000002,419.857,415.388,524.628,507.044,603.18,409.973,407.30300000000005,516.775,516.059,611.006,409.035,407.953,515.9159999999998,515.487,612.947,433.7480000000001,433.604,533.807,531.302,609.425,434.68300000000005,433.82,534.0930000000002,533.52,608.06,601.241,602.749,21.4042,404.715,1140.16
2020-11-22 07:20:50,96.2454,97.8938,97.6496,97.3443,75.5495,75.7326,76.16,76.5263,34.0965,33.7912,33.4249,32.9365,15.1099,14.9267,15.7814,15.8425,15.7814,14.6215,14.9878,14.8657,48.6935,20.1709,25.4457,31.8926,90.3053,130.256,92.4542,73.1136,59,59,59,59,58.9438,59.4933,59.2491,59.6764,59,59,59,59,11.4469,11.2027,11.2637,11.8742,11.2027,11.5079,11.0195,11.2027,11.8132,12.4847,12.4847,12.3626,54.4872,56.1355,55.0977,55.5861,26.0379,25.7936,26.221,26.16,44.7802,59.0049,43.9866,43.315,32.5702,33.3028,33.486,32.265,28.4799,27.8083,27.6252,28.0525,43.6203,43.9255,43.7424,42.9487,34.0965,33.9744,34.2186,34.707,25.8547,25.9768,25.4274,25.4884,43.4982,44.536,43.1319,43.6813,32.5702,32.7534,33.4249,32.4481,26.221,25.6716,25.3053,30.0672,44.6581,43.315,43.4982,44.1087,15.6593,15.232,30.9829,15.4762,15.3541,15.1099,38.9194,15.5372,16.0867,15.232,16.3919,15.4151,35.3175,35.5006,36.0501,35.6838,97.2222,98.0769,97.2222,98.138,59.9817,59.188,60.1038,59.7375,59,59,59,59,59.6764,59.6764,59.6764,59.3712,5.7081800000000005,0.396825,3.93773,58.0891,35.4396,50.5189,31.5934,50.5189,26.2821,51.862,2.77778,0.396825,1107.07,174.25,1426.42,0.0,1.0,1.0,1.0,1.0,0.0,0.07783949999999999,43.6157,43.5119,42.993,43.5638,0.129731,15.2595,96.6842,89.6076,89.6592,97.217,0.0,7.983519999999999,32.2282,0.0,0.0,-76.0807,97.5747,95.1803,46.3365,343.23,38.452,320.382,287.825,42.9235,422.648,417.479,415.316,520.859,508.69,601.9590000000002,419.857,415.388,524.628,505.899,603.18,409.973,407.30300000000005,516.775,516.059,611.006,409.035,407.953,515.9159999999998,515.487,612.947,433.7480000000001,433.604,533.807,531.302,609.425,434.68300000000005,433.82,534.0930000000002,533.52,608.06,601.241,602.749,21.4042,405.244,1140.16
2020-11-22 07:20:55,96.2454,97.8938,97.6496,97.3443,75.5495,75.7326,76.16,76.5263,34.0965,33.7912,33.4249,32.9365,15.1099,14.9267,15.7814,15.8425,15.7814,14.6215,14.9878,14.8657,47.7167,20.1709,25.4457,32.7717,90.3053,130.256,91.2821,74.0903,59,59,59,59,58.9438,59.4933,59.2491,59.6764,59,59,59,59,11.4469,11.2027,11.2637,11.8742,11.2027,11.5079,11.0195,11.2027,11.8132,12.4847,12.4847,12.3626,54.4872,56.1355,54.1819,55.5861,26.0379,25.7936,26.221,26.16,44.7802,59.0049,43.9866,43.315,32.5702,33.3028,33.486,32.265,28.4799,27.8083,27.6252,28.0525,43.6203,43.9255,43.7424,42.9487,34.0965,33.9744,34.2186,34.707,25.8547,25.9768,25.4274,25.4884,43.4982,44.536,43.1319,43.6813,32.5702,32.7534,33.4249,32.4481,26.221,26.5873,25.3053,30.0672,44.6581,43.315,43.4982,44.1087,15.6593,15.232,30.9829,15.4762,15.3541,15.1099,38.9194,15.5372,16.0867,15.232,16.3919,15.4151,35.3175,35.5006,36.0501,35.6838,97.2222,98.0769,97.2222,98.138,59.9817,59.188,60.1038,59.7375,59,59,59,59,59.6764,59.6764,59.6764,59.3712,5.7081800000000005,0.396825,3.93773,58.0891,35.4396,50.5189,31.5934,50.5189,26.2821,51.862,2.77778,0.396825,1104.71,174.25,1430.41,0.0,1.0,1.0,1.0,1.0,0.0,0.07783949999999999,43.6157,43.5119,42.993,43.5638,0.129731,15.2595,95.3098,90.1318,89.6592,96.4856,0.0,7.983519999999999,32.2789,0.0,0.0,-62.9639,97.5747,95.1803,44.6519,344.446,37.4093,319.499,287.825,42.9235,422.648,417.479,415.316,520.859,508.69,601.9590000000002,419.857,415.388,524.485,505.899,603.18,410.983,407.30300000000005,516.775,516.059,611.006,410.045,407.953,515.9159999999998,515.487,612.947,433.7480000000001,433.604,533.807,531.302,609.425,434.68300000000005,433.82,534.0930000000002,533.52,609.066,601.241,602.749,21.4042,404.186,1140.16
2020-11-22 07:21:00,96.2454,97.8938,97.6496,97.3443,75.5495,75.7326,76.16,76.5263,34.0965,33.7912,33.4249,32.9365,15.1099,14.9267,15.7814,15.8425,15.7814,15.1709,14.9878,14.8657,50.2564,20.1709,25.4457,32.7717,90.3053,128.498,92.2588,74.0903,59,59,59,59,58.9438,59.4933,59.2491,59.6764,59,59,59,59,11.4469,11.2027,11.2637,11.8742,11.2027,11.5079,11.0195,11.2027,11.8132,12.4847,12.4847,12.3626,54.4872,56.1355,55.525,55.5861,26.0379,25.7936,26.221,26.16,44.7802,59.0049,43.9866,43.315,32.5702,33.3028,33.486,32.265,28.4799,27.8083,27.6252,28.0525,43.6203,43.9255,43.7424,42.9487,34.0965,33.9744,34.2186,34.707,25.8547,25.9768,25.4274,25.4884,43.4982,44.536,42.5824,43.6813,32.5702,32.7534,33.4249,32.4481,26.221,26.5873,25.3053,30.0672,44.6581,43.315,43.4982,44.1087,15.6593,15.232,30.9829,15.4762,15.3541,15.1099,38.9194,14.9878,16.0867,15.232,16.3919,15.4151,35.3175,35.5006,36.0501,35.6838,97.2222,98.0769,97.2222,98.138,59.9817,59.188,60.1038,59.7375,59,59,59,59,59.6764,59.6764,59.6764,59.3712,5.7081800000000005,0.396825,3.93773,58.0891,35.4396,50.5189,31.5934,50.5189,26.2821,51.862,2.77778,0.396825,1108.25,174.25,1423.24,0.0,1.0,1.0,1.0,1.0,0.0,0.07783949999999999,43.6157,43.5119,42.993,43.5638,0.129731,15.8622,95.4107,89.5424,89.6592,97.2146,0.0,7.983519999999999,31.4959,0.0,0.0,-37.8281,97.5747,95.1803,44.1495,344.991,38.1552,315.656,287.825,43.9398,422.648,417.479,415.316,520.859,508.69,601.9590000000002,419.857,415.388,524.485,505.899,603.18,410.983,407.30300000000005,516.775,516.059,611.006,410.045,407.953,515.9159999999998,515.487,612.947,433.7480000000001,433.604,533.807,531.302,609.425,434.68300000000005,433.82,534.0930000000002,533.52,609.066,601.241,602.749,21.4042,404.715,1140.16
2020-11-22 07:21:05,96.2454,97.8938,97.6496,97.3443,75.5495,75.7326,76.16,76.5263,34.0965,33.7912,33.4249,32.9365,15.1099,14.9267,15.7814,15.8425,15.7814,15.1709,14.9878,14.8657,50.2564,20.1709,25.4457,32.7717,90.3053,128.498,91.3797,73.0159,59,59,59,59,58.9438,59.4933,59.2491,59.6764,59,59,59,59,11.4469,11.2027,11.2637,11.8742,11.2027,11.5079,11.0195,11.2027,11.8132,12.4847,12.4847,12.3626,54.4872,56.1355,55.525,55.5861,26.0379,25.7936,26.221,26.16,44.7802,59.0049,43.9866,43.315,32.5702,33.3028,33.486,32.265,28.4799,27.8083,27.6252,28.0525,43.6203,43.9255,43.7424,42.9487,34.0965,33.9744,34.2186,34.1575,25.8547,25.9768,25.4274,25.4884,43.4982,44.536,43.1319,43.6813,32.5702,32.7534,33.4249,32.4481,26.221,26.5873,25.3053,30.0672,44.6581,43.315,43.4982,44.1087,15.6593,15.232,30.9829,15.4762,15.3541,15.1099,38.9194,14.9878,16.0867,15.232,16.3919,15.4151,35.3175,35.5006,36.0501,35.6838,97.2222,98.0769,97.2222,98.138,59.9817,59.188,60.1038,59.7375,59,59,59,59,59.6764,59.6764,59.6764,59.3712,5.7081800000000005,0.396825,3.93773,58.7607,34.1575,50.5189,31.5934,50.5189,24.3895,51.862,2.77778,0.396825,1105.92,174.25,1431.06,0.0,1.0,1.0,1.0,1.0,0.0,0.07783949999999999,43.6157,43.5119,42.993,43.5638,0.129731,16.5385,95.1486,87.5882,91.2734,97.1126,0.0,7.983519999999999,32.2765,0.0,0.0,-41.3035,97.5747,95.1803,44.1495,344.991,39.0861,310.985,287.825,43.9398,422.648,417.479,415.316,520.859,508.69,601.9590000000002,419.857,415.388,524.485,505.899,603.18,410.983,408.3130000000001,516.775,516.059,611.006,410.045,407.953,515.9159999999998,515.487,612.947,433.7480000000001,433.604,533.807,531.302,609.425,434.68300000000005,433.82,534.0930000000002,533.52,609.066,601.241,602.749,21.4042,405.772,1139.65
2020-11-22 07:21:10,96.2454,97.8938,97.6496,97.3443,75.5495,75.7326,76.7094,76.5263,34.0965,33.7912,33.4249,32.9365,15.1099,14.9267,15.7814,15.8425,15.7814,15.1709,14.9878,14.8657,49.2796,20.1709,26.3248,33.9438,91.4774,128.498,91.3797,73.0159,59,59,59,59,58.9438,59.4933,59.2491,59.6764,59,59,59,59,11.4469,11.2027,11.2637,11.8742,10.5922,11.5079,11.0195,11.2027,11.8132,12.4847,11.9353,12.3626,54.4872,56.1355,55.525,55.5861,26.0379,25.7936,26.221,26.16,44.7802,59.0049,43.9866,43.315,32.5702,33.3028,33.486,32.265,28.4799,27.8083,27.6252,28.0525,43.6203,43.9255,43.7424,42.9487,34.0965,33.9744,34.2186,34.1575,25.8547,25.9768,25.4274,25.4884,43.4982,44.536,43.1319,43.6813,32.5702,32.7534,33.4249,32.4481,26.221,25.4884,25.3053,30.0672,44.6581,43.315,43.4982,44.1087,15.6593,15.232,30.9829,15.4762,15.3541,15.1099,38.9194,14.9878,16.0867,15.232,16.3919,15.4151,35.3175,35.5006,36.0501,35.6838,97.2222,98.0769,97.2222,98.138,59.9817,59.188,60.1038,59.7375,59,59,59,59,59.6764,59.6764,59.6764,59.3712,5.7081800000000005,0.396825,3.93773,58.7607,34.1575,50.5189,31.5934,50.5189,24.3895,51.862,2.77778,0.396825,1110.63,174.25,1425.62,0.0,1.0,1.0,1.0,1.0,0.0,0.07783949999999999,43.6157,43.5119,42.993,43.5638,0.129731,16.5385,97.689,88.3899,88.6318,96.4723,0.0,7.983519999999999,32.4067,0.0,0.0,-26.981,97.5747,95.1803,44.1495,346.358,39.0861,305.776,287.825,43.9398,422.648,417.479,415.316,519.8330000000002,508.69,601.9590000000002,420.914,415.388,524.485,505.899,603.18,410.983,408.3130000000001,516.775,516.059,611.006,410.045,407.953,515.9159999999998,514.485,612.947,433.7480000000001,433.604,533.807,531.302,609.425,434.68300000000005,433.82,534.0930000000002,533.52,609.066,601.241,602.749,21.4042,405.244,1139.65
2020-11-22 07:21:15,96.2454,97.8938,97.6496,97.3443,75.5495,75.7326,76.7094,76.5263,34.0965,33.7912,33.4249,32.9365,15.1099,14.9267,15.7814,15.8425,15.7814,15.1709,14.9878,14.8657,49.2796,20.1709,26.3248,33.9438,92.3565,128.498,92.5519,73.9927,59,59,59,59,58.9438,59.4933,59.2491,59.6764,59,59,59,59,11.4469,11.2027,11.2637,11.8742,10.5922,11.5079,11.0195,11.2027,11.8132,12.4847,11.9353,12.3626,54.4872,56.1355,55.525,55.5861,26.0379,25.7936,26.221,26.16,44.7802,59.0049,43.9866,43.315,32.5702,33.3028,33.486,32.265,28.4799,27.8083,27.6252,28.0525,43.6203,43.9255,43.7424,42.9487,34.0965,33.9744,34.2186,34.1575,25.8547,25.9768,25.4274,25.4884,43.4982,44.536,43.1319,43.6813,32.5702,32.7534,33.4249,32.4481,26.221,26.5263,25.3053,30.0672,44.6581,43.315,43.4982,44.1087,15.6593,15.232,30.9829,15.4762,15.3541,15.1099,38.9194,14.9878,16.0867,15.232,16.3919,15.4151,35.3175,35.5006,36.0501,35.6838,97.2222,98.0769,97.2222,98.138,59.9817,59.188,60.1038,59.7375,59,59,59,59,59.6764,59.6764,59.6764,59.3712,5.7081800000000005,0.396825,1.86203,58.7607,34.1575,50.5189,31.5934,50.5189,24.3895,51.862,2.77778,0.396825,1109.43,174.822,1425.9,0.0,1.0,1.0,1.0,1.0,0.0,0.07783949999999999,43.6157,43.5119,42.993,43.5638,0.129731,16.5385,95.2712,90.114,90.1709,97.1982,0.0,7.983519999999999,31.5376,0.0,0.0,-7.90389,97.5747,95.1803,44.1495,345.534,39.0861,303.6020000000001,287.825,43.9398,422.648,417.479,415.316,519.8330000000002,508.69,601.9590000000002,420.914,415.388,524.485,505.899,604.2330000000002,410.983,408.3130000000001,515.773,515.057,611.006,410.045,408.963,515.9159999999998,514.485,612.947,433.7480000000001,433.604,533.807,531.302,609.425,434.68300000000005,433.82,534.0930000000002,533.52,609.066,601.241,602.749,21.4042,405.244,1139.65
2020-11-22 07:21:20,96.2454,97.8938,97.6496,97.3443,75.5495,75.7326,76.7094,76.5263,34.0965,33.7912,33.4249,32.9365,15.1099,14.9267,15.7814,14.9878,15.7814,15.1709,14.9878,14.8657,50.1587,20.1709,26.3248,32.674,92.3565,128.498,92.5519,73.9927,59,59,59,59,58.9438,59.4933,59.2491,59.6764,59,59,59,59,11.4469,11.2027,11.2637,11.8742,10.5922,11.5079,11.0195,11.2027,11.8132,12.4847,12.4847,12.3626,54.4872,56.1355,55.525,55.5861,26.0379,25.7936,26.221,26.16,44.7802,59.0049,43.9866,43.315,32.5702,33.3028,33.486,32.265,28.4799,27.8083,27.6252,28.0525,43.6203,43.9255,43.7424,42.9487,34.0965,33.9744,34.2186,33.6081,25.8547,25.9768,25.4274,25.4884,43.4982,44.536,43.1319,43.6813,32.5702,32.7534,33.4249,32.4481,26.221,26.5263,25.3053,30.0672,44.6581,43.315,43.4982,44.1087,15.6593,15.232,30.9829,15.4762,15.3541,14.5604,38.9194,14.9878,16.0867,15.232,16.3919,15.4151,35.3175,35.5006,36.0501,35.6838,97.2222,98.0769,97.2222,98.138,59.9817,59.188,60.1038,59.7375,59,59,59,59,59.6764,59.6764,59.6764,59.3712,5.7081800000000005,0.396825,1.86203,58.7607,34.1575,50.5189,31.5934,50.5189,24.3895,51.862,2.77778,0.396825,1111.78,174.822,1420.85,0.0,1.0,1.0,1.0,1.0,0.0,0.07783949999999999,43.6157,43.5119,42.993,43.5638,0.129731,15.8916,96.542,86.8565,89.7718,96.122,0.0,8.082419999999999,31.2907,0.0,0.0,-3.86534,97.5747,95.1803,45.288,343.904,38.5667,301.465,287.825,43.9398,422.648,417.479,415.316,519.8330000000002,508.69,601.9590000000002,420.914,415.388,524.485,505.899,604.2330000000002,410.983,408.3130000000001,515.773,515.057,611.006,410.045,408.963,515.9159999999998,514.485,612.947,433.7480000000001,433.604,533.807,531.302,609.425,434.68300000000005,433.82,534.0930000000002,533.52,609.066,601.241,603.802,21.4042,405.244,1139.65
2020-11-22 07:21:25,96.2454,97.8938,97.6496,97.3443,75.5495,75.7326,76.7094,76.5263,34.0965,33.7912,33.4249,32.9365,15.1099,14.9267,15.7814,14.9878,15.7814,14.6215,14.9878,14.8657,49.1819,20.1709,26.3248,32.674,92.3565,129.57299999999998,92.5519,73.9927,59,59,59,59,58.9438,59.4933,59.2491,59.6764,59,59,59,59,11.4469,11.2027,11.2637,11.8742,10.5922,11.5079,11.0195,11.2027,11.8132,12.4847,12.4847,12.3626,54.4872,56.1355,55.525,55.5861,26.0379,25.7936,26.221,26.16,44.7802,59.0049,43.9866,43.315,32.5702,33.3028,33.486,32.265,28.4799,27.8083,27.6252,28.0525,43.6203,43.9255,43.7424,42.9487,34.0965,33.9744,34.2186,33.6081,25.8547,25.9768,25.4274,25.4884,43.4982,44.536,43.1319,43.6813,32.5702,32.7534,33.4249,32.4481,26.221,26.5263,25.3053,30.0672,44.6581,43.315,43.4982,44.1087,15.6593,15.232,30.9829,15.4762,15.3541,14.5604,38.9194,14.9878,16.0867,15.232,16.3919,15.4151,35.3175,35.5006,36.0501,35.6838,97.2222,98.0769,97.2222,98.138,59.9817,59.188,60.1038,59.7375,59,59,59,59,59.6764,59.6764,59.6764,59.3712,5.7081800000000005,0.396825,1.86203,58.7607,34.1575,50.5189,31.5934,50.5189,24.3895,51.862,2.77778,0.396825,1111.78,174.822,1424.77,0.0,1.0,1.0,1.0,1.0,0.0,0.07783949999999999,44.1346,43.9789,42.993,44.0308,0.129731,15.2154,95.8157,89.9261,88.2486,96.122,0.0,8.082419999999999,31.9148,0.0,0.0,-1.65844,97.5747,95.1803,44.6891,342.207,36.9736,299.81,287.825,43.9398,422.648,417.479,415.316,519.8330000000002,508.69,601.9590000000002,420.914,415.388,524.485,505.899,604.2330000000002,410.983,408.3130000000001,515.773,515.057,611.006,410.045,408.963,515.9159999999998,514.485,612.947,433.7480000000001,433.604,533.807,531.302,609.425,434.68300000000005,433.82,534.0930000000002,533.52,609.066,601.241,603.802,21.4042,405.772,1140.16
2020-11-22 07:21:30,96.2454,97.8938,97.6496,97.3443,75.5495,75.7326,76.7094,76.5263,34.0965,33.7912,33.4249,32.9365,15.1099,14.9267,15.7814,15.5372,15.7814,14.6215,14.9878,14.8657,49.1819,20.1709,26.3248,32.674,92.3565,129.57299999999998,93.431,75.1648,59,59,59,59,58.9438,59.4933,59.2491,59.6764,59,59,59,59,11.4469,11.2027,11.2637,11.8742,10.7143,11.5079,11.0195,11.2027,11.8132,12.4847,12.4847,12.3626,54.4872,56.1355,54.9756,55.5861,26.0379,25.7936,26.221,26.16,44.7802,59.0049,43.9866,43.315,32.5702,33.3028,33.486,32.265,28.4799,27.8083,27.6252,28.0525,43.6203,43.9255,43.7424,42.9487,34.0965,33.9744,34.2186,33.6081,25.8547,25.9768,25.4274,25.4884,43.4982,44.536,43.1319,43.6813,32.5702,32.7534,33.4249,32.4481,26.221,25.1221,25.3053,30.0672,44.6581,43.315,43.4982,44.1087,15.6593,15.232,30.9829,15.4762,15.3541,14.5604,38.9194,14.9878,16.0867,15.232,16.3919,15.4151,35.3175,35.5006,36.0501,35.6838,97.2222,98.0769,97.2222,98.138,59.9817,59.188,60.1038,59.7375,59,59,59,59,59.6764,59.6764,59.6764,59.3712,5.7081800000000005,0.396825,1.86203,58.7607,34.1575,50.5189,31.5934,50.5189,24.3895,51.862,2.77778,0.396825,1114.12,175.338,1422.84,0.0,1.0,1.0,1.0,1.0,0.0,0.07783949999999999,44.1346,43.9789,42.993,44.0308,0.129731,15.2154,95.1115,90.1569,88.2377,97.9876,0.0,7.983519999999999,32.3255,0.0,0.0,-36.7935,97.5747,95.1803,44.1832,340.657,36.2635,297.372,287.825,43.9398,422.648,417.479,415.316,519.8330000000002,508.69,601.9590000000002,420.914,415.388,524.485,505.899,604.2330000000002,410.983,408.3130000000001,515.773,515.057,611.006,410.045,408.963,515.9159999999998,514.485,612.947,433.7480000000001,433.604,533.807,531.302,609.425,434.68300000000005,433.82,534.0930000000002,533.52,609.066,601.241,603.802,21.4042,405.772,1140.72
2020-11-22 07:21:35,96.2454,97.8938,97.6496,97.3443,75.5495,75.7326,76.16,76.5263,34.0965,33.7912,33.4249,32.9365,15.1099,14.9267,15.7814,15.5372,15.7814,14.6215,14.9878,14.8657,48.0098,20.1709,26.3248,32.674,92.3565,128.107,94.6032,77.6068,59,59,59,59,58.9438,59.4933,59.2491,59.6764,59,59,59,59,11.4469,11.2027,11.2637,11.8742,10.7143,11.5079,11.0195,11.2027,11.8132,12.4847,12.4847,12.3626,54.4872,56.1355,54.9756,55.5861,26.0379,25.7936,26.221,26.16,44.7802,59.0049,43.9866,43.315,32.5702,33.3028,33.486,32.265,28.4799,27.8083,27.6252,28.0525,43.6203,43.9255,43.7424,42.9487,34.0965,33.9744,34.2186,33.6081,25.8547,25.9768,25.4274,25.4884,43.4982,44.536,43.1319,43.6813,32.5702,32.7534,33.4249,32.4481,26.221,26.5263,25.3053,30.0672,44.6581,43.315,43.4982,44.1087,15.6593,15.232,30.9829,15.4762,15.3541,14.5604,38.9194,14.9878,16.0867,15.232,16.3919,15.4151,35.3175,35.5006,36.0501,35.6838,97.2222,98.0769,97.2222,98.138,59.9817,59.188,60.1038,59.7375,59,59,59,59,59.6764,59.6764,59.6764,59.3712,5.7081800000000005,0.396825,1.86203,58.7607,34.1575,50.5189,31.5934,50.5189,24.3895,51.862,2.77778,0.396825,1111.78,175.338,1419.25,0.0,1.0,1.0,1.0,1.0,0.0,0.07783949999999999,44.1346,43.9789,43.46,44.0308,0.129731,15.2154,96.5297,88.7531,87.9019,97.0916,0.0,7.983519999999999,32.6289,0.0,0.0,-23.4724,97.5747,95.1803,44.1832,338.6380000000001,35.6519,295.564,287.825,43.9398,422.648,417.479,415.316,519.8330000000002,508.69,601.9590000000002,420.914,415.388,524.485,505.899,604.2330000000002,410.983,408.3130000000001,515.773,515.057,611.006,410.045,408.963,515.9159999999998,514.485,612.947,433.7480000000001,433.604,533.807,531.302,609.425,433.676,433.82,534.0930000000002,533.52,609.066,601.241,603.802,21.4042,405.244,1141.34
2020-11-22 07:21:40,96.2454,97.8938,97.6496,97.3443,75.5495,75.7326,76.16,76.5263,34.0965,33.7912,33.4249,32.9365,15.1099,14.9267,15.7814,15.5372,15.7814,14.6215,14.9878,14.8657,46.9353,20.1709,26.3248,33.7485,92.3565,128.107,94.9939,76.63,59,59,59,59,58.9438,59.4933,59.2491,59.6764,59,59,59,59,11.4469,11.2027,11.2637,11.8742,10.7143,11.5079,11.0195,11.2027,11.8132,12.4847,12.4847,12.3626,54.4872,56.1355,55.2198,55.5861,26.0379,25.7936,26.221,26.16,44.7802,59.0049,43.9866,43.315,32.5702,33.3028,33.486,32.265,28.4799,27.8083,27.6252,28.0525,43.6203,43.9255,43.7424,42.9487,34.0965,33.9744,34.2186,33.6081,25.8547,25.9768,25.4274,25.4884,43.4982,44.536,43.1319,43.6813,32.5702,32.7534,33.4249,32.4481,26.221,26.5263,25.3053,30.0672,44.6581,43.315,43.4982,44.1087,15.6593,15.232,30.9829,15.4762,15.3541,14.5604,38.9194,14.9878,16.0867,15.232,16.3919,15.4151,35.3175,35.5006,36.0501,35.6838,97.2222,98.0769,97.2222,98.138,59.9817,59.188,60.1038,59.7375,59,59,59,59,59.6764,59.6764,59.6764,59.3712,5.7081800000000005,0.396825,1.86203,58.7607,34.1575,51.4347,31.5934,50.5189,24.3895,51.862,2.77778,0.396825,1116.46,175.338,1428.99,0.0,1.0,1.0,1.0,1.0,0.0,0.07783949999999999,44.1346,43.9789,43.46,44.0308,0.129731,15.2154,96.5297,88.1269,90.0046,96.2425,0.0,7.983519999999999,32.6979,0.0,0.0,-17.535,97.5747,95.1803,44.8298,336.686,35.0963,293.7390000000001,287.825,43.9398,422.648,417.479,415.316,519.8330000000002,508.69,601.9590000000002,420.914,415.388,524.628,504.897,604.2330000000002,410.983,408.3130000000001,515.773,515.057,611.006,410.045,408.963,515.9159999999998,514.485,612.947,432.741,433.604,533.807,531.302,609.425,433.676,433.82,534.0930000000002,533.52,609.066,601.241,603.802,21.4042,405.772,1141.91
2020-11-22 07:21:45,96.2454,97.8938,97.6496,97.3443,75.5495,75.7326,74.6337,76.5263,34.0965,33.7912,33.4249,32.9365,15.1099,14.9267,15.7814,15.5372,15.7814,14.6215,14.9878,14.8657,47.8144,20.1709,26.3248,33.7485,93.3333,128.107,94.9939,76.63,59,59,59,59,58.9438,59.4933,59.2491,59.6764,59,59,59,59,11.4469,11.2027,11.2637,11.8742,10.7143,11.8132,11.0195,11.2027,11.8132,12.4847,11.8742,11.8132,54.4872,56.1355,55.2198,55.5861,26.0379,25.7936,26.221,26.16,44.7802,59.0049,43.9866,43.315,32.5702,33.3028,33.486,32.265,28.4799,27.8083,27.6252,28.0525,43.6203,43.9255,43.7424,42.9487,34.0965,33.9744,34.2186,33.0586,25.8547,25.9768,25.4274,25.4884,43.4982,43.9866,43.1319,43.6813,32.5702,32.7534,33.4249,32.4481,26.221,26.5263,25.3053,30.0672,44.6581,43.315,43.4982,44.1087,15.6593,15.232,30.9829,15.4762,15.3541,15.1099,38.9194,14.9878,16.0867,15.232,16.3919,15.4151,35.3175,35.5006,36.0501,35.6838,97.2222,98.0769,97.2222,98.138,59.9817,59.188,60.1038,59.7375,59,59,59,59,59.6764,59.6764,59.6764,59.3712,5.7081800000000005,0.396825,1.86203,58.7607,34.1575,51.4347,31.5934,50.5189,22.2527,52.9609,2.77778,0.396825,1118.8,175.338,1418.14,0.0,1.0,1.0,1.0,1.0,0.0,0.07783949999999999,44.1346,43.9789,43.46,44.0308,0.129731,15.2154,95.8913,90.1293,89.5392,96.8674,0.0,7.983519999999999,30.1408,0.0,0.0,-21.9495,97.5747,95.1803,44.291,337.557,35.0963,293.206,287.825,43.9398,422.648,417.479,415.316,519.8330000000002,508.69,601.9590000000002,420.914,415.388,524.771,504.897,604.2330000000002,410.983,408.3130000000001,515.773,515.057,611.006,410.045,408.963,515.9159999999998,514.485,612.947,432.741,433.604,534.809,531.302,609.425,433.676,433.82,534.0930000000002,533.52,609.066,601.241,603.802,21.4042,405.772,1142.58
2020-11-22 07:21:50,96.2454,97.8938,97.6496,97.3443,75.0,75.7326,74.6337,75.1221,34.0965,33.7912,33.4249,32.9365,15.1099,14.9267,15.7814,15.5372,15.7814,14.6215,14.9878,14.8657,48.7912,20.1709,26.3248,33.7485,93.3333,129.18200000000002,96.7521,76.63,59,59,59,59,58.9438,59.4933,59.2491,59.6764,59,59,59,59,11.4469,11.2027,11.2637,11.8742,10.7143,11.3858,11.0195,11.2027,11.8132,12.4847,11.8742,11.8132,54.4872,56.1355,55.2198,55.5861,26.0379,25.7936,26.221,26.16,44.7802,59.0049,43.9866,43.315,32.5702,33.3028,33.486,31.6545,28.4799,27.8083,27.6252,28.0525,43.6203,43.9255,43.7424,42.9487,34.0965,33.9744,34.2186,33.0586,25.8547,25.9768,25.4274,25.4884,43.4982,43.9866,43.1319,43.6813,32.5702,32.7534,33.4249,32.4481,26.221,26.221,25.3053,30.0672,44.6581,43.315,43.4982,44.1087,15.6593,15.232,30.9829,15.4762,15.3541,15.1099,38.9194,14.9878,16.0867,15.232,16.3919,15.4151,35.3175,35.5006,36.0501,35.6838,97.2222,98.0769,97.2222,98.138,59.9817,59.188,60.1038,59.7375,59,59,59,59,59.6764,59.6764,59.6764,59.3712,5.7081800000000005,0.396825,1.86203,58.7607,34.1575,51.4347,31.5934,50.5189,22.2527,52.9609,2.77778,0.396825,1114.12,175.338,1420.19,0.0,1.0,1.0,1.0,1.0,0.0,0.07783949999999999,44.1346,43.9789,43.46,44.0308,0.129731,15.2154,95.6736,88.6139,88.8833,97.4896,0.0,7.983519999999999,33.225,0.0,0.0,-22.9195,97.5747,95.1803,43.056,337.557,36.1743,296.319,287.825,43.9398,422.648,417.479,415.316,519.8330000000002,508.69,601.9590000000002,420.914,415.388,524.771,504.897,604.2330000000002,410.983,408.3130000000001,515.773,515.057,611.006,410.045,408.963,515.9159999999998,514.485,612.947,432.741,433.604,534.809,531.302,610.431,433.676,433.82,534.0930000000002,533.52,609.066,601.241,603.802,21.4042,405.772,1143.97
2020-11-22 07:21:55,96.2454,97.8938,97.6496,97.3443,75.0,75.7326,74.6337,75.1221,34.0965,33.7912,33.4249,32.9365,15.1099,14.9267,15.7814,15.5372,15.7814,14.6215,14.9878,14.8657,48.7912,20.1709,25.2503,32.381,91.8681,129.18200000000002,96.7521,75.7509,59,59,59,59,58.9438,59.4933,59.2491,59.6764,59,59,59,59,11.4469,11.2027,11.2637,11.8742,11.3248,11.3858,11.0195,11.2027,11.8132,12.4847,11.8742,11.8132,54.4872,56.1355,55.2198,55.5861,26.0379,25.7936,26.221,26.16,44.7802,59.0049,43.9866,43.315,32.5702,33.3028,33.486,31.6545,28.4799,27.8083,27.6252,28.0525,43.6203,43.9255,43.7424,42.9487,34.0965,33.9744,33.6691,33.0586,25.8547,25.9768,25.4274,25.4884,43.4982,43.9866,43.1319,43.6813,32.5702,32.7534,33.4249,32.4481,26.221,26.7705,25.3053,30.0672,44.6581,43.315,43.4982,44.1087,15.6593,15.232,30.9829,15.4762,15.3541,15.1099,38.9194,14.9878,16.0867,15.232,16.3919,15.4151,35.3175,35.5006,36.0501,35.6838,97.2222,98.0769,97.2222,98.138,59.9817,59.188,60.1038,59.7375,59,59,59,59,59.6764,59.6764,59.6764,59.3712,5.7081800000000005,0.396825,1.86203,58.7607,34.1575,51.4347,31.5934,50.5189,22.2527,52.9609,2.77778,0.396825,1114.14,175.338,1420.91,0.0,1.0,1.0,1.0,1.0,0.0,0.07783949999999999,44.1346,43.9789,43.46,44.0308,0.129731,15.2154,97.2971,87.7398,88.6592,96.5629,0.0,7.983519999999999,34.0915,0.0,0.0,-23.8641,97.5747,95.1803,42.3621,337.557,36.1743,298.426,287.825,43.9398,422.648,417.479,415.316,519.8330000000002,508.69,601.9590000000002,420.914,415.388,524.938,504.897,604.2330000000002,410.983,408.3130000000001,515.773,515.057,611.006,410.045,408.963,515.9159999999998,514.485,612.947,432.741,433.604,534.809,531.302,610.431,433.676,433.82,534.0930000000002,533.52,609.066,601.241,603.802,21.4042,405.244,1144.61
2020-11-22 07:22:00,96.2454,97.8938,97.6496,97.3443,75.0,75.7326,74.6337,75.1221,34.0965,33.7912,33.4249,32.9365,15.1099,14.9267,15.7814,15.5372,15.7814,14.6215,14.9878,14.8657,49.768,20.1709,25.2503,32.381,91.8681,129.18200000000002,96.7521,74.3834,59,59,59,59,58.9438,59.4933,59.2491,59.6764,59,59,59,59,11.4469,11.2027,11.2637,11.8742,11.3248,11.3858,11.0195,11.2027,11.8132,12.4847,12.4237,11.8132,54.4872,56.1355,55.2198,55.5861,26.0379,25.7936,26.221,26.16,44.7802,59.0049,43.9866,43.315,32.5702,33.3028,33.486,31.6545,28.4799,27.8083,27.6252,28.0525,43.6203,43.9255,43.7424,42.9487,34.0965,33.9744,33.1197,33.0586,25.8547,25.9768,25.4274,25.4884,43.4982,43.9866,43.1319,43.6813,32.5702,32.7534,33.4249,32.4481,26.221,26.7705,25.3053,30.0672,44.6581,43.315,43.4982,44.1087,15.6593,15.232,30.9829,15.4762,15.3541,15.1099,38.9194,14.9878,16.0867,15.232,16.3919,15.4151,35.3175,35.5006,36.0501,35.6838,97.2222,98.0769,97.2222,98.138,59.9817,59.188,60.1038,59.7375,59,59,59,59,59.6764,59.6764,59.6764,59.3712,5.7081800000000005,0.396825,1.86203,58.7607,34.1575,51.4347,31.5934,50.5189,22.2527,52.9609,2.77778,0.396825,1111.89,175.338,1429.86,0.0,1.0,1.0,1.0,1.0,0.0,0.07783949999999999,44.1346,43.9789,43.46,44.0308,0.129731,14.5538,96.9816,90.9828,88.8282,96.3026,0.0,7.983519999999999,34.0145,0.0,0.0,-30.1591,97.5747,95.1803,41.6224,337.557,36.1743,298.405,287.825,43.9398,422.648,417.479,415.316,519.8330000000002,508.69,601.9590000000002,420.914,415.388,524.938,504.897,604.2330000000002,410.983,408.3130000000001,515.773,515.057,611.006,410.045,408.963,515.9159999999998,514.485,612.947,432.741,433.604,534.809,532.304,610.431,433.676,433.82,534.0930000000002,533.52,609.066,601.241,603.802,21.4042,405.244,1145.29
2020-11-22 07:22:05,96.2454,97.8938,97.6496,97.3443,75.0,75.7326,74.6337,75.1221,34.0965,33.7912,33.4249,32.9365,15.1099,14.9267,15.7814,15.5372,15.7814,15.1709,14.9878,14.8657,49.768,20.1709,25.2503,32.381,88.84,129.18200000000002,93.8217,73.1136,59,59,59,59,58.9438,59.4933,59.2491,59.6764,59,59,59,59,11.4469,11.2027,11.2637,11.8742,10.2869,11.3858,11.0195,11.2027,11.8132,12.4847,12.4237,11.8132,54.4872,56.1355,55.2198,55.5861,26.0379,25.7936,26.221,26.16,44.7802,59.0049,43.9866,43.315,32.5702,33.3028,33.486,31.6545,28.4799,27.8083,27.6252,28.0525,43.6203,43.9255,43.7424,42.9487,34.0965,33.9744,32.5092,33.0586,25.8547,25.9768,25.4274,25.4884,43.4982,43.9866,43.1319,43.6813,32.5702,32.7534,33.4249,32.4481,26.221,26.7705,25.3053,30.0672,44.6581,43.315,43.4982,44.1087,15.6593,15.232,30.9829,15.4762,15.3541,15.1099,38.9194,14.9878,16.0867,15.232,16.3919,15.4151,35.3175,35.5006,36.0501,35.6838,97.2222,98.0769,97.2222,98.138,59.9817,59.188,60.1038,59.7375,59,59,59,59,59.6764,59.6764,59.6764,59.3712,5.7081800000000005,0.396825,0.396825,58.7607,34.1575,51.4347,31.5934,50.5189,22.2527,52.9609,2.77778,0.396825,1114.24,175.338,1419.13,0.0,1.0,1.0,1.0,1.0,0.0,0.07783949999999999,44.1346,43.9789,43.46,44.0308,0.129731,13.9511,95.3124,90.8772,88.8282,95.832,0.0,7.983519999999999,32.6878,0.0,0.0,-18.2734,97.5747,95.1803,41.6224,336.055,34.8024,295.765,287.825,43.9398,422.648,417.479,415.316,519.8330000000002,507.6880000000001,601.9590000000002,420.914,415.388,525.082,504.897,604.2330000000002,410.983,408.3130000000001,515.773,515.057,611.006,410.045,408.963,515.9159999999998,514.485,612.947,432.741,433.604,534.809,532.304,610.431,433.676,433.82,534.0930000000002,533.52,609.066,601.241,603.802,21.4042,405.244,1145.29
2020-11-22 07:22:10,96.2454,97.8938,97.6496,97.3443,75.0,75.7326,74.6337,75.1221,34.0965,33.7912,33.4249,32.9365,15.1099,14.9267,15.7814,15.5372,15.7814,15.1709,14.9878,14.8657,48.4005,20.1709,25.2503,33.2601,88.84,128.205,92.6496,72.1367,59,59,59,59,58.9438,59.4933,59.2491,59.6764,59,59,59,59,11.4469,11.2027,11.2637,11.8742,10.8364,11.3858,11.0195,11.2027,11.8132,12.4847,12.4237,11.8132,55.0366,56.1355,55.2198,55.5861,26.0379,25.7936,25.6716,26.16,44.7802,59.0049,43.9866,43.315,32.5702,33.3028,33.486,31.6545,28.4799,27.8083,27.6252,28.0525,43.6203,43.9255,43.7424,42.9487,34.0965,33.9744,33.9133,33.0586,25.8547,25.9768,25.4274,25.4884,43.4982,43.9866,43.1319,43.6813,32.5702,32.7534,33.4249,32.4481,26.221,25.5495,25.3053,30.0672,44.6581,43.315,43.4982,44.1087,15.6593,15.232,30.9829,15.4762,15.3541,15.1099,38.9194,14.9878,16.0867,15.232,16.3919,15.4151,35.3175,35.5006,36.0501,35.6838,97.2222,98.0769,97.2222,98.138,59.9817,59.188,60.1038,59.7375,59,59,59,59,59.6764,59.6764,59.6764,59.3712,5.7081800000000005,0.396825,0.396825,58.7607,34.1575,51.4347,31.5934,50.5189,22.2527,52.9609,2.77778,0.396825,1114.15,175.338,1419.68,0.0,1.0,1.0,1.0,1.0,0.0,0.07783949999999999,44.1346,43.9789,43.46,44.0308,0.129731,13.9511,96.5318,89.6902,87.5861,94.8245,0.0,7.983519999999999,32.4907,0.0,0.0,-8.00406,97.5747,95.1803,42.2359,332.6380000000001,35.3502,293.98,287.825,43.9398,422.648,417.479,415.316,519.8330000000002,507.6880000000001,601.9590000000002,420.914,415.388,525.225,504.897,604.2330000000002,410.983,408.3130000000001,515.773,515.057,611.006,410.045,408.963,515.9159999999998,514.485,612.947,432.741,433.604,534.809,532.304,610.431,433.676,433.82,534.0930000000002,533.52,609.066,601.241,603.802,21.4042,405.244,1145.81
2020-11-22 07:22:15,96.2454,97.8938,97.6496,97.3443,75.0,75.7326,74.6337,75.1221,34.0965,33.7912,33.4249,32.9365,15.1099,14.9267,15.7814,15.5372,15.7814,15.1709,14.9878,14.8657,48.4005,20.1709,24.2735,33.2601,87.9609,127.326,89.0354,72.1367,59,59,59,59,58.9438,59.4933,59.2491,59.6764,59,59,59,59,11.4469,11.2027,11.2637,11.8742,10.8364,11.3858,11.0195,11.2027,11.8132,12.4847,12.4237,11.8132,55.0366,56.1355,55.2198,55.5861,26.0379,25.7936,26.7094,26.16,44.7802,59.0049,43.9866,43.315,32.5702,33.3028,33.486,31.105,28.4799,27.8083,27.6252,28.0525,43.6203,43.9255,43.7424,42.9487,34.0965,33.9744,33.9133,33.0586,25.8547,25.9768,25.4274,25.4884,43.4982,43.9866,43.1319,43.6813,32.5702,32.7534,33.4249,32.4481,26.7705,26.4652,25.3053,30.0672,44.6581,43.315,43.4982,44.1087,15.6593,15.232,30.9829,15.4762,15.3541,15.1099,38.9194,14.9878,16.0867,15.232,16.3919,15.4151,35.3175,35.5006,36.0501,35.6838,97.2222,98.0769,97.2222,98.138,59.9817,59.188,60.1038,59.7375,59,59,59,59,59.6764,59.6764,59.6764,59.3712,5.7081800000000005,0.396825,0.396825,58.7607,34.1575,51.4347,31.5934,50.5189,22.2527,52.9609,2.77778,0.396825,1109.54,175.338,1422.54,0.0,1.0,1.0,1.0,1.0,0.0,0.07783949999999999,44.1346,43.9789,43.46,44.0308,0.129731,14.5685,95.8864,86.9635,87.5861,98.9428,0.0,7.983519999999999,33.2796,0.0,0.0,-5.16619,97.5747,95.1803,42.2359,331.504,34.0233,292.756,287.825,43.9398,422.648,418.48800000000006,415.316,519.8330000000002,507.6880000000001,601.9590000000002,420.914,415.388,525.225,504.897,604.2330000000002,410.983,408.3130000000001,515.773,515.057,611.006,410.045,408.963,515.9159999999998,514.485,612.947,432.741,433.604,534.809,532.304,610.431,433.676,433.82,534.0930000000002,533.52,609.066,601.241,603.802,21.4042,405.772,1145.81
2020-11-22 07:22:20,96.2454,97.8938,97.6496,97.3443,75.0,75.7326,74.6337,75.1221,34.0965,33.7912,33.4249,32.9365,15.1099,14.9267,15.7814,15.5372,15.7814,15.1709,14.9878,14.8657,48.4005,20.1709,23.3944,33.2601,87.9609,127.326,88.0586,71.16,59,59,59,59,58.9438,59.4933,59.2491,59.6764,59,59,59,59,11.4469,11.2027,11.2637,11.8742,10.8364,11.3858,11.0195,11.2027,11.8132,12.4847,12.4237,11.8132,55.0366,56.1355,55.2198,55.5861,26.0379,25.7936,26.7094,26.16,44.7802,59.0049,43.9866,43.8645,32.5702,33.3028,33.486,31.105,28.4799,27.8083,27.6252,28.0525,43.6203,43.9255,43.7424,42.9487,34.0965,33.9744,33.9133,33.0586,25.8547,25.9768,25.4274,25.4884,43.4982,43.9866,43.1319,43.6813,32.5702,32.7534,33.4249,32.4481,26.16,26.4652,25.3053,30.0672,44.6581,43.315,43.4982,44.1087,15.6593,15.232,30.9829,15.4762,15.3541,15.1099,38.9194,14.9878,16.0867,15.232,16.3919,15.4151,35.3175,35.5006,36.0501,35.6838,97.2222,98.0769,97.2222,98.138,59.9817,59.188,60.1038,59.7375,59,59,59,59,59.6764,59.6764,59.6764,59.3712,5.7081800000000005,0.396825,0.396825,58.7607,34.1575,51.4347,31.5934,52.1062,20.3602,52.9609,2.77778,0.396825,1102.46,175.338,1419.31,0.0,1.0,1.0,1.0,1.0,0.0,0.07783949999999999,44.1346,43.9789,43.46,44.0308,0.129731,14.5685,97.2289,88.0391,90.7586,96.4409,0.0,7.983519999999999,41.0347,0.0,0.0,5.3716599999999985,97.5747,95.1803,42.2359,332.154,33.3097,292.756,287.825,43.9398,422.648,418.48800000000006,415.316,519.8330000000002,507.6880000000001,601.9590000000002,420.914,415.388,525.368,504.897,604.2330000000002,410.983,408.3130000000001,515.773,515.057,611.006,410.045,408.963,515.9159999999998,514.485,612.947,432.741,433.604,534.809,532.304,610.431,433.676,432.8130000000001,534.0930000000002,533.52,609.066,601.241,603.802,21.4042,405.772,1145.3
2020-11-22 07:22:25,96.2454,97.8938,97.6496,97.3443,75.0,75.7326,74.6337,74.5727,34.0965,33.7912,33.4249,32.9365,15.1099,14.9267,15.7814,15.5372,15.7814,15.1709,14.9878,14.8657,49.475,20.1709,23.3944,32.1856,87.9609,125.568,88.0586,71.16,59,59,59,59,58.9438,59.4933,59.2491,59.6764,59,59,59,59,11.4469,11.2027,11.2637,11.8742,10.8364,11.3858,11.0195,11.2027,11.8132,12.4847,11.8742,11.8132,55.0366,56.1355,54.6093,55.5861,26.0379,25.7936,26.7094,26.16,44.7802,59.0049,43.9866,43.8645,32.5702,33.3028,33.486,31.105,28.4799,28.3578,27.6252,28.0525,43.6203,43.9255,43.7424,42.9487,34.0965,33.9744,33.9133,33.0586,25.8547,25.9768,25.4274,25.4884,43.4982,43.9866,43.1319,43.6813,32.5702,32.7534,33.4249,32.4481,26.16,26.4652,25.3053,30.0672,44.6581,43.315,43.4982,44.1087,15.6593,15.232,30.9829,15.4762,15.3541,15.1099,38.9194,14.9878,16.0867,15.232,16.3919,15.4151,35.3175,35.5006,36.0501,35.6838,97.2222,98.0769,97.2222,98.138,59.9817,59.188,60.1038,59.7375,59,59,59,59,59.6764,59.6764,59.6764,59.3712,5.7081800000000005,0.396825,0.396825,58.7607,34.1575,51.4347,31.5934,52.1062,20.3602,52.9609,2.77778,0.396825,1097.71,175.338,1425.24,0.0,1.0,1.0,1.0,1.0,0.0,0.07783949999999999,44.1346,43.9789,43.46,44.0308,0.129731,13.9658,95.9664,88.0391,89.821,97.6501,0.0,7.983519999999999,47.5482,0.0,0.0,-11.6694,97.5747,95.1803,42.8252,332.154,34.9679,292.756,287.825,43.9398,422.648,418.48800000000006,415.316,519.8330000000002,507.6880000000001,601.9590000000002,420.914,415.388,525.368,502.75,604.2330000000002,410.983,408.3130000000001,515.773,515.057,611.006,410.045,408.963,515.9159999999998,514.485,612.947,432.741,433.604,534.809,532.304,610.431,433.676,432.8130000000001,534.0930000000002,533.52,609.066,601.241,603.802,21.4042,405.772,1145.3
2020-11-22 07:22:30,96.2454,97.8938,97.6496,97.3443,75.0,75.7326,74.6337,74.5727,34.0965,33.7912,33.4249,32.9365,15.1099,14.9267,15.7814,14.9878,15.7814,14.6215,14.9878,14.8657,50.3541,20.1709,23.3944,32.1856,90.5006,125.568,89.2308,71.16,59,59,59,59,58.9438,59.4933,59.2491,59.6764,59,59,59,59,11.4469,11.2027,11.2637,11.8742,10.8364,11.3858,11.0195,11.2027,11.8132,12.4847,12.4237,11.8132,55.0366,56.1355,56.4408,55.5861,26.0379,25.7936,26.7094,26.16,44.7802,59.0049,43.9866,43.8645,32.5702,33.3028,33.486,30.4945,28.4799,28.3578,27.6252,28.0525,43.6203,43.9255,43.7424,42.9487,34.0965,33.9744,33.9133,33.0586,25.8547,25.9768,25.4274,25.4884,43.4982,43.9866,43.1319,43.6813,32.5702,32.7534,33.4249,32.4481,26.16,25.6105,25.3053,30.0672,44.6581,43.315,44.3529,44.1087,15.6593,15.232,30.9829,15.4762,15.3541,15.1099,38.9194,14.9878,16.0867,15.232,16.3919,15.4151,35.3175,35.5006,36.0501,35.6838,97.2222,98.0769,97.2222,98.138,59.9817,59.188,60.1038,59.7375,59,59,59,59,59.6764,59.6764,59.6764,59.3712,5.7081800000000005,0.396825,0.396825,58.7607,34.1575,51.4347,31.5934,52.1062,20.3602,52.9609,2.77778,0.396825,1100.1,175.338,1421.41,0.0,1.0,1.0,1.0,1.0,0.0,0.07783949999999999,44.1346,43.9789,43.46,44.0308,0.129731,14.642,95.9664,86.7349,87.0479,97.67,0.0,7.983519999999999,38.957,0.0,0.0,-4.91293,97.5747,95.1803,42.2779,331.348,33.9524,293.464,287.825,43.9398,422.648,418.48800000000006,415.316,519.8330000000002,506.543,601.9590000000002,420.914,416.398,525.511,501.604,604.2330000000002,410.983,408.3130000000001,515.773,515.057,611.006,410.045,408.963,515.9159999999998,514.485,612.947,432.741,433.604,534.809,532.304,610.431,433.676,432.8130000000001,534.0930000000002,533.52,609.066,601.241,603.802,21.4042,405.244,1144.73
2020-11-22 07:22:35,96.2454,97.8938,97.6496,97.3443,75.0,75.7326,74.6337,74.5727,34.0965,33.7912,33.4249,32.9365,15.1099,14.9267,15.7814,15.9035,15.7814,14.6215,14.9878,14.8657,50.3541,18.9988,23.3944,33.0647,91.6728,125.568,91.9658,71.16,59,59,59,59,58.9438,59.4933,59.2491,59.6764,59,59,59,59,11.4469,11.2027,11.2637,11.8742,10.8364,11.3858,11.0195,11.2027,11.8132,12.4847,12.4237,11.8132,55.0366,56.1355,56.4408,55.5861,26.0379,25.7936,26.7094,26.16,44.7802,59.0049,43.9866,43.8645,32.5702,33.3028,33.486,30.4945,28.4799,28.3578,27.6252,28.0525,43.6203,43.9255,43.7424,43.4982,34.0965,33.9744,33.9133,33.0586,25.8547,25.9768,26.6484,25.4884,43.4982,43.9866,43.1319,43.6813,32.5702,32.7534,33.4249,32.4481,26.16,26.5873,25.3053,30.0672,44.6581,43.315,44.3529,44.1087,15.6593,15.232,30.9829,15.4762,15.3541,15.1099,38.9194,14.9878,16.0867,15.232,16.3919,15.4151,35.3175,35.5006,36.0501,35.6838,97.2222,98.0769,97.2222,98.138,59.9817,59.188,60.1038,59.7375,59,59,59,59,59.6764,59.6764,59.6764,59.3712,5.7081800000000005,0.396825,0.396825,58.7607,34.1575,52.5336,31.5934,52.1062,20.3602,52.9609,2.77778,0.396825,1099.0,175.338,1424.01,0.0,1.0,1.0,1.0,1.0,0.0,0.07783949999999999,44.1346,43.9789,43.46,44.0308,0.129731,14.642,95.243,91.338,88.3307,95.5664,0.0,7.983519999999999,39.5532,0.0,0.0,0.14666400000000002,97.5747,95.1803,42.2779,329.719,34.4113,295.659,287.825,43.9398,422.648,418.48800000000006,415.316,519.8330000000002,506.543,601.9590000000002,420.914,416.398,525.654,500.459,604.2330000000002,410.983,408.3130000000001,515.773,515.057,611.006,410.045,408.963,515.9159999999998,514.485,612.947,432.741,433.604,534.809,532.304,610.431,433.676,432.8130000000001,534.0930000000002,533.52,609.066,601.241,603.802,21.4042,405.244,1143.45
2020-11-22 07:22:40,96.2454,97.8938,97.6496,97.3443,73.9011,75.7326,74.6337,74.5727,34.0965,33.7912,33.4249,32.9365,15.1099,14.9267,15.7814,15.9035,15.7814,14.6215,14.9878,14.8657,50.3541,18.9988,24.3712,33.9438,91.6728,125.568,91.9658,71.16,59,59,59,59,58.9438,59.4933,59.2491,59.6764,59,59,59,59,11.4469,11.2027,11.2637,11.8742,10.8364,11.3858,11.0195,11.2027,11.8132,12.4847,12.4237,11.8132,55.0366,56.1355,56.4408,55.5861,26.0379,25.7936,26.7094,26.16,44.7802,59.0049,43.9866,43.8645,32.5702,33.3028,33.486,30.4945,28.4799,28.3578,27.6252,28.0525,43.6203,43.9255,43.7424,43.4982,34.0965,33.9744,33.9133,33.0586,25.8547,25.9768,26.6484,25.4884,43.4982,43.9866,43.1319,43.6813,32.5702,32.7534,33.4249,32.4481,26.16,26.5873,25.3053,30.0672,44.6581,43.315,44.3529,44.1087,15.6593,15.232,30.9829,15.4762,15.3541,15.1099,38.9194,14.9878,16.0867,15.232,16.3919,15.4151,35.3175,35.5006,36.0501,35.6838,97.2222,98.0769,97.2222,98.138,59.9817,59.188,60.1038,59.7375,59,59,59,59,59.6764,59.6764,59.6764,59.3712,5.7081800000000005,0.396825,0.396825,58.7607,34.1575,51.3126,31.5934,52.1062,20.3602,52.9609,2.77778,0.396825,1096.55,175.338,1419.93,0.0,1.0,1.0,1.0,1.0,0.0,0.07783949999999999,44.1346,43.9789,43.46,44.0308,0.129731,13.9364,96.3157,90.6067,88.6795,98.1217,0.0,7.983519999999999,42.4386,0.0,0.0,3.05375,97.5747,95.1803,40.9504,328.852,33.8879,296.997,287.825,43.9398,422.648,418.48800000000006,415.316,519.8330000000002,507.617,601.9590000000002,420.914,416.398,525.797,500.459,604.2330000000002,410.983,408.3130000000001,515.773,515.057,611.006,410.045,408.963,515.9159999999998,514.485,612.947,432.741,433.604,534.809,532.304,610.431,433.676,432.8130000000001,534.0930000000002,533.52,609.066,601.241,603.802,21.4042,405.772,1142.88
2020-11-22 07:22:45,96.2454,97.8938,97.6496,97.3443,73.9011,75.7326,74.6337,74.5727,34.0965,33.7912,33.4249,32.9365,15.1099,14.9267,15.7814,15.9035,15.7814,14.6215,14.9878,14.8657,50.3541,18.9988,24.3712,33.9438,91.8681,125.568,91.9658,73.3089,59,59,59,59,58.9438,59.4933,59.2491,59.6764,59,59,59,59,11.4469,11.2027,11.2637,11.8742,10.8364,11.3858,11.0195,11.2027,11.8132,12.4847,12.4237,11.8132,55.0366,56.1355,56.4408,55.5861,26.9536,25.7936,27.3199,26.16,44.7802,59.0049,43.9866,43.8645,32.5702,33.3028,33.486,38.7973,28.4799,28.3578,27.6252,28.0525,43.6203,43.9255,43.7424,43.4982,34.0965,33.9744,33.9133,33.0586,25.8547,25.9768,26.6484,25.4884,43.4982,43.9866,43.1319,43.6813,32.5702,32.7534,33.4249,32.4481,26.16,26.5873,25.3053,30.0672,44.6581,43.315,43.8034,44.1087,15.6593,15.232,30.9829,15.4762,15.3541,15.1099,38.9194,14.9878,16.0867,15.232,16.3919,15.4151,35.3175,35.5006,36.0501,35.6838,97.2222,98.0769,97.2222,98.138,59.9817,59.188,60.1038,59.7375,59,59,59,59,59.6764,59.6764,59.6764,59.3712,5.7081800000000005,0.396825,0.396825,58.7607,34.1575,51.3126,31.5934,52.1062,20.3602,52.9609,2.77778,0.396825,1095.33,175.338,1422.34,0.0,1.0,1.0,1.0,1.0,0.0,0.07783949999999999,44.1346,43.9789,43.46,44.0308,0.129731,13.9364,96.1827,86.1825,90.2342,97.2985,0.0,7.983519999999999,40.2742,0.0,0.0,-17.0299,97.5747,95.1803,39.6575,328.852,33.8879,296.997,287.825,43.9398,422.648,418.48800000000006,415.316,519.8330000000002,507.617,601.9590000000002,420.914,416.398,525.94,499.457,604.2330000000002,410.983,408.3130000000001,515.773,515.057,611.006,410.045,408.963,515.9159999999998,514.485,612.947,432.741,433.604,534.809,532.304,610.431,433.676,432.8130000000001,534.0930000000002,533.52,609.066,601.241,603.802,21.4042,405.772,1142.31
2020-11-22 07:22:50,96.2454,97.8938,97.6496,97.3443,73.9011,75.7326,74.6337,74.5727,34.0965,33.7912,33.4249,32.9365,15.1099,14.9267,15.7814,15.9035,15.7814,14.6215,14.9878,14.8657,50.3541,18.9988,24.3712,33.9438,91.8681,127.326,94.1148,73.3089,59,59,59,59,58.9438,59.4933,59.2491,59.6764,59,59,59,59,11.4469,11.2027,11.2637,11.8742,10.8364,11.3858,11.0195,11.2027,11.8132,12.4847,12.4237,11.8132,55.0366,56.1355,56.4408,55.5861,26.4042,25.7936,26.7705,26.16,44.7802,59.0049,43.9866,43.8645,32.5702,33.3028,33.486,37.5763,28.4799,28.3578,27.6252,28.0525,43.6203,43.9255,43.7424,44.0476,34.0965,33.9744,33.9133,33.0586,25.8547,25.9768,26.6484,25.4884,43.4982,43.9866,43.1319,43.6813,32.5702,32.7534,33.4249,32.4481,26.16,25.7326,25.3053,30.0672,44.6581,43.315,43.8034,44.1087,15.6593,15.232,30.9829,15.4762,15.3541,15.1099,38.9194,14.9878,16.0867,15.232,16.3919,15.4151,35.3175,35.5006,36.0501,35.6838,97.2222,98.0769,97.2222,98.138,59.9817,59.188,60.1038,59.7375,59,59,59,59,59.6764,59.6764,59.6764,59.3712,5.7081800000000005,0.396825,0.396825,58.7607,34.1575,52.1062,31.5934,52.1062,20.3602,52.9609,2.77778,0.396825,1091.78,175.338,1424.12,0.0,1.0,1.0,1.0,1.0,0.0,0.07783949999999999,44.1346,43.9789,43.46,44.0308,0.129731,13.9364,96.1827,86.1825,88.7367,97.2985,0.0,7.983519999999999,40.8681,0.0,0.0,-13.5709,97.5747,95.1803,39.0351,328.205,34.64,294.185,287.825,43.9398,422.648,418.48800000000006,415.316,519.8330000000002,507.617,601.9590000000002,420.914,416.398,526.0830000000002,499.457,604.2330000000002,410.983,408.3130000000001,515.773,515.057,611.006,410.045,408.963,515.9159999999998,514.485,612.947,432.741,433.604,534.809,532.304,610.431,433.676,432.8130000000001,534.0930000000002,533.52,609.066,601.241,603.802,21.4042,405.772,1141.02
2020-11-22 07:22:55,96.2454,97.8938,97.6496,99.0537,73.9011,75.7326,74.6337,74.5727,34.0965,33.7912,33.4249,32.9365,15.1099,14.9267,15.7814,15.0488,15.7814,14.6215,14.9878,14.8657,50.3541,18.9988,23.199,33.9438,91.8681,128.303,94.1148,74.9695,59,59,59,59,58.9438,59.4933,59.2491,59.6764,59,59,59,59,11.4469,11.2027,11.2637,11.8742,10.8364,11.3858,11.0195,11.2027,11.8132,12.4847,12.4237,11.8132,55.0366,56.1355,56.4408,55.5861,26.4042,25.7936,26.7705,26.16,44.7802,59.0049,43.9866,43.8645,32.5702,33.3028,33.486,36.0501,28.4799,28.3578,27.6252,28.0525,43.6203,43.9255,43.7424,44.0476,34.0965,33.9744,33.9133,33.0586,25.8547,25.9768,26.6484,25.4884,43.4982,43.9866,43.1319,43.6813,32.5702,32.7534,33.4249,32.4481,26.16,26.5263,25.3053,30.0672,44.6581,43.315,43.8034,44.1087,15.6593,15.232,30.9829,15.4762,15.3541,15.1099,38.9194,14.9878,16.0867,15.232,16.3919,15.4151,35.3175,35.5006,36.0501,35.6838,97.2222,98.0769,97.2222,98.138,59.9817,59.188,60.1038,59.7375,59,59,59,59,59.6764,59.6764,59.6764,59.3712,5.7081800000000005,0.396825,0.396825,58.7607,34.1575,52.1062,31.5934,52.1062,18.2234,52.9609,2.77778,0.396825,1091.78,175.338,1420.98,0.0,1.0,1.0,1.0,1.0,0.0,0.07783949999999999,44.1346,43.9789,43.46,44.0308,0.129731,13.9364,94.8303,89.4875,89.4522,97.8983,0.0,7.983519999999999,41.6427,0.0,0.0,-24.3501,97.5747,95.1803,39.0351,328.205,34.64,291.795,287.825,43.9398,422.648,418.48800000000006,415.316,519.8330000000002,507.617,601.9590000000002,420.914,416.398,526.227,499.457,604.2330000000002,410.983,408.3130000000001,515.773,515.057,611.006,410.045,408.963,515.9159999999998,514.485,612.947,432.741,433.604,534.809,532.304,610.431,433.676,432.8130000000001,534.0930000000002,533.52,609.066,601.241,603.802,21.4042,405.772,1139.94
2020-11-22 07:23:00,96.2454,97.8938,97.6496,98.4432,73.9011,75.7326,74.6337,74.5727,34.0965,33.7912,33.4249,32.9365,15.1099,14.9267,15.7814,15.0488,15.7814,14.6215,14.9878,14.8657,50.3541,19.8779,23.199,32.7717,91.8681,129.475,93.0403,74.9695,59,59,59,59,58.9438,59.4933,59.2491,59.6764,59,59,59,59,11.4469,11.2027,11.2637,11.8742,10.8364,11.3858,11.0195,11.2027,11.8132,12.4847,12.4237,11.8132,55.0366,56.1355,56.4408,55.5861,26.4042,25.7936,26.7705,26.16,44.7802,59.0049,43.9866,43.8645,32.5702,33.3028,33.486,35.2564,28.4799,28.3578,27.6252,28.0525,43.6203,43.9255,43.7424,44.0476,34.0965,33.9744,33.9133,33.0586,25.8547,25.9768,26.0989,25.4884,43.4982,43.9866,43.1319,43.6813,32.5702,32.7534,33.4249,32.4481,26.16,26.5263,25.3053,30.0672,44.6581,43.315,43.8034,44.1087,15.6593,15.232,30.9829,15.4762,15.3541,15.1099,38.9194,14.9878,16.0867,15.232,16.3919,15.4151,35.3175,35.5006,36.0501,35.6838,97.2222,98.0769,97.2222,98.138,59.9817,59.188,60.1038,59.7375,59,59,59,59,59.6764,59.6764,59.6764,59.3712,5.7081800000000005,0.396825,0.396825,60.1648,34.1575,52.1062,31.5934,52.1062,18.2234,52.9609,2.77778,0.396825,1088.19,175.338,1423.73,0.0,1.0,1.0,1.0,1.0,0.0,0.07783949999999999,44.1346,43.9789,43.46,44.0308,0.129731,13.9364,95.7546,87.5449,88.619,96.1721,0.0,7.983519999999999,40.6913,0.0,0.0,-24.8798,97.5747,95.1803,38.2568,328.205,35.9814,292.338,287.825,43.9398,422.648,418.48800000000006,415.316,519.8330000000002,507.617,601.9590000000002,420.914,416.398,526.513,499.457,604.2330000000002,410.983,408.3130000000001,515.773,515.057,611.006,410.045,408.963,515.9159999999998,514.485,612.947,432.741,433.604,534.809,532.304,610.431,433.676,432.8130000000001,534.0930000000002,533.52,609.066,601.241,603.802,21.4042,405.244,1138.6
2020-11-22 07:23:05,96.2454,97.8938,97.6496,98.4432,73.9011,75.7326,74.6337,74.5727,34.0965,33.7912,33.4249,32.9365,15.1099,14.9267,15.7814,15.0488,15.7814,14.6215,14.9878,14.8657,49.1819,19.8779,24.0781,32.7717,92.8449,130.452,91.7704,74.9695,59,59,59,59,58.9438,59.4933,59.2491,59.6764,59,59,59,59,11.4469,11.2027,11.2637,11.8742,10.8364,11.3858,11.0195,11.2027,11.8132,12.4847,11.8742,11.8132,55.0366,56.1355,56.4408,55.5861,26.4042,25.7936,26.7705,26.16,44.7802,59.0049,43.9866,43.8645,32.5702,33.3028,33.486,34.6459,28.4799,28.3578,27.6252,28.0525,43.6203,43.9255,43.7424,44.0476,34.0965,33.9744,33.9133,33.0586,25.8547,25.9768,26.0989,25.4884,43.4982,43.9866,43.1319,43.6813,32.5702,32.7534,33.4249,33.3028,26.16,26.5263,25.3053,30.0672,44.6581,43.315,43.8034,44.1087,15.6593,15.232,30.9829,15.4762,15.3541,15.1099,38.9194,14.9878,16.0867,15.232,16.3919,15.4151,35.3175,35.5006,36.0501,35.6838,97.2222,98.0769,97.2222,98.138,59.9817,59.188,60.1038,59.7375,59,59,59,59,59.6764,59.6764,59.6764,59.3712,5.7081800000000005,0.396825,0.396825,60.1648,34.1575,52.1062,31.5934,52.1062,18.2234,53.9377,2.77778,0.396825,1088.19,175.338,1420.54,0.0,1.0,1.0,1.0,1.0,0.0,0.07783949999999999,44.1346,43.9789,43.46,44.0308,0.129731,14.5685,96.6482,89.9319,89.7473,97.0712,0.0,7.983519999999999,43.4346,0.0,0.0,-20.8403,97.5747,95.1803,38.2267,327.072,35.9814,295.011,287.825,43.9398,422.648,418.48800000000006,415.316,519.8330000000002,506.615,601.9590000000002,420.914,416.398,526.656,499.457,604.2330000000002,410.983,408.3130000000001,515.773,515.057,611.006,410.045,408.963,515.9159999999998,514.485,612.947,432.741,433.604,534.809,532.304,610.431,433.676,432.8130000000001,534.0930000000002,533.52,610.072,601.241,603.802,21.4042,404.715,1137.21
2020-11-22 07:23:10,96.2454,97.8938,97.6496,98.4432,73.9011,75.7326,74.6337,74.5727,34.0965,33.7912,33.4249,32.9365,15.1099,14.9267,15.7814,15.0488,15.7814,14.6215,14.9878,14.8657,49.1819,19.8779,25.0549,32.7717,92.8449,131.526,92.8449,74.9695,59,59,59,59,58.9438,59.4933,59.2491,59.6764,59,59,59,59,11.4469,11.2027,11.2637,11.8742,10.8364,11.3858,11.0195,11.2027,11.8132,12.4847,11.8742,11.8132,54.4872,56.1355,56.4408,55.5861,26.4042,25.7936,26.221,26.16,44.7802,59.0049,44.9023,43.8645,32.5702,33.3028,33.486,34.6459,28.4799,27.8083,27.6252,28.0525,43.6203,43.9255,43.7424,44.0476,34.0965,33.9744,33.9133,33.0586,25.8547,25.9768,26.0989,25.4884,43.4982,43.9866,43.1319,43.6813,32.5702,32.7534,33.4249,33.3028,26.16,25.6716,25.3053,30.0672,44.6581,43.315,43.8034,44.1087,15.6593,15.232,30.9829,15.4762,15.3541,15.1099,38.9194,14.9878,16.0867,15.232,16.3919,15.4151,35.3175,35.5006,36.0501,35.6838,97.2222,98.0769,97.2222,98.138,59.9817,59.188,60.1038,59.7375,59,59,59,59,59.6764,59.6764,59.6764,59.3712,5.7081800000000005,0.396825,0.396825,60.1648,34.1575,52.1062,31.5934,52.1062,18.2234,53.9377,2.77778,0.396825,1084.58,175.338,1426.35,0.0,1.0,1.0,1.0,1.0,0.0,0.07783949999999999,44.1346,43.9789,43.46,44.0308,0.129731,14.5685,96.6482,87.9372,88.8024,97.0712,0.0,7.983519999999999,43.4346,0.0,0.0,-25.4409,97.5747,95.1803,38.2267,325.7920000000001,35.9814,297.134,287.825,43.9398,422.648,418.48800000000006,415.316,519.8330000000002,506.615,601.9590000000002,420.914,416.398,526.799,499.457,604.2330000000002,410.983,408.3130000000001,515.773,515.057,611.006,410.045,408.963,515.9159999999998,514.485,612.947,432.741,433.604,534.809,532.304,610.431,433.676,432.8130000000001,534.0930000000002,533.52,610.072,601.241,603.802,21.4042,405.772,1136.09
2020-11-22 07:23:15,96.2454,97.8938,97.6496,98.4432,73.9011,75.7326,74.6337,74.5727,34.0965,33.7912,33.4249,32.9365,15.1099,14.9267,15.7814,15.0488,15.7814,14.6215,14.9878,14.8657,49.1819,19.8779,25.0549,32.7717,91.7704,131.526,94.0171,74.0903,59,59,59,59,58.9438,59.4933,59.2491,59.6764,59,59,59,59,11.4469,11.2027,11.2637,11.8742,10.8364,11.3858,11.0195,11.2027,11.8132,12.4847,12.4237,11.8132,54.4872,56.1355,55.8913,55.5861,26.4042,25.7936,26.221,26.16,44.7802,59.0049,44.9023,43.8645,32.5702,33.3028,33.486,33.9744,28.4799,27.8083,27.6252,28.0525,43.6203,43.9255,43.7424,44.0476,34.0965,33.9744,33.9133,33.0586,25.8547,25.9768,26.0989,25.4884,43.4982,43.9866,43.1319,43.6813,32.5702,32.7534,33.4249,33.3028,26.16,26.7094,25.3053,30.0672,44.6581,43.315,43.8034,44.1087,15.6593,15.232,30.9829,15.4762,15.3541,15.1099,38.9194,14.9878,16.0867,15.232,16.3919,15.4151,35.3175,35.5006,36.0501,35.6838,97.2222,98.0769,97.2222,98.138,59.9817,59.188,60.1038,59.7375,59,59,59,59,59.6764,59.6764,59.6764,59.3712,5.7081800000000005,0.396825,0.396825,60.1648,34.1575,52.1062,31.5934,52.1062,18.2234,53.9377,2.77778,0.396825,1083.38,175.338,1427.99,0.0,1.0,1.0,1.0,1.0,0.0,0.07783949999999999,44.1346,43.9789,43.46,44.0308,0.129731,13.9364,96.3365,85.9583,88.7624,98.0266,0.0,7.983519999999999,41.3542,0.0,0.0,-17.724,97.5747,95.1803,38.2267,325.694,36.6619,296.1,287.825,43.9398,422.648,418.48800000000006,415.316,519.8330000000002,506.615,601.9590000000002,420.914,416.398,526.942,499.457,604.2330000000002,410.983,408.3130000000001,515.773,515.057,611.006,410.045,408.963,514.914,514.485,612.947,432.741,433.604,534.809,532.304,610.431,433.676,432.8130000000001,534.0930000000002,533.52,610.072,601.241,603.802,21.4042,405.244,1134.81
2020-11-22 07:23:20,96.2454,97.8938,97.6496,97.8938,73.9011,75.7326,74.6337,74.5727,34.0965,33.7912,33.4249,32.9365,15.1099,14.9267,15.7814,15.0488,15.7814,14.6215,14.9878,14.8657,49.1819,18.9988,25.0549,33.9438,91.7704,131.526,94.8962,74.0903,59,59,59,59,58.9438,59.4933,59.2491,59.6764,59,59,59,59,11.4469,11.2027,11.2637,11.8742,10.8364,11.3858,11.0195,11.2027,11.8132,12.4847,12.4237,11.8132,54.4872,56.1355,55.3419,55.5861,26.4042,25.7936,26.221,26.16,44.7802,59.0049,44.9023,43.8645,32.5702,33.3028,33.486,33.9744,28.4799,27.8083,27.6252,28.0525,43.6203,43.9255,43.7424,44.0476,34.0965,33.9744,33.9133,33.0586,25.8547,25.9768,26.0989,25.4884,43.4982,43.9866,43.1319,43.6813,32.5702,32.7534,33.4249,33.3028,26.16,26.7094,25.3053,30.0672,44.6581,43.315,43.8034,44.1087,15.6593,15.232,30.9829,15.4762,15.3541,15.1099,38.9194,14.9878,16.0867,15.232,16.453,15.4151,35.3175,35.5006,36.0501,35.6838,97.2222,98.0769,97.2222,98.138,59.9817,59.188,60.1038,59.7375,59,59,59,59,59.6764,59.6764,59.6764,59.3712,5.7081800000000005,0.396825,0.396825,60.1648,34.1575,52.1062,31.5934,52.1062,18.2234,53.9377,2.77778,0.396825,1084.5,175.338,1431.37,0.0,1.0,1.0,1.0,1.0,0.0,0.07783949999999999,44.1346,43.9789,43.46,44.0308,0.129731,13.9364,96.3365,87.9037,90.3127,99.6376,0.0,7.983519999999999,40.679,0.0,0.0,-67.5554,97.5747,95.1803,37.7234,328.86,34.9968,295.583,287.825,43.9398,422.648,418.48800000000006,415.316,519.8330000000002,506.615,601.9590000000002,420.914,416.398,527.085,498.454,604.2330000000002,410.983,408.3130000000001,515.773,515.057,611.006,410.045,408.963,514.914,514.485,612.947,432.741,433.604,534.809,532.304,610.431,433.676,432.8130000000001,534.0930000000002,533.52,610.072,601.241,603.802,21.4042,405.244,1133.69
2020-11-22 07:23:25,96.2454,97.8938,97.6496,97.8938,73.9011,75.7326,74.6337,75.9158,34.0965,33.7912,33.4249,32.9365,15.1099,14.9267,15.7814,15.0488,15.7814,14.6215,14.9878,14.8657,49.1819,18.9988,26.0317,33.9438,90.8913,132.601,95.7753,74.0903,59,59,59,59,58.9438,59.4933,59.2491,59.6764,59,59,59,59,11.4469,11.2027,11.2637,11.8742,10.8364,11.3858,11.0195,11.2027,11.8132,12.4847,12.4237,11.8132,54.4872,56.1355,55.3419,55.5861,26.4042,25.7936,26.221,26.16,44.7802,59.0049,44.9023,43.8645,32.5702,33.3028,33.486,33.9744,28.4799,27.8083,27.6252,28.0525,43.6203,43.9255,43.7424,44.0476,34.0965,33.9744,33.9133,33.0586,25.8547,25.9768,26.0989,25.4884,43.4982,43.9866,43.1319,43.6813,32.5702,32.7534,33.4249,33.3028,26.16,26.7094,25.3053,30.0672,44.6581,43.315,43.8034,44.1087,15.6593,15.232,30.9829,15.4762,15.3541,15.1099,38.9194,14.9878,16.0867,15.232,16.453,15.4151,35.3175,35.5006,36.0501,35.6838,97.2222,98.0769,97.2222,98.138,59.9817,59.188,60.1038,59.7375,59,59,59,59,59.6764,59.6764,59.6764,59.3712,5.7081800000000005,0.396825,0.396825,60.1648,34.1575,52.1062,31.5934,52.1062,18.2234,53.9377,2.77778,0.396825,1082.12,175.338,1432.48,0.0,1.0,1.0,1.0,1.0,0.0,0.07783949999999999,44.1346,43.9789,43.46,44.0308,0.129731,13.9364,95.7656,86.4914,89.417,96.5626,0.0,7.983519999999999,44.2846,0.0,0.0,-70.7702,97.5747,95.1803,37.7234,329.452,33.7963,295.583,287.825,43.9398,422.648,418.48800000000006,416.326,520.859,506.615,601.9590000000002,420.914,416.398,527.2280000000002,498.454,604.2330000000002,410.983,408.3130000000001,515.773,515.057,611.006,410.045,408.963,514.914,514.485,612.947,432.741,433.604,534.809,532.304,610.431,433.676,432.8130000000001,534.0930000000002,533.52,610.072,601.241,603.802,21.4042,405.244,1133.01
2020-11-22 07:23:30,96.2454,97.8938,97.6496,97.8938,73.9011,75.7326,74.6337,75.9158,34.0965,33.7912,33.4249,32.9365,15.1099,14.9267,15.7814,15.0488,15.7814,14.6215,14.9878,14.8657,48.1074,19.8779,26.0317,34.823,89.8168,132.601,95.7753,74.9695,59,59,59,59,58.9438,59.4933,59.2491,59.6764,59,59,59,59,11.4469,11.2027,11.2637,11.8742,10.8364,11.3858,11.0195,11.2027,11.8132,12.4847,12.4237,11.8132,54.4872,56.1355,54.7924,55.5861,26.4042,25.7936,26.221,26.16,44.7802,59.0049,44.9023,43.8645,32.5702,33.3028,33.486,33.3639,28.4799,27.8083,27.6252,28.0525,43.6203,43.9255,43.7424,44.0476,34.0965,33.9744,33.9133,33.0586,25.8547,25.9768,26.0989,25.4884,43.4982,43.9866,43.1319,43.6813,32.5702,32.7534,33.4249,33.3028,26.16,26.4042,25.3053,30.0672,44.6581,43.315,43.8034,44.1087,15.6593,15.232,30.9829,15.4762,15.3541,15.1099,38.9194,14.9878,16.0867,15.232,16.453,15.4151,35.3175,35.5006,36.0501,35.6838,97.2222,98.0769,97.2222,98.138,59.9817,59.188,60.1038,59.7375,59,59,59,59,59.6764,59.6764,59.6764,59.3712,5.7081800000000005,0.396825,0.396825,60.1648,34.1575,52.1062,31.5934,52.1062,18.2234,53.9377,2.77778,0.396825,1083.32,175.338,1428.19,0.0,1.0,1.0,1.0,1.0,0.0,0.07783949999999999,44.1346,43.9789,43.46,44.0308,0.129731,14.6715,96.3028,89.0698,89.417,97.4838,0.0,7.983519999999999,44.1527,0.0,0.0,-74.2993,97.5747,95.1803,38.2643,327.78,34.9883,,287.825,43.9398,422.648,418.48800000000006,416.326,520.859,506.615,601.9590000000002,420.914,416.398,527.515,498.454,604.2330000000002,410.983,409.324,515.773,515.057,611.006,410.045,408.963,514.914,514.485,612.947,432.741,433.604,534.809,532.304,610.431,433.676,432.8130000000001,534.0930000000002,533.52,610.072,602.246,603.802,21.4042,405.772,1131.77
2020-11-22 07:23:35,96.2454,97.8938,97.6496,97.8938,75.2442,75.7326,74.6337,75.9158,34.0965,33.7912,33.4249,32.9365,15.1099,14.9267,15.7814,15.0488,15.7814,14.6215,14.9878,14.8657,49.0842,19.8779,26.0317,34.823,89.8168,132.601,95.7753,74.9695,59,59,59,59,58.9438,59.4933,59.2491,59.6764,59,59,59,59,11.4469,11.2027,11.2637,11.8742,10.8364,11.3858,11.0195,11.2027,11.8132,12.4847,12.4237,11.8132,54.4872,56.1355,55.7692,55.5861,26.4042,25.7936,26.221,26.16,44.7802,59.0049,44.9023,43.8645,32.5702,33.3028,33.486,33.3639,28.4799,27.8083,27.6252,28.0525,43.6203,43.9255,43.7424,44.0476,34.0965,33.9744,33.9133,33.0586,25.8547,25.9768,26.0989,25.4884,43.4982,43.9866,43.1319,43.6813,32.5702,32.7534,33.4249,33.3028,26.16,26.4042,25.3053,30.0672,44.6581,43.315,43.8034,44.1087,15.6593,15.232,30.9829,15.4762,15.3541,15.1099,38.9194,14.9878,16.0867,15.232,16.453,15.4151,35.3175,35.5006,36.0501,35.6838,97.2222,98.0769,97.2222,98.138,59.9817,59.188,60.1038,59.7375,59,59,59,59,59.6764,59.6764,59.6764,59.3712,5.7081800000000005,0.396825,0.396825,60.1648,34.1575,52.1062,31.5934,52.1062,18.2234,53.9377,2.77778,0.396825,1080.81,175.338,1436.06,0.0,1.0,1.0,1.0,1.0,0.0,0.07783949999999999,44.1346,43.9789,43.46,44.0308,0.129731,14.6715,95.6334,88.3908,88.7261,97.4788,0.0,7.983519999999999,44.1527,0.0,0.0,-27.7258,97.5747,95.1803,38.7671,326.7,34.9883,292.7390000000001,287.825,43.9398,422.648,418.48800000000006,416.326,520.859,506.615,601.9590000000002,420.914,416.398,527.658,498.454,604.2330000000002,411.99300000000005,409.324,515.773,515.057,611.006,411.055,409.973,514.914,514.485,612.947,432.741,433.604,534.809,532.304,610.431,433.676,432.8130000000001,534.0930000000002,533.52,610.072,602.246,603.802,21.4042,405.772,1131.05
2020-11-22 07:23:40,96.2454,97.8938,97.6496,97.8938,75.2442,75.7326,74.6337,75.9158,34.0965,33.7912,33.4249,32.9365,15.1099,14.9267,15.7814,14.4994,15.7814,14.6215,14.9878,14.8657,49.0842,20.757,26.0317,33.8461,90.696,131.722,95.58,75.9463,59,59,59,59,58.9438,59.4933,59.2491,59.6764,59,59,59,59,11.4469,11.2027,11.2637,11.8742,10.2869,11.3858,11.0195,11.2027,11.8132,12.4847,11.8742,11.8132,54.4872,56.1355,55.7692,55.5861,26.4042,25.7936,26.221,26.16,44.7802,59.0049,44.9023,43.8645,32.5702,33.3028,33.486,32.7534,28.4799,27.8083,27.6252,28.0525,43.6203,43.9255,43.7424,44.0476,34.0965,33.9744,33.3639,33.0586,25.8547,25.9768,26.0989,25.4884,43.8034,43.9866,43.1319,43.6813,32.5702,32.7534,33.4249,33.3028,26.16,26.4042,25.3053,30.0672,44.6581,43.315,43.8034,44.1087,15.6593,15.232,30.9829,15.4762,15.3541,15.1099,38.9194,14.9878,16.0867,15.232,16.453,15.4151,35.3175,35.5006,36.0501,35.6838,97.2222,98.0769,97.2222,98.138,59.9817,59.188,60.1038,59.7375,59,59,59,59,59.6764,59.6764,59.6764,59.3712,5.7081800000000005,0.396825,0.396825,60.1648,34.1575,52.1062,31.5934,52.1062,18.2234,53.9377,2.77778,0.396825,1080.8,175.338,1426.93,0.0,1.0,1.0,1.0,1.0,0.0,0.07783949999999999,44.1346,43.9789,43.46,44.0308,0.129731,14.6715,97.0999,87.4082,89.7812,97.9297,0.0,7.983519999999999,42.2021,0.0,0.0,-34.7591,97.5747,95.1803,38.0402,326.55,34.9883,291.721,287.825,43.9398,422.648,418.48800000000006,416.326,520.859,506.615,601.9590000000002,420.914,416.398,527.944,498.454,604.2330000000002,411.99300000000005,409.324,515.773,515.057,611.006,411.055,409.973,514.914,514.485,612.947,432.741,433.604,534.809,532.304,610.431,433.676,432.8130000000001,534.0930000000002,534.5219999999998,610.072,602.246,603.802,21.4042,405.244,1129.91
2020-11-22 07:23:45,96.2454,97.8938,97.6496,97.8938,75.2442,75.7326,74.6337,76.4652,34.0965,33.7912,33.4249,32.9365,15.1099,14.9267,15.7814,15.6593,15.7814,14.6215,14.9878,14.8657,50.1587,19.7802,25.1526,32.8694,91.7704,131.722,94.7009,75.9463,59,59,59,59,58.9438,59.4933,59.2491,59.6764,59,59,59,59,11.4469,11.2027,11.2637,11.8742,10.8364,10.2259,11.0195,11.2027,11.8132,12.4847,11.8742,11.8132,54.4872,56.1355,55.7692,55.5861,26.4042,25.7936,26.221,26.16,44.7802,59.0049,44.9023,43.8645,32.5702,33.3028,33.486,32.7534,28.4799,27.8083,27.6252,28.0525,43.6203,43.9255,43.7424,44.0476,34.0965,33.9744,33.486,33.0586,25.8547,25.9768,26.0989,25.4884,43.8034,44.536,43.1319,43.6813,32.5702,32.7534,33.4249,32.7534,26.16,25.8547,25.3053,30.0672,44.6581,43.315,43.8034,44.1087,15.6593,15.232,30.9829,15.4762,15.3541,15.1099,38.9194,14.9878,16.0867,15.232,16.453,15.4151,35.3175,35.5006,36.0501,35.6838,97.2222,98.0769,97.2222,98.138,59.9817,59.188,60.1038,59.7375,59,59,59,59,59.6764,59.6764,59.6764,59.3712,5.7081800000000005,0.396825,0.396825,60.1648,34.1575,52.1062,31.5934,52.1062,16.3309,53.9377,2.77778,0.396825,1080.8,175.338,1428.78,0.0,1.0,1.0,1.0,1.0,0.0,0.07783949999999999,44.1346,43.9789,43.46,44.0308,0.129731,15.333,96.0794,88.4398,88.4797,97.9297,0.0,7.983519999999999,43.0087,0.0,0.0,-62.3327,97.5747,95.1803,38.0402,325.547,34.9883,290.168,287.825,43.9398,422.648,418.48800000000006,416.326,520.859,506.615,601.9590000000002,421.947,416.398,528.087,498.454,604.2330000000002,411.99300000000005,409.324,515.773,515.057,611.006,411.055,409.973,514.914,514.485,612.947,432.741,433.604,534.809,532.304,610.431,433.676,432.8130000000001,534.0930000000002,534.5219999999998,610.072,602.246,603.802,21.4042,405.244,1129.4
2020-11-22 07:23:50,96.2454,97.8938,97.6496,97.8938,76.0379,75.7326,75.2442,77.0147,34.0965,33.7912,33.4249,32.9365,15.1099,14.9267,15.7814,15.6593,15.7814,14.6215,14.9878,14.8657,51.0378,19.7802,24.1758,32.8694,93.7241,131.722,94.7009,75.9463,59,59,59,59,58.9438,59.4933,59.2491,59.6764,59,59,59,59,11.4469,11.2027,11.2637,11.8742,10.8364,11.2027,11.0195,11.2027,11.8132,12.4847,11.8742,11.8132,54.4872,56.1355,55.7692,55.5861,26.4042,25.7936,26.221,26.16,44.7802,59.0049,44.9023,43.8645,32.5702,33.3028,33.486,32.7534,28.4799,27.8083,27.6252,28.0525,43.6203,43.9255,43.7424,44.0476,34.0965,33.9744,33.486,33.0586,25.8547,25.9768,26.0989,25.4884,43.8034,44.536,43.1319,43.6813,32.5702,32.7534,33.4249,32.7534,26.16,26.6484,25.3053,30.0672,44.6581,43.315,43.8034,44.1087,15.6593,15.232,30.9829,15.4762,15.3541,15.1099,38.9194,14.9878,16.0867,15.232,16.453,15.4151,35.3175,35.5006,36.0501,35.6838,97.2222,98.0769,97.2222,98.138,59.9817,59.188,60.1038,59.7375,59,59,59,59,59.6764,59.6764,59.6764,59.3712,5.7081800000000005,0.396825,0.396825,60.1648,34.1575,52.1062,31.5934,52.1062,16.3309,53.9377,2.77778,0.396825,1083.21,175.338,1435.15,0.0,1.0,1.0,1.0,1.0,0.0,0.07783949999999999,44.1346,43.9789,43.46,44.0308,0.129731,15.333,96.0794,90.0819,88.2245,97.9297,0.0,7.983519999999999,44.6457,0.0,0.0,-36.3592,97.5747,95.1803,38.5778,326.252,36.0376,289.121,287.825,44.9435,422.648,418.48800000000006,416.326,520.859,506.615,602.965,421.947,416.398,528.23,498.454,604.2330000000002,411.99300000000005,409.324,515.773,515.057,611.006,411.055,409.973,514.914,514.485,612.947,432.741,433.604,534.809,532.304,610.431,433.676,432.8130000000001,535.095,534.5219999999998,610.072,602.246,603.802,21.4042,405.772,1129.4
2020-11-22 07:23:55,96.2454,97.8938,97.6496,97.8938,76.0379,76.7705,75.2442,77.0147,34.0965,34.3407,33.4249,32.9365,15.1099,14.9267,15.7814,15.6593,15.7814,14.6215,14.9878,14.8657,52.0146,19.7802,24.1758,33.8461,92.7473,131.722,92.1612,76.1416,59,59,59,59,58.9438,59.4933,59.2491,59.6764,59,59,59,59,11.4469,11.2027,11.2637,11.8742,10.8364,11.2027,11.0195,11.2027,11.8132,12.4847,11.8742,11.8132,54.4872,56.1355,55.7692,55.5861,26.4042,25.7936,26.221,26.16,44.7802,59.0049,44.9023,43.8645,32.5702,33.3028,33.486,32.2039,28.4799,27.8083,27.6252,28.0525,43.6203,43.9255,43.7424,44.0476,34.0965,33.9744,33.486,33.0586,25.8547,25.9768,26.0989,25.4884,43.8034,44.536,43.1319,43.6813,32.5702,32.7534,33.4249,33.3028,26.16,26.6484,25.3053,30.0672,44.6581,43.315,43.8034,44.1087,15.6593,15.232,30.9829,15.4762,15.3541,15.1099,38.9194,14.9878,16.0867,15.232,16.453,15.4151,35.3175,35.5006,36.0501,35.6838,97.2222,98.0769,97.2222,98.138,59.9817,59.188,60.1038,59.7375,59,59,59,59,59.6764,59.6764,59.6764,59.3712,5.7081800000000005,0.396825,0.396825,60.1648,34.1575,52.1062,31.5934,52.1062,16.3309,53.9377,2.77778,0.396825,1088.02,175.338,1439.2,0.0,1.0,1.0,1.0,1.0,0.0,0.07783949999999999,44.1346,43.9789,43.46,44.0308,0.129731,15.333,96.7623,88.8166,89.5211,97.1443,0.0,7.983519999999999,42.9249,0.0,0.0,-40.7808,97.5747,95.1803,37.0009,327.055,35.5172,289.121,287.825,44.9435,422.648,418.48800000000006,416.326,520.859,506.615,602.965,421.947,417.407,528.5169999999998,498.454,604.2330000000002,411.99300000000005,409.324,515.773,515.057,611.006,411.055,409.973,514.914,514.485,612.947,432.741,433.604,534.809,532.304,610.431,433.676,432.8130000000001,535.095,534.5219999999998,610.072,602.246,603.802,21.4042,405.244,1129.4
2020-11-22 07:24:00,96.2454,97.8938,97.6496,97.3443,76.0379,78.602,75.2442,77.0147,34.0965,34.3407,33.4249,32.9365,15.1099,14.9267,15.7814,15.6593,15.7814,14.6215,14.9878,14.8657,52.0146,18.9011,24.1758,33.8461,91.7704,131.722,90.989,77.8999,59,59,59,59,58.9438,59.4933,59.2491,59.6764,59,59,59,59,11.4469,11.2027,11.2637,11.8742,10.8364,11.2027,11.0195,11.2027,11.8132,12.4847,11.8742,11.8132,54.4872,56.1355,55.7692,55.5861,26.4042,25.7936,26.221,26.16,44.7802,59.0049,44.9023,43.8645,32.5702,33.3028,33.486,32.2039,28.4799,27.8083,27.6252,28.0525,43.6203,43.9255,43.7424,44.0476,34.0965,33.9744,33.486,33.0586,25.8547,25.9768,26.0989,25.4884,43.8034,43.9866,43.1319,43.6813,32.5702,32.7534,33.4249,33.3028,26.16,26.6484,25.3053,30.0672,44.6581,43.315,43.8034,44.1087,15.6593,15.232,30.9829,15.4762,15.3541,15.1099,38.9194,14.9878,16.0867,15.232,16.453,15.4151,35.3175,35.5006,36.0501,35.6838,97.2222,98.0769,97.2222,98.138,59.9817,59.188,60.1038,59.7375,59,59,59,59,59.6764,59.6764,59.6764,59.3712,5.7081800000000005,0.396825,0.396825,60.1648,34.1575,52.1062,31.5934,52.1062,16.3309,53.9377,2.77778,0.396825,1092.73,175.851,1429.52,0.0,1.0,1.0,1.0,1.0,0.0,0.07783949999999999,44.1346,43.9789,43.46,44.0308,0.129731,14.7156,96.0551,87.79299999999998,88.4929,98.039,0.0,7.983519999999999,44.6649,0.0,0.0,-14.8931,97.5747,95.1803,37.0009,327.055,36.0376,287.3,287.825,44.9435,422.648,418.48800000000006,416.326,520.859,506.615,602.965,421.947,417.407,528.66,498.454,604.2330000000002,411.99300000000005,409.324,515.773,515.057,611.006,411.055,409.973,514.914,514.485,612.947,432.741,433.604,534.809,532.304,610.431,433.676,432.8130000000001,535.095,534.5219999999998,610.072,602.246,603.802,21.4042,405.772,1130.06
2020-11-22 07:24:05,96.2454,97.8938,97.6496,97.3443,76.6484,78.602,76.2821,77.0147,34.0965,34.3407,33.4249,32.9365,15.1099,14.9267,15.7814,15.6593,15.7814,14.6215,14.9878,14.8657,51.1355,18.9011,24.1758,35.3114,90.8913,132.601,90.989,77.8999,59,59,59,59,58.9438,59.4933,59.2491,59.6764,59,59,59,59,11.4469,11.2027,11.2637,11.8742,10.8364,11.2027,11.0195,11.2027,11.8132,12.4847,11.8742,11.8132,54.4872,56.1355,55.7692,55.5861,26.4042,25.7936,26.221,26.16,44.7802,59.0049,44.9023,43.8645,32.5702,33.3028,33.486,31.5934,28.4799,27.8083,27.6252,28.0525,43.6203,43.9255,43.7424,44.0476,34.0965,33.9744,33.486,33.0586,25.8547,25.9768,26.0989,25.4884,43.8034,43.9866,43.1319,43.6813,32.5702,32.7534,33.4249,33.3028,26.16,25.5495,25.3053,30.0672,44.6581,43.315,43.8034,44.1087,15.6593,15.232,30.9829,15.4762,15.3541,15.1099,38.9194,14.9878,16.0867,15.232,16.453,15.4151,35.3175,35.5006,36.0501,35.6838,97.2222,98.0769,97.2222,98.138,59.9817,59.188,60.1038,59.7375,59,59,59,59,59.6764,59.6764,59.6764,59.3712,5.7081800000000005,0.396825,0.396825,60.1648,34.1575,52.1062,31.5934,52.1062,16.3309,53.9377,2.77778,0.396825,1090.28,175.851,1435.62,0.0,1.0,1.0,1.0,1.0,0.0,0.07783949999999999,44.1346,43.9789,43.46,44.0308,0.129731,14.7156,95.0144,89.6527,88.4929,98.039,0.0,7.983519999999999,45.8797,0.0,0.0,-9.12341,97.5747,95.1803,36.3713,327.87,34.9308,283.911,287.825,44.9435,422.648,418.48800000000006,416.326,521.861,506.615,602.965,421.947,417.407,528.66,498.454,604.2330000000002,411.99300000000005,409.324,515.773,515.057,611.006,411.055,409.973,514.914,514.485,612.947,432.741,433.604,534.809,532.304,610.431,433.676,432.8130000000001,535.095,534.5219999999998,610.072,602.246,603.802,21.4042,405.244,1130.68
2020-11-22 07:24:10,96.2454,97.8938,97.6496,99.2369,76.6484,78.602,76.2821,78.3577,34.0965,34.3407,33.4249,32.9365,15.1099,14.9267,15.7814,15.6593,15.7814,14.6215,14.9878,14.8657,49.768,20.6593,24.1758,35.3114,91.7704,132.601,93.7241,77.0208,59,59,59,59,58.9438,59.4933,59.2491,59.6764,59,59,59,59,11.4469,11.2027,11.2637,11.8742,10.8364,11.2027,11.0195,11.7521,11.8132,12.4847,11.8742,11.8132,54.4872,56.1355,55.7692,55.5861,26.4042,25.7936,26.221,26.16,44.7802,59.0049,44.9023,43.8645,32.5702,33.3028,33.486,35.3175,28.4799,27.8083,27.6252,28.0525,43.6203,43.9255,43.7424,44.0476,34.0965,33.9744,33.486,33.0586,25.8547,25.9768,26.0989,25.4884,43.8034,43.9866,43.1319,43.6813,32.5702,32.7534,33.4249,33.3028,26.16,26.5873,25.3053,30.6777,44.6581,43.315,43.8034,44.1087,15.6593,15.232,30.9829,15.4762,15.3541,15.1099,38.9194,14.9878,16.0867,15.232,16.453,15.4151,35.3175,35.5006,36.0501,35.6838,97.2222,98.0769,97.2222,98.138,59.9817,59.188,60.1038,59.7375,59,59,59,59,59.6764,59.6764,59.6764,59.3712,5.7081800000000005,0.396825,0.396825,60.1648,34.1575,52.1062,31.5934,52.1062,16.3309,53.9377,2.77778,0.396825,1090.36,175.851,1433.16,0.0,1.0,1.0,1.0,1.0,0.0,0.07783949999999999,44.1346,43.9789,43.46,44.0308,0.129731,14.7156,95.0144,87.8229,89.8793,97.1623,0.0,7.983519999999999,42.5983,0.0,0.0,-32.9817,97.5747,95.1803,36.3713,326.904,34.9308,279.244,287.825,44.9435,422.648,419.497,416.326,521.861,506.615,602.965,421.947,417.407,528.803,498.454,604.2330000000002,411.99300000000005,409.324,515.773,515.057,611.006,411.055,409.973,514.914,514.485,612.947,432.741,433.604,534.809,532.304,610.431,433.676,432.8130000000001,535.095,534.5219999999998,610.072,602.246,603.802,21.4042,405.772,1131.19
2020-11-22 07:24:15,96.2454,97.8938,97.6496,98.6874,76.6484,78.602,76.2821,78.3577,34.0965,34.3407,33.4249,32.9365,15.1099,14.9267,15.7814,15.6593,15.7814,14.6215,14.9878,14.8657,49.768,20.6593,25.0549,35.3114,91.7704,133.578,93.7241,77.0208,59,59,59,59,58.9438,59.4933,59.2491,59.6764,59,59,59,59,11.4469,11.2027,11.2637,11.8742,11.4469,11.2027,11.0195,11.7521,11.8132,12.4847,11.8742,11.8132,54.4872,56.1355,55.7692,55.5861,26.4042,25.7936,26.221,26.16,44.7802,59.0049,44.9023,43.8645,32.5702,33.3028,33.486,35.3175,28.4799,28.3578,27.6252,28.0525,43.6203,43.9255,43.7424,44.0476,34.0965,33.9744,33.486,33.0586,25.8547,25.9768,26.0989,25.4884,43.8034,43.9866,43.1319,43.6813,32.5702,32.7534,33.4249,33.3028,26.16,26.5873,25.3053,30.6777,44.6581,43.315,43.8034,44.1087,15.6593,15.232,30.9829,15.4762,15.3541,15.1099,38.9194,14.9878,16.0867,15.232,16.453,15.4151,35.3175,35.5006,36.0501,35.6838,97.2222,98.0769,97.2222,98.138,59.9817,59.188,60.1038,59.7375,59,59,59,59,59.6764,59.6764,59.6764,59.3712,5.7081800000000005,0.396825,0.396825,60.1648,34.1575,52.1062,31.5934,52.1062,16.3309,53.9377,2.77778,0.396825,1090.39,175.851,1430.29,0.0,1.0,1.0,1.0,1.0,0.0,0.07783949999999999,44.1346,43.9789,43.46,44.0308,0.129731,14.7156,95.9368,89.215,88.9277,97.1547,0.0,7.983519999999999,44.7014,0.0,0.0,-27.2185,97.5747,95.1803,36.3713,325.837,34.9308,277.452,287.825,44.9435,422.648,419.497,416.326,521.861,506.615,602.965,421.947,417.407,528.946,498.454,604.2330000000002,411.99300000000005,409.324,515.773,515.057,611.006,411.055,409.973,514.914,514.485,612.947,432.741,433.604,534.809,532.304,610.431,433.676,432.8130000000001,535.095,534.5219999999998,610.072,602.246,603.802,21.4042,405.244,1131.75
2020-11-22 07:24:20,96.2454,97.8938,97.6496,98.6874,76.6484,78.602,76.2821,78.3577,34.0965,34.3407,33.4249,32.9365,15.1099,14.9267,15.7814,15.6593,15.7814,14.6215,14.9878,14.8657,49.768,20.6593,25.0549,34.4322,91.7704,133.578,93.7241,77.0208,59,59,59,59,58.9438,59.4933,59.2491,59.6764,59,59,59,59,11.4469,11.2027,11.2637,11.8742,11.4469,11.2027,11.0195,11.7521,11.8132,12.4847,11.8742,11.8132,54.4872,56.1355,55.7692,55.5861,26.4042,25.7936,26.221,26.16,44.7802,59.0049,44.9023,43.8645,32.5702,33.3028,33.486,35.3175,28.4799,28.3578,27.6252,28.0525,43.6203,43.9255,43.7424,44.0476,34.0965,33.9744,33.486,33.0586,25.8547,25.9768,26.0989,25.4884,43.8034,43.9866,43.1319,43.6813,32.5702,32.7534,33.4249,33.3028,26.16,26.5873,25.3053,30.6777,44.6581,43.315,43.8034,44.1087,15.6593,15.232,30.9829,15.4762,15.3541,15.1099,38.9194,14.9878,16.0867,15.232,16.453,15.4151,35.3175,35.5006,36.0501,35.6838,97.2222,98.0769,97.2222,98.138,59.9817,59.188,60.1038,59.7375,59,59,59,59,59.6764,59.6764,59.6764,59.3712,5.7081800000000005,0.396825,0.396825,60.1648,34.1575,52.1062,31.5934,52.1062,16.3309,53.9377,2.77778,0.396825,1091.59,175.851,1434.71,0.0,1.0,1.0,1.0,1.0,0.0,0.07783949999999999,44.1346,43.9789,43.46,44.0308,0.129731,14.7156,96.5342,89.6677,89.1124,97.1547,0.0,7.983519999999999,47.0748,0.0,0.0,-16.5726,97.5747,95.1803,35.8196,324.143,34.9308,277.452,287.825,44.9435,422.648,419.497,416.326,521.861,506.615,602.965,421.947,417.407,528.946,498.454,604.2330000000002,411.99300000000005,409.324,515.773,515.057,611.006,411.055,409.973,514.914,514.485,612.947,432.741,433.604,534.809,532.304,610.431,433.676,432.8130000000001,535.095,534.5219999999998,610.072,602.246,603.802,21.4042,405.772,1132.9
2020-11-22 07:24:25,96.8559,97.8938,97.6496,98.138,76.6484,78.602,76.2821,78.3577,34.0965,34.3407,33.4249,32.9365,15.1099,14.9267,15.7814,15.6593,15.7814,14.6215,14.9878,14.8657,49.768,20.6593,25.0549,34.4322,92.6496,133.578,92.5519,77.0208,59,59,59,59,58.9438,59.4933,59.2491,59.6764,59,59,59,59,11.4469,11.2027,11.2637,11.8742,11.4469,11.2027,11.0195,11.7521,11.8132,12.4847,11.8742,11.8132,54.4872,56.1355,55.1587,55.5861,26.4042,25.7936,26.221,26.16,44.7802,59.0049,44.9023,43.8645,32.5702,33.3028,33.486,35.3175,28.4799,28.3578,27.6252,28.0525,43.6203,43.9255,43.7424,44.0476,34.0965,33.9744,33.486,33.0586,25.8547,25.9768,26.0989,25.4884,43.8034,43.9866,43.1319,43.6813,32.5702,32.7534,33.4249,33.3028,26.16,25.7326,25.3053,30.6777,44.6581,43.315,43.8034,44.1087,15.6593,15.232,30.9829,15.4762,15.3541,15.1099,38.9194,14.9878,16.0867,15.232,16.453,15.4151,35.3175,35.5006,36.0501,35.6838,97.2222,98.0769,97.2222,98.138,59.9817,59.188,60.1038,59.7375,59,59,59,59,59.6764,59.6764,59.6764,59.3712,5.7081800000000005,0.396825,0.396825,60.1648,34.1575,52.1062,31.5934,52.1062,16.3309,53.9377,2.77778,0.396825,1089.2,175.851,1434.74,0.0,1.0,1.0,1.0,1.0,0.0,0.07783949999999999,44.1346,43.9789,43.46,44.0308,0.129731,14.7156,96.8482,89.7769,88.2028,97.8286,0.0,7.983519999999999,45.4243,0.0,0.0,-31.5237,97.5747,95.1803,37.0168,321.17,35.8008,279.262,287.825,44.9435,422.648,419.497,416.326,521.861,506.615,602.965,422.955,417.407,529.089,498.454,604.2330000000002,411.99300000000005,409.324,515.773,515.057,611.006,411.055,409.973,514.914,514.485,614.001,432.741,433.604,534.809,532.304,610.431,433.676,432.8130000000001,535.095,534.5219999999998,610.072,602.246,603.802,21.4042,405.244,1133.44
2020-11-22 07:24:30,96.8559,97.8938,97.6496,98.138,77.8693,78.602,76.2821,78.3577,34.0965,34.3407,33.4249,32.9365,15.1099,14.9267,15.7814,15.0488,15.7814,14.6215,14.9878,14.8657,49.768,20.6593,24.0781,33.1624,92.6496,133.578,93.7241,76.1416,59,59,59,59,58.9438,59.4933,59.2491,59.6764,59,59,59,59,11.4469,11.2027,11.2637,11.8742,11.4469,11.2027,11.0195,11.7521,11.8132,12.4847,11.8742,11.8132,54.4872,56.1355,55.1587,55.5861,26.4042,25.7936,26.221,26.16,44.7802,59.0049,44.3529,43.8645,32.5702,33.3028,33.486,34.707,28.4799,28.3578,27.6252,28.0525,43.6203,43.9255,43.7424,44.0476,34.0965,33.9744,33.486,33.0586,25.8547,25.9768,26.0989,25.4884,43.8034,43.9866,43.1319,43.6813,32.5702,33.3639,33.4249,33.3028,26.16,26.7094,25.3053,30.6777,44.6581,43.315,43.8034,44.1087,15.6593,15.232,30.9829,15.4762,15.3541,15.1099,38.9194,14.9878,16.0867,15.232,16.453,15.4151,35.3175,35.5006,36.0501,35.6838,97.2222,98.0769,97.2222,98.138,59.9817,59.188,60.1038,59.7375,59,59,59,59,59.6764,59.6764,59.6764,59.3712,5.7081800000000005,0.396825,0.396825,60.1648,34.1575,52.1062,31.5934,52.1062,16.3309,53.9377,2.77778,0.396825,1090.49,175.851,1439.04,0.0,1.0,1.0,1.0,1.0,0.0,0.07783949999999999,44.1346,43.9789,43.46,44.0308,0.129731,15.3918,96.0995,91.4143,87.4777,97.8286,0.0,7.983519999999999,44.368,0.0,0.0,-66.6062,97.5747,95.1803,38.8467,316.608,36.3861,279.262,287.825,44.9435,422.648,419.497,417.335,521.861,506.615,602.965,422.955,417.407,529.089,498.454,604.2330000000002,411.99300000000005,409.324,515.773,515.057,611.006,411.055,409.973,514.914,514.485,614.001,432.741,433.604,534.809,532.304,610.431,433.676,432.8130000000001,535.095,534.5219999999998,610.072,602.246,603.802,21.4042,405.772,1133.44
2020-11-22 07:24:35,96.8559,97.8938,97.6496,98.138,77.8693,78.602,76.8315,78.3577,34.0965,34.3407,33.4249,32.9365,15.1099,14.9267,15.7814,15.6593,15.7814,14.6215,14.9878,14.8657,50.7448,18.6081,23.199,31.7949,91.4774,133.48,94.7009,76.1416,59,59,59,59,58.9438,59.4933,59.2491,59.6764,59,59,59,59,11.4469,11.2027,11.2637,11.8742,11.4469,11.2027,11.0195,11.7521,11.8132,12.4847,11.8742,11.8132,54.4872,56.1355,55.1587,55.5861,26.4042,25.7936,26.221,26.16,44.7802,59.0049,43.8034,43.8645,32.5702,33.3028,33.486,33.9744,28.4799,28.3578,27.6252,28.0525,43.6203,43.9255,43.7424,44.0476,34.0965,33.9744,33.486,33.0586,25.8547,25.9768,26.0989,25.4884,43.8034,43.9866,43.1319,43.6813,32.5702,33.3639,33.4249,33.3028,26.16,26.7094,25.3053,30.6777,44.6581,43.315,43.8034,44.1087,15.6593,15.232,30.9829,15.4762,15.3541,15.1099,38.9194,14.9878,16.0867,15.232,16.453,15.4151,35.3175,35.5006,36.0501,35.6838,97.2222,98.0769,97.2222,98.138,59.9817,59.188,60.1038,59.7375,59,59,59,59,59.6764,59.6764,59.6764,59.3712,5.7081800000000005,0.396825,0.396825,60.1648,34.1575,52.1062,31.5934,52.1062,16.3309,53.9377,2.77778,0.396825,1089.31,175.851,1435.5,0.0,1.0,1.0,1.0,1.0,0.0,0.07783949999999999,44.1346,43.9789,43.46,44.0308,0.129731,16.1121,96.0995,87.1971,88.4496,97.2722,0.0,7.983519999999999,46.0071,0.0,0.0,-69.163,97.5747,95.1803,39.3846,312.8520000000001,37.0784,278.772,287.825,45.9565,422.648,419.497,417.335,521.861,505.61300000000006,602.965,422.955,418.416,529.232,498.454,604.2330000000002,411.99300000000005,409.324,515.773,515.057,611.006,411.055,409.973,514.914,514.485,614.001,432.741,433.604,534.809,532.304,610.431,433.676,432.8130000000001,535.095,534.5219999999998,610.072,602.246,603.802,21.4042,405.244,1133.44
2020-11-22 07:24:40,96.8559,97.8938,97.6496,98.138,77.8693,78.602,76.8315,78.3577,34.0965,34.3407,33.4249,33.486,15.1099,14.9267,15.7814,15.6593,15.7814,14.6215,14.9878,14.8657,49.8657,18.6081,22.2222,30.525,91.4774,131.722,94.7009,76.1416,59,59,59,59,58.9438,59.4933,59.2491,59.6764,59,59,59,59,11.4469,11.2027,11.2637,11.8742,11.4469,11.2027,11.0195,11.7521,11.8132,12.4847,11.8742,11.8132,54.4872,56.1355,55.1587,55.5861,26.4042,25.7936,26.221,26.16,44.7802,59.0049,43.8034,43.8645,32.5702,33.3028,33.486,33.9744,28.4799,28.3578,27.6252,28.0525,43.6203,43.9255,43.7424,44.0476,34.0965,33.9744,33.486,33.0586,25.8547,25.9768,26.0989,25.4884,43.8034,43.9866,43.1319,43.6813,32.5702,33.3639,33.4249,33.3028,26.16,26.7094,25.3053,30.6777,44.6581,43.315,43.8034,44.1087,15.6593,15.232,30.9829,15.4762,15.3541,15.1099,38.9194,14.9878,16.0867,15.232,16.453,15.4151,35.3175,35.5006,36.0501,35.6838,97.2222,98.0769,97.2222,98.138,59.9817,59.188,60.1038,59.7375,59,59,59,59,59.6764,59.6764,59.6764,59.3712,5.7081800000000005,0.396825,0.396825,60.1648,34.1575,52.1062,31.5934,52.1062,16.3309,53.9377,2.77778,0.396825,1089.31,175.851,1443.07,0.0,1.0,1.0,1.0,1.0,0.0,0.07783949999999999,44.1346,43.9789,43.46,44.0308,0.129731,16.1121,96.0995,87.9555,88.4496,97.2722,0.0,7.983519999999999,46.1812,0.0,0.0,-83.4431,97.5747,95.1803,38.1813,312.02,38.3794,278.256,287.825,45.9565,422.648,420.506,417.335,521.861,505.61300000000006,602.965,422.955,418.416,529.232,498.454,604.2330000000002,411.99300000000005,409.324,515.773,515.057,611.006,411.055,409.973,514.914,514.485,614.001,432.741,433.604,534.809,532.304,610.431,433.676,432.8130000000001,535.095,534.5219999999998,611.126,602.246,603.802,21.4042,405.772,1133.99
2020-11-22 07:24:45,96.8559,97.8938,97.6496,97.5885,77.8693,78.602,77.6862,78.3577,34.0965,34.3407,33.4249,33.486,15.1099,14.9267,15.7814,15.6593,15.7814,14.6215,14.9878,14.8657,47.8144,19.4872,22.2222,30.525,91.4774,131.722,94.7009,76.1416,59,59,59,59,58.9438,59.4933,59.2491,59.6764,59,59,59,59,11.4469,11.2027,11.2637,11.8742,11.4469,11.2027,11.0195,11.7521,11.8132,12.4847,11.8742,11.8132,54.4872,56.1355,54.6093,55.5861,26.4042,25.7936,26.221,26.16,44.7802,59.0049,44.6581,43.8645,32.5702,33.3028,33.486,33.9744,28.4799,28.3578,27.6252,28.0525,43.6203,43.9255,43.7424,44.0476,34.0965,33.9744,33.486,33.0586,25.8547,25.9768,26.0989,25.4884,43.8034,43.9866,43.1319,43.6813,32.5702,33.3639,33.4249,33.3028,26.16,25.5495,25.3053,30.6777,44.6581,43.315,43.8034,44.1087,15.6593,15.232,30.9829,15.4762,15.3541,15.1099,38.9194,14.9878,16.0867,15.232,16.453,15.4151,35.3175,35.5006,36.0501,35.6838,97.2222,98.0769,97.2222,98.138,59.9817,59.188,60.1038,59.7375,59,59,59,59,59.6764,59.6764,59.6764,59.3712,5.7081800000000005,0.396825,0.396825,60.1648,34.1575,52.1062,31.5934,52.1062,16.3309,53.9377,2.77778,0.396825,1091.62,175.851,1435.12,0.0,1.0,1.0,1.0,1.0,0.0,0.07783949999999999,44.1346,43.9789,43.46,44.0308,0.129731,16.1121,96.0995,91.2972,87.1499,96.5523,0.0,7.983519999999999,47.5994,0.0,0.0,-61.3529,97.5747,95.1803,37.5267,311.49,39.0493,278.256,287.825,45.9565,422.648,420.506,417.335,521.861,505.61300000000006,602.965,422.955,418.416,529.232,498.454,604.2330000000002,411.99300000000005,409.324,515.773,515.057,612.06,411.055,409.973,514.914,514.485,614.001,432.741,433.604,534.809,532.304,610.431,433.676,432.8130000000001,535.095,534.5219999999998,611.126,602.246,603.802,21.4042,405.772,1133.99
2020-11-22 07:24:50,96.8559,97.8938,97.6496,97.5885,77.8693,78.602,77.6862,78.3577,34.0965,34.3407,33.4249,33.486,15.1099,14.9267,15.7814,15.6593,15.7814,14.6215,14.9878,14.8657,47.8144,20.5617,22.2222,30.525,94.3101,129.084,93.8217,77.0208,59,59,59,59,58.9438,59.4933,59.2491,59.6764,59,59,59,59,11.4469,11.2027,11.2637,11.8742,11.4469,11.2027,11.0195,11.7521,11.8132,12.4847,11.8742,11.8132,54.4872,56.1355,56.4408,55.5861,26.4042,25.7936,26.221,26.16,44.7802,59.0049,44.6581,43.8645,32.5702,33.3028,33.486,33.4249,28.4799,28.3578,27.6252,28.0525,43.6203,43.9255,43.7424,44.0476,34.0965,33.9744,33.486,33.0586,25.8547,25.9768,26.0989,25.4884,43.8034,43.9866,43.1319,43.6813,33.2418,33.3639,33.4249,33.3028,26.16,26.7094,25.3053,30.6777,44.6581,43.315,43.8034,44.1087,15.6593,15.232,30.9829,15.4762,15.3541,15.1099,38.9194,14.9878,16.0867,15.232,16.453,15.4151,35.3175,35.5006,36.0501,35.6838,97.2222,98.0769,97.2222,98.138,59.9817,59.188,60.1038,59.7375,59,59,59,59,59.6764,59.6764,59.6764,59.3712,5.7081800000000005,0.396825,0.396825,60.1648,34.1575,52.1062,31.5934,52.1062,16.3309,53.9377,2.77778,0.396825,1088.03,175.851,1442.31,0.0,1.0,1.0,1.0,1.0,0.0,0.07783949999999999,44.1346,43.9789,43.46,44.0308,0.129731,16.1121,97.4906,86.9637,89.8444,97.2188,0.0,7.983519999999999,49.4755,0.0,0.0,-94.3519,97.5747,95.1803,37.5267,309.865,39.0493,276.969,287.825,45.9565,422.648,420.506,417.335,521.861,505.61300000000006,602.965,423.964,418.416,529.375,498.454,604.2330000000002,411.99300000000005,409.324,515.773,515.057,612.06,411.055,409.973,514.914,514.485,614.001,432.741,433.604,534.809,532.304,610.431,433.676,432.8130000000001,535.095,534.5219999999998,611.126,602.246,603.802,21.4042,405.244,1133.99
2020-11-22 07:24:55,96.8559,97.8938,97.6496,97.5885,77.8693,78.602,77.6862,79.7009,34.0965,34.3407,32.8755,33.486,15.1099,14.9267,15.7814,15.6593,15.7814,14.6215,14.9878,14.8657,47.8144,20.5617,22.2222,31.4041,93.2356,129.084,93.8217,77.0208,59,59,59,59,58.9438,59.4933,59.2491,59.6764,59,59,59,59,11.4469,11.2027,11.2637,11.8742,11.4469,11.2027,11.0195,11.7521,11.8132,12.4847,11.8742,11.8132,54.4872,56.1355,56.4408,55.5861,26.4042,25.7936,26.221,26.16,44.7802,59.0049,44.6581,43.8645,32.5702,33.3028,33.486,33.4249,28.4799,28.3578,27.6252,28.0525,43.6203,43.9255,43.7424,44.0476,34.0965,33.9744,33.486,33.0586,25.8547,25.9768,26.0989,25.4884,43.8034,43.9866,43.1319,43.6813,33.2418,33.3639,33.4249,33.3028,26.16,26.7094,25.3053,30.6777,44.6581,43.315,43.8034,44.1087,15.6593,15.232,30.9829,15.4762,15.3541,15.1099,38.9194,14.9878,16.0867,15.232,16.453,15.4151,35.3175,35.5006,36.0501,35.6838,97.2222,98.0769,97.2222,98.138,59.9817,59.188,60.1038,59.7375,59,59,59,59,59.6764,59.6764,59.6764,59.3712,5.7081800000000005,0.396825,0.396825,60.1648,34.1575,52.1062,31.5934,52.1062,16.3309,54.8535,2.77778,0.396825,1088.03,175.851,1445.14,0.0,1.0,1.0,1.0,1.0,0.0,0.07783949999999999,44.1346,43.9789,43.46,44.0308,0.129731,16.1121,95.8417,87.5367,88.5001,97.1058,0.0,7.983519999999999,49.2637,0.0,0.0,-75.6819,97.5747,95.1803,36.9648,308.541,38.8264,274.908,287.825,45.9565,422.648,420.506,417.335,522.863,505.61300000000006,602.965,423.964,418.416,529.518,498.454,604.2330000000002,411.99300000000005,409.324,515.773,515.057,612.06,411.055,409.973,514.914,514.485,614.001,432.741,433.604,534.809,532.304,610.431,433.676,432.8130000000001,535.095,534.5219999999998,611.126,602.246,603.802,21.4042,405.772,1134.51
2020-11-22 07:25:00,96.8559,97.8938,97.6496,97.5885,78.663,78.602,77.6862,79.7009,34.0965,34.3407,32.8755,33.486,15.1099,14.9267,15.7814,15.6593,15.7814,14.6215,14.9878,14.8657,47.8144,20.5617,22.2222,32.381,93.2356,130.159,94.7009,77.0208,59,59,59,59,58.9438,59.4933,59.2491,59.6764,59,59,59,59,11.4469,11.2027,11.2637,11.8742,11.4469,11.2027,11.0195,11.7521,11.8132,12.4847,11.8742,11.8132,54.4872,56.1355,56.4408,55.5861,26.4042,25.7936,26.221,26.16,44.7802,59.0049,44.6581,43.8645,32.5702,33.3028,33.486,32.8144,28.4799,28.3578,27.6252,28.0525,43.6203,43.9255,43.7424,44.0476,34.0965,33.9744,33.486,33.0586,25.8547,25.9768,26.0989,25.4884,43.8034,43.9866,43.1319,43.6813,33.2418,33.3639,33.4249,33.3028,26.16,26.7094,25.3053,30.6777,44.6581,43.315,43.8034,44.1087,15.6593,15.232,30.9829,15.4762,15.3541,15.1099,38.9194,14.9878,16.0867,15.232,16.453,15.4151,35.3175,35.5006,36.0501,35.6838,97.2222,98.0769,97.2222,98.138,59.9817,59.188,60.1038,59.7375,59,59,59,59,59.6764,59.6764,59.6764,59.3712,5.7081800000000005,0.396825,0.396825,60.1648,34.1575,52.1062,31.5934,52.1062,16.3309,54.8535,2.77778,0.396825,1090.59,175.851,1444.14,0.0,1.0,1.0,1.0,1.0,0.0,0.07783949999999999,44.1346,43.9789,43.46,44.0308,0.129731,16.1121,95.8417,89.31200000000003,88.4168,98.5028,0.0,7.983519999999999,45.2472,0.0,0.0,-80.9122,97.5747,95.1803,37.4898,307.481,38.1192,275.933,287.825,45.9565,422.648,420.506,417.335,522.863,505.61300000000006,602.965,423.964,418.416,529.6619999999998,498.454,604.2330000000002,411.99300000000005,409.324,515.773,515.057,612.06,411.055,409.973,514.914,514.485,614.001,432.741,433.604,534.809,532.304,610.431,433.676,432.8130000000001,535.095,534.5219999999998,611.126,602.246,603.802,21.4042,405.244,1134.51
2020-11-22 07:25:05,96.8559,97.8938,97.6496,97.5885,78.663,80.0672,77.6862,79.7009,34.0965,34.3407,32.8755,33.486,15.1099,14.9267,15.7814,15.6593,15.7814,14.6215,14.9878,14.8657,47.8144,20.5617,22.2222,33.2601,94.1148,130.159,94.7009,75.7509,59,59,59,59,58.9438,59.4933,59.2491,59.6764,59,59,59,59,11.4469,11.2027,11.2637,11.8742,11.4469,11.2027,11.0195,11.7521,11.8132,12.4847,12.4237,11.8132,54.4872,56.1355,56.4408,55.5861,26.4042,25.7936,26.221,26.16,44.7802,59.0049,44.6581,43.8645,32.5702,33.3028,33.486,32.8144,28.4799,28.3578,27.6252,28.0525,43.6203,43.9255,43.7424,44.0476,34.0965,33.9744,33.486,33.0586,25.8547,25.9768,26.0989,25.4884,43.8034,43.9866,43.1319,43.6813,33.2418,33.3639,33.4249,33.3028,26.16,25.7326,25.3053,30.6777,44.6581,43.315,43.8034,44.1087,15.6593,15.232,30.9829,15.4762,15.3541,15.1099,38.9194,14.9878,16.0867,15.232,16.453,15.4151,35.3175,35.5006,36.0501,35.6838,97.2222,98.0769,97.2222,98.138,59.9817,59.188,60.1038,59.7375,59,59,59,59,59.6764,59.6764,59.6764,59.3712,5.7081800000000005,0.396825,0.396825,60.1648,34.1575,52.1062,31.5934,52.1062,14.4383,54.8535,2.77778,0.396825,1088.12,175.851,1436.49,0.0,1.0,1.0,1.0,1.0,0.0,0.07783949999999999,44.1346,43.9789,43.46,44.0308,0.129731,15.4359,96.7181,88.5626,87.1105,98.5916,0.0,7.88461,48.1466,0.0,0.0,-63.2116,97.5747,95.1803,37.4898,309.201,38.1192,278.235,287.825,45.9565,422.648,420.506,418.344,522.863,505.61300000000006,602.965,423.964,418.416,529.6619999999998,498.454,604.2330000000002,411.99300000000005,409.324,515.773,515.057,612.06,411.055,409.973,514.914,514.485,614.001,432.741,433.604,534.809,532.304,610.431,433.676,432.8130000000001,535.095,534.5219999999998,611.126,602.246,603.802,21.4042,404.715,1134.51
2020-11-22 07:25:10,96.8559,97.8938,97.6496,97.5885,78.663,80.0672,78.2357,79.7009,34.0965,34.3407,33.486,33.486,15.1099,14.9267,15.7814,15.6593,15.7814,14.6215,14.9878,14.8657,48.6935,20.5617,22.2222,34.2369,95.0916,131.136,93.8217,76.7277,59,59,59,59,58.9438,59.4933,59.2491,59.6764,59,59,59,59,11.4469,11.2027,11.2637,11.8742,11.4469,11.2027,11.0195,11.7521,11.8132,12.4847,12.4237,11.8132,54.4872,56.1355,56.4408,55.5861,26.4042,25.7936,25.6716,26.16,44.7802,59.0049,44.6581,43.8645,32.5702,33.3028,33.486,32.8144,28.4799,28.3578,27.6252,28.0525,43.6203,43.9255,43.7424,44.0476,34.0965,33.9744,33.486,33.0586,25.8547,25.9768,26.0989,25.4884,43.8034,43.9866,43.1319,43.6813,33.2418,33.3639,33.4249,33.3028,26.16,26.7705,25.3053,30.6777,44.6581,43.315,43.8034,44.1087,15.6593,15.232,30.9829,15.4762,15.3541,15.1099,38.9194,14.9878,16.0867,15.232,16.453,15.4151,35.3175,35.5006,36.0501,35.6838,97.2222,98.0769,97.2222,98.138,59.9817,59.188,60.1038,59.7375,59,59,59,59,59.6764,59.6764,59.6764,59.3712,5.7081800000000005,0.396825,0.396825,60.1648,34.1575,52.1062,31.5934,52.1062,14.4383,54.8535,2.77778,0.396825,1090.44,175.851,1439.98,0.0,1.0,1.0,1.0,1.0,0.0,0.07783949999999999,44.1346,43.9789,43.46,44.0308,0.129731,14.8185,95.8398,87.4405,88.4304,97.9648,0.0,7.88461,45.8797,0.0,0.0,-63.5051,97.5747,95.1803,37.4898,310.332,38.8264,280.026,287.825,46.9672,422.648,421.515,418.344,522.863,505.61300000000006,602.965,423.964,419.425,529.805,498.454,604.2330000000002,411.99300000000005,409.324,515.773,515.057,612.06,411.055,409.973,514.914,514.485,614.001,432.741,433.604,534.809,532.304,610.431,433.676,432.8130000000001,535.095,534.5219999999998,611.126,602.246,603.802,21.4042,405.244,1135.06
2020-11-22 07:25:15,96.8559,97.8938,97.6496,97.5885,78.663,80.0672,78.2357,80.4335,34.0965,34.3407,33.486,33.486,15.1099,14.9267,15.7814,15.6593,15.7814,14.6215,14.9878,14.8657,49.768,20.5617,23.5897,33.3578,95.0916,130.061,94.8962,75.5556,59,59,59,59,58.9438,59.4933,59.2491,59.6764,59,59,59,59,11.4469,11.2027,11.2637,11.8742,10.8974,11.2027,11.0195,11.7521,11.8132,12.4847,12.4237,11.8132,54.4872,56.1355,56.4408,55.5861,26.4042,25.7936,27.0757,26.16,44.7802,59.0049,44.6581,43.8645,32.5702,33.3028,33.486,31.8376,28.4799,28.3578,27.6252,28.0525,43.6203,43.9255,43.7424,44.0476,34.0965,33.9744,33.486,33.0586,25.8547,25.9768,26.0989,25.4884,43.8034,43.9866,43.1319,43.6813,33.2418,33.3639,33.4249,33.3028,26.16,26.7705,25.3053,30.6777,44.6581,43.315,43.8034,44.1087,15.6593,15.232,30.9829,15.4762,15.3541,15.1099,38.9194,14.9878,16.0867,15.232,16.453,15.4151,35.3175,35.5006,36.0501,35.6838,97.2222,98.0769,97.2222,98.138,59.9817,59.188,60.1038,59.7375,59,59,59,59,59.6764,59.6764,59.6764,59.3712,5.7081800000000005,0.396825,0.396825,60.1648,34.1575,52.1062,31.5934,52.1062,14.4383,54.8535,2.77778,0.396825,1090.45,175.851,1447.5,0.0,1.0,1.0,1.0,1.0,0.0,0.07783949999999999,44.1346,43.9789,43.46,44.0308,0.129731,14.8185,96.3352,91.9079,89.0476,97.9648,0.0,8.00549,48.3517,0.0,0.0,-58.8352,97.5747,95.1803,38.219,307.339,38.8264,280.54200000000003,287.825,46.9672,422.648,421.515,418.344,522.863,505.61300000000006,602.965,423.964,419.425,529.948,498.454,604.2330000000002,411.99300000000005,409.324,515.773,515.057,612.06,411.055,409.973,514.914,514.485,614.001,432.741,433.604,534.809,532.304,610.431,433.676,432.8130000000001,535.095,534.5219999999998,611.126,602.246,603.802,21.4042,404.186,1135.58
2020-11-22 07:25:20,96.8559,97.8938,97.6496,97.0391,79.6398,80.0672,78.2357,80.4335,34.0965,34.3407,33.486,33.486,15.1099,14.9267,15.7814,15.6593,15.7814,14.6215,14.9878,14.8657,49.768,20.5617,23.5897,33.3578,94.9939,131.03799999999998,94.8962,75.5556,59,59,59,59,58.9438,59.4933,59.2491,59.6764,59,59,59,59,11.4469,11.2027,11.2637,11.8742,10.8974,11.2027,11.0195,11.7521,11.8132,12.4847,12.4237,11.8132,54.4872,56.1355,56.4408,55.5861,26.4042,25.7936,27.0757,26.16,44.7802,59.0049,44.6581,43.8645,32.5702,33.3028,33.486,31.8376,28.4799,27.8083,27.6252,28.0525,43.6203,43.9255,43.7424,44.0476,34.0965,33.9744,33.486,33.0586,25.8547,25.9768,26.0989,25.4884,43.8034,43.9866,43.1319,43.6813,33.2418,33.3639,33.4249,33.3028,26.16,26.7705,25.3053,30.6777,44.6581,43.315,43.8034,44.1087,15.6593,15.232,30.9829,15.4762,15.3541,15.1099,38.9194,14.9878,16.0867,15.232,16.453,15.4151,35.3175,35.5006,36.0501,35.6838,97.2222,98.0769,97.2222,98.138,59.9817,59.188,60.1038,59.7375,59,59,59,59,59.6764,59.6764,59.6764,59.3712,5.7081800000000005,0.396825,0.396825,60.1648,34.1575,52.1062,31.5934,52.1062,14.4383,54.8535,2.77778,0.396825,1088.14,175.851,1440.37,0.0,1.0,1.0,1.0,1.0,0.0,0.07783949999999999,44.1346,43.9789,43.46,44.0308,0.129731,14.8185,97.463,88.1196,89.0476,97.2282,0.0,8.00549,49.1849,0.0,0.0,-17.5869,97.5747,95.1803,38.219,306.126,40.6827,280.54200000000003,287.825,46.9672,422.648,421.515,418.344,522.863,505.61300000000006,602.965,424.972,419.425,530.091,498.454,604.2330000000002,411.99300000000005,409.324,515.773,515.057,612.06,411.055,409.973,514.914,514.485,614.001,432.741,433.604,534.809,532.304,610.431,433.676,432.8130000000001,535.095,534.5219999999998,611.126,602.246,603.802,21.4042,404.715,1135.58
2020-11-22 07:25:25,96.8559,97.8938,97.6496,97.0391,79.6398,80.0672,78.2357,80.4335,34.0965,34.3407,33.486,33.486,15.1099,14.9267,15.7814,14.4994,15.7814,14.6215,14.9878,14.8657,49.768,20.5617,23.5897,33.3578,96.0684,131.917,96.0684,75.5556,59,59,59,59,58.9438,59.4933,59.2491,59.6764,59,59,59,59,11.4469,11.2027,11.2637,11.8742,10.8974,11.2027,11.0195,11.7521,11.8132,12.4847,12.4237,11.8132,55.0366,56.1355,56.4408,55.5861,26.4042,25.7936,27.0757,26.16,44.7802,59.5543,44.6581,43.8645,32.5702,33.3028,33.486,31.2882,28.4799,28.3578,27.6252,28.0525,43.6203,43.9255,43.7424,44.0476,34.0965,33.9744,32.9365,33.0586,25.8547,25.9768,26.0989,25.4884,43.8034,43.9866,43.1319,43.6813,33.2418,33.3639,33.4249,33.3028,26.16,26.5873,25.3053,30.6777,44.6581,43.315,43.8034,44.1087,15.6593,15.232,30.9829,15.4762,15.3541,15.1099,38.9194,14.9878,16.0867,15.232,16.453,15.4151,35.3175,35.5006,36.0501,35.6838,97.2222,98.0769,97.2222,98.138,59.9817,59.188,60.1038,59.7375,59,59,59,59,59.6764,59.6764,59.6764,59.3712,5.7081800000000005,0.396825,0.396825,60.1648,34.1575,52.1062,31.5934,52.1062,14.4383,54.8535,2.77778,0.396825,1088.14,175.851,1447.28,0.0,1.0,1.0,1.0,1.0,0.0,0.07783949999999999,44.1346,43.9789,43.46,44.0308,0.129731,14.8185,96.8197,88.9531,88.1652,97.8396,0.0,8.00549,46.9684,0.0,0.0,-51.2316,97.5747,95.1803,37.675,306.068,40.6827,279.019,287.825,46.9672,422.648,421.515,418.344,523.865,505.61300000000006,602.965,424.972,419.425,530.234,498.454,604.2330000000002,411.99300000000005,409.324,515.773,515.057,612.06,411.055,409.973,514.914,514.485,614.001,432.741,433.604,534.809,532.304,610.431,433.676,432.8130000000001,535.095,534.5219999999998,611.126,602.246,603.802,21.4042,404.715,1135.58
2020-11-22 07:25:30,96.8559,97.8938,97.6496,99.4811,79.6398,80.0672,78.7851,80.4335,34.0965,34.3407,33.486,33.486,15.1099,14.9267,15.7814,15.293,15.7814,14.6215,14.9878,14.8657,50.7448,21.4408,24.8596,33.3578,95.0916,132.796,96.0684,76.5323,59,59,59,59,58.9438,59.4933,59.2491,59.6764,59,59,59,59,11.4469,11.2027,11.2637,11.8742,10.8974,11.2027,11.0195,11.2027,11.8132,12.4847,12.4237,11.8132,55.0366,56.1355,56.4408,55.5861,26.4042,25.7936,27.0757,26.16,44.7802,59.5543,44.6581,43.8645,32.5702,33.3028,33.486,35.3785,28.4799,28.3578,27.6252,28.0525,43.6203,43.9255,43.7424,44.0476,34.0965,33.9744,32.9365,33.0586,25.8547,25.9768,26.0989,25.4884,43.8034,43.9866,43.6813,43.6813,33.2418,33.3639,33.4249,33.3028,26.16,26.5873,25.3053,30.6777,44.6581,43.315,43.8034,44.1087,15.6593,15.232,30.9829,15.4762,15.3541,15.1099,38.9194,14.9878,16.0867,15.232,16.453,15.4151,35.3175,35.5006,36.0501,35.6838,97.2222,98.0769,97.2222,98.138,59.9817,59.188,60.1038,59.7375,59,59,59,59,59.6764,59.6764,59.6764,59.3712,5.7081800000000005,0.396825,0.396825,60.1648,34.1575,52.1062,31.5934,52.1062,14.4383,54.8535,2.77778,0.396825,1090.45,175.851,1439.77,0.0,1.0,1.0,1.0,1.0,0.0,0.07783949999999999,44.1346,43.9789,43.46,44.0308,0.129731,15.4212,96.1666,88.0521,87.1553,97.8396,0.0,8.00549,49.0543,0.0,0.0,-65.5211,97.5747,95.1803,36.0655,309.899,40.8938,277.725,287.825,46.9672,422.648,421.515,418.344,523.865,505.61300000000006,602.965,424.972,419.425,530.377,498.454,604.2330000000002,411.99300000000005,409.324,515.773,515.057,612.06,411.055,409.973,514.914,514.485,614.001,432.741,433.604,534.809,532.304,611.485,433.676,432.8130000000001,535.095,534.5219999999998,611.126,602.246,603.802,21.4042,405.244,1135.58
2020-11-22 07:25:35,96.8559,97.8938,97.6496,98.7485,79.6398,80.0672,78.7851,80.4335,34.0965,34.3407,33.486,33.486,15.1099,14.9267,15.7814,15.293,15.7814,14.6215,14.9878,14.8657,50.7448,21.4408,26.6178,33.3578,96.0684,133.968,96.0684,76.5323,59,59,59,59,58.9438,59.4933,59.2491,59.6764,59,59,59,59,11.4469,11.2027,11.2637,11.8742,10.8974,11.2027,11.0195,11.2027,11.8132,12.4847,11.8742,11.8132,55.0366,56.1355,56.4408,55.5861,26.4042,25.7936,27.0757,26.16,44.7802,59.5543,44.6581,43.8645,32.5702,33.3028,33.486,35.3785,28.4799,28.3578,27.6252,28.0525,43.6203,43.9255,43.7424,44.0476,34.0965,33.9744,33.8523,33.0586,25.8547,25.9768,26.0989,25.4884,43.8034,43.9866,43.6813,43.6813,33.2418,33.3639,33.4249,33.3028,26.16,26.5873,25.3053,30.6777,44.6581,43.315,43.8034,44.1087,15.6593,15.232,30.9829,15.4762,15.3541,15.1099,38.9194,14.9878,16.0867,15.232,16.453,15.4151,35.3175,35.5006,36.0501,35.6838,97.2222,98.0769,97.2222,98.138,59.9817,59.188,60.1038,59.7375,59,59,59,59,59.6764,59.6764,59.6764,59.3712,5.7081800000000005,0.396825,0.396825,60.1648,35.4396,52.1062,31.5934,52.1062,14.4383,54.8535,2.77778,0.396825,1088.06,175.851,1446.32,0.0,1.0,1.0,1.0,1.0,0.0,0.07783949999999999,44.1346,43.9789,43.46,44.0308,0.129731,15.4212,96.1666,88.306,87.7687,98.5507,0.0,8.00549,48.1641,0.0,0.0,-70.9353,97.5747,95.1803,33.364000000000004,315.968,42.0264,277.725,287.825,47.9756,422.648,422.523,419.353,523.865,505.61300000000006,602.965,424.972,419.425,530.52,498.454,604.2330000000002,411.99300000000005,409.324,515.773,515.057,612.06,411.055,409.973,514.914,513.4590000000002,614.001,432.741,433.604,534.809,532.304,611.485,433.676,432.8130000000001,535.095,534.5219999999998,611.126,602.246,603.802,21.4042,405.244,1136.12
2020-11-22 07:25:40,96.8559,97.8938,97.6496,98.7485,79.6398,80.0672,78.7851,80.4335,34.0965,35.3175,33.486,34.0965,15.1099,14.9267,15.7814,15.293,15.7814,14.6215,14.9878,14.8657,50.7448,21.4408,26.6178,33.3578,96.0684,132.69799999999998,94.8962,77.8022,59,59,59,59,58.9438,59.4933,59.2491,59.6764,59,59,59,59,11.4469,11.2027,11.2637,11.8742,10.8974,11.7521,11.0195,11.2027,11.8132,12.4847,11.8742,11.8132,55.0366,56.1355,56.4408,55.5861,26.4042,25.7936,27.0757,26.16,44.7802,59.5543,44.6581,43.8645,32.5702,33.3028,33.486,35.3785,28.4799,28.3578,27.6252,28.0525,43.6203,43.9255,43.7424,44.0476,34.0965,33.9744,33.8523,33.0586,25.8547,25.9768,26.0989,25.4884,43.8034,43.9866,43.6813,43.6813,33.2418,33.3639,33.4249,33.3028,26.16,25.4274,25.3053,30.6777,44.6581,43.315,43.8034,44.1087,15.6593,15.232,30.9829,15.4762,15.3541,15.1099,38.9194,14.9878,16.0867,15.232,16.453,15.4151,35.3175,35.5006,36.0501,35.6838,97.2222,98.0769,97.2222,98.138,59.9817,59.188,60.1038,59.7375,59,59,59,59,59.6764,59.6764,59.6764,59.3712,5.7081800000000005,0.396825,0.396825,60.1648,35.4396,52.1062,31.5934,52.6557,14.4383,54.8535,2.77778,0.396825,1086.86,175.851,1447.54,0.0,1.0,1.0,1.0,1.0,0.0,0.07783949999999999,44.1346,43.9789,43.46,44.0308,0.129731,15.4212,96.1304,89.2031,89.0458,98.5507,0.0,8.00549,50.4026,0.0,0.0,-56.1078,97.5747,95.1803,33.1915,315.701,42.0264,277.725,287.825,47.9756,422.648,422.523,419.353,523.865,505.61300000000006,602.965,424.972,420.434,530.663,498.454,604.2330000000002,411.99300000000005,409.324,515.773,515.057,612.06,411.055,409.973,514.914,513.4590000000002,614.001,432.741,433.604,534.809,532.304,611.485,433.676,432.8130000000001,535.095,534.5219999999998,611.126,602.246,603.802,21.4042,405.772,1136.12
2020-11-22 07:25:45,96.8559,97.8938,97.6496,98.7485,79.6398,80.0672,78.7851,80.4335,35.1954,34.6459,34.2186,34.6459,15.1099,14.9267,15.7814,15.293,15.7814,14.6215,14.9878,14.8657,49.768,21.4408,26.6178,33.3578,94.3101,131.819,95.9707,77.8022,59,59,59,59,58.9438,59.4933,59.2491,59.6764,59,59,59,59,11.4469,11.2027,11.2637,11.8742,9.79854,11.7521,11.0195,11.2027,11.8132,12.4847,11.8742,11.8132,55.0366,56.1355,56.4408,55.5861,26.4042,25.7936,27.0757,26.16,44.7802,59.5543,44.6581,43.8645,32.5702,33.3028,33.486,35.3785,28.4799,28.3578,27.6252,28.0525,43.6203,43.9255,43.7424,44.0476,34.0965,33.9744,33.8523,33.0586,25.8547,25.9768,26.0989,25.4884,43.8034,43.9866,43.6813,43.6813,33.2418,33.3639,33.4249,33.3028,26.16,26.4652,25.3053,30.6777,44.6581,43.315,43.8034,44.1087,15.6593,15.232,30.9829,15.4762,15.3541,15.1099,38.9194,14.9878,16.0867,15.232,16.453,15.4151,35.3175,35.5006,36.0501,35.6838,97.2222,98.0769,97.2222,98.138,59.9817,59.188,60.1038,59.7375,59,59,59,59,59.6764,59.6764,59.6764,59.3712,5.7081800000000005,0.396825,0.396825,60.1648,35.4396,52.1062,31.5934,52.6557,14.4383,54.8535,2.77778,0.396825,1090.54,176.368,1451.59,0.0,1.0,1.0,1.0,1.0,0.0,0.07783949999999999,44.1346,43.9789,43.46,44.0308,0.129731,14.8185,96.645,90.7066,89.8341,98.5507,0.0,7.90659,49.8674,0.0,0.0,-65.2256,97.5747,95.1803,35.186,311.86,42.6383,277.222,287.825,47.9756,422.648,422.523,419.353,523.865,505.61300000000006,602.965,424.972,420.434,530.807,498.454,604.2330000000002,411.99300000000005,409.324,515.773,515.057,612.06,411.055,409.973,514.914,513.4590000000002,614.001,432.741,433.604,534.809,532.304,611.485,433.676,432.8130000000001,535.095,534.5219999999998,611.126,602.246,603.802,21.4042,405.772,1136.12
2020-11-22 07:25:50,96.8559,97.8938,97.6496,98.7485,79.6398,80.0672,78.7851,80.4335,35.1954,34.6459,34.2186,34.6459,15.1099,14.9267,15.7814,15.293,15.7814,14.6215,14.9878,14.8657,48.6935,21.4408,27.6923,34.3346,93.3333,132.69799999999998,96.9475,76.9231,59,59,59,59,58.9438,59.4933,59.2491,59.6764,59,59,59,59,11.4469,11.2027,11.2637,11.8742,10.7143,10.1648,11.0195,11.2027,11.8132,12.4847,12.4237,11.8132,55.0366,56.1355,56.4408,55.5861,26.4042,25.7936,27.0757,26.16,44.7802,59.5543,44.6581,43.8645,32.5702,33.3028,33.486,34.707,28.4799,28.3578,27.6252,28.0525,43.6203,43.9255,43.7424,44.0476,34.0965,33.9744,33.8523,33.0586,25.8547,25.9768,26.0989,25.4884,43.8034,43.9866,43.6813,43.6813,33.2418,33.3639,33.4249,33.3028,26.16,26.4652,25.3053,30.6777,44.6581,43.315,43.8034,44.1087,15.6593,15.232,30.9829,15.4762,15.3541,15.1099,38.9194,14.9878,16.0867,15.232,16.453,15.4151,35.3175,35.5006,36.0501,35.6838,97.2222,98.0769,97.2222,98.138,59.9817,59.188,60.1038,59.7375,59,59,59,59,59.6764,59.6764,59.6764,59.3712,5.7081800000000005,0.396825,0.396825,60.1648,35.4396,52.1062,31.5934,52.6557,14.4383,54.8535,2.77778,0.396825,1094.04,176.368,1444.97,0.0,1.0,1.0,1.0,1.0,0.0,0.07783949999999999,44.1346,43.9789,43.46,44.0308,0.129731,14.1863,95.7552,87.0129,90.2119,98.5507,0.0,7.90659,53.0191,0.0,0.0,-63.81800000000001,97.5747,95.1803,35.8545,310.762,41.2553,278.248,287.825,47.9756,422.648,422.523,419.353,523.865,505.61300000000006,602.965,426.028,420.434,531.069,498.454,604.2330000000002,411.99300000000005,409.324,515.773,515.057,612.06,411.055,409.973,514.914,513.4590000000002,614.001,432.741,433.604,534.809,532.304,611.485,433.676,432.8130000000001,535.095,534.5219999999998,611.126,602.246,603.802,21.4042,405.772,1136.67
2020-11-22 07:25:55,96.8559,97.8938,97.6496,98.7485,79.6398,80.0672,78.7851,80.4335,35.1954,35.5617,34.2186,34.6459,15.1099,14.9267,15.7814,15.293,15.7814,14.6215,14.9878,14.8657,48.6935,21.4408,27.6923,32.2833,93.3333,133.675,95.7753,76.044,59,59,59,59,58.9438,59.4933,59.2491,59.6764,59,59,59,59,11.4469,11.2027,11.2637,11.8742,10.7143,10.1648,11.0195,11.2027,11.8132,12.4847,12.4237,11.8132,55.0366,56.1355,55.8913,55.5861,26.4042,25.7936,27.0757,26.16,44.7802,59.5543,44.6581,43.8645,32.5702,33.3028,33.486,34.0965,28.4799,28.3578,27.6252,28.0525,43.6203,43.9255,43.7424,44.0476,34.0965,33.9744,33.8523,33.0586,25.8547,25.9768,26.0989,25.4884,43.8034,43.9866,43.6813,43.6813,33.2418,33.3639,33.4249,33.3028,26.16,26.4652,25.3053,30.6777,44.6581,43.315,43.8034,44.1087,15.6593,15.232,30.9829,15.4762,15.3541,15.1099,38.9194,14.9878,16.0867,15.232,16.453,15.4151,35.3175,35.5006,36.0501,35.6838,97.2222,98.0769,97.2222,98.138,59.9817,59.188,60.1038,59.7375,59,59,59,59,59.6764,59.6764,59.6764,59.3712,5.7081800000000005,0.396825,0.396825,60.1648,35.4396,52.1062,31.5934,52.6557,14.4383,54.8535,2.77778,0.396825,1094.12,176.368,1450.14,0.0,1.0,1.0,1.0,1.0,0.0,0.07783949999999999,44.1346,43.9789,43.46,44.0308,0.129731,14.1863,94.7865,88.7008,89.6022,98.5507,0.0,7.90659,49.8634,0.0,0.0,-69.0491,97.5747,95.1803,36.4823,310.197,42.3425,280.043,287.825,47.9756,422.648,422.523,419.353,523.865,505.61300000000006,602.965,426.028,420.434,531.212,498.454,604.2330000000002,411.99300000000005,409.324,515.773,515.057,612.06,411.055,409.973,514.914,513.4590000000002,614.001,432.741,433.604,534.809,532.304,611.485,433.676,432.8130000000001,535.095,534.5219999999998,611.126,602.246,603.802,21.4042,405.244,1138.12
2020-11-22 07:26:00,96.8559,97.8938,97.6496,98.199,79.6398,80.0672,79.3346,80.4335,35.1954,35.5617,34.2186,35.3785,15.1099,14.9267,15.7814,15.293,15.7814,14.6215,14.9878,14.8657,48.6935,20.464,27.6923,32.2833,92.4542,133.675,95.7753,76.044,59,59,59,59,58.9438,59.4933,59.2491,59.6764,59,59,59,59,11.4469,11.2027,11.2637,11.8742,10.7143,11.6911,11.0195,11.2027,11.8132,12.4847,12.4237,11.8132,55.0366,56.1355,55.8913,55.5861,26.4042,25.7936,27.0757,26.16,44.7802,59.5543,44.6581,43.8645,32.5702,33.3028,33.486,34.0965,28.4799,28.3578,27.6252,28.0525,43.6203,43.9255,43.7424,44.0476,34.0965,33.9744,33.8523,33.0586,25.8547,25.9768,26.0989,25.4884,43.8034,43.9866,43.6813,43.6813,33.2418,33.3639,33.4249,33.3028,26.16,25.5495,25.3053,30.6777,44.6581,43.315,43.8034,44.1087,15.6593,15.232,30.9829,15.4762,14.8046,15.1099,38.9194,14.9878,16.0867,15.232,16.453,15.4151,35.3175,35.5006,36.0501,35.6838,97.2222,98.0769,97.2222,98.138,59.9817,59.188,60.1038,59.7375,59,59,59,59,59.6764,59.6764,59.6764,59.3712,5.7081800000000005,0.396825,0.396825,60.1648,35.4396,52.1062,31.5934,52.6557,14.4383,54.8535,2.77778,0.396825,1096.54,176.368,1446.73,0.0,1.0,1.0,1.0,1.0,0.0,0.07783949999999999,44.1346,43.9789,43.46,44.0308,0.129731,14.9214,94.2219,86.1514,90.5294,98.5507,0.0,7.90659,51.9486,0.0,0.0,-92.0363,97.5747,95.1803,36.4823,311.7,41.0091,281.59,287.825,47.9756,422.648,422.523,419.353,523.865,505.61300000000006,602.965,426.028,420.434,531.355,498.454,604.2330000000002,411.99300000000005,409.324,515.773,515.057,612.06,411.055,409.973,514.914,513.4590000000002,614.001,432.741,433.604,534.809,532.304,611.485,433.676,432.8130000000001,535.095,534.5219999999998,611.126,602.246,603.802,21.4042,405.772,1139.35
2020-11-22 07:26:05,96.8559,97.8938,97.6496,98.199,79.6398,80.0672,79.3346,80.4335,35.1954,35.5617,34.9512,35.3785,15.1099,14.9267,15.7814,15.293,15.7814,14.6215,14.9878,14.8657,50.1587,20.464,26.8132,34.0415,91.4774,134.554,94.7985,76.044,59,59,59,59,58.9438,59.4933,59.2491,59.6764,59,59,59,59,11.4469,11.2027,11.2637,11.8742,10.7143,11.6911,11.0195,11.2027,11.8132,12.4847,12.4237,11.8132,55.0366,56.1355,55.3419,55.5861,26.4042,25.7936,27.0757,26.16,44.7802,59.5543,44.6581,43.8645,32.5702,33.3028,33.486,33.547,28.4799,28.3578,27.6252,28.0525,43.6203,43.9255,43.7424,43.4982,34.0965,33.9744,33.8523,33.0586,25.8547,25.9768,26.0989,25.4884,43.8034,43.9866,43.6813,43.6813,33.2418,33.3639,33.4249,33.3028,26.16,26.4042,25.3053,30.6777,44.6581,43.315,43.8034,44.1087,15.6593,15.232,30.9829,15.4762,14.8046,15.1099,38.9194,14.9878,16.0867,15.232,16.453,15.4151,35.3175,35.5006,36.0501,35.6838,97.2222,98.0769,97.2222,98.138,59.9817,59.188,60.1038,59.7375,59,59,59,59,59.6764,59.6764,59.6764,59.3712,5.7081800000000005,0.396825,0.396825,61.2637,35.4396,52.1062,31.5934,52.6557,14.4383,54.8535,2.77778,0.396825,1096.54,176.368,1451.36,0.0,1.0,1.0,1.0,1.0,0.0,0.07783949999999999,44.1346,43.9789,43.46,44.0308,0.129731,14.9214,95.0754,88.8637,89.9792,98.4992,0.0,7.90659,54.3179,0.0,0.0,-95.4049,97.5747,95.1803,37.0212,311.7,42.78,281.081,287.825,47.9756,422.648,423.532,420.434,523.865,504.539,602.965,426.028,420.434,531.5219999999998,498.454,604.2330000000002,411.99300000000005,409.324,515.773,515.057,612.06,411.055,409.973,514.914,513.4590000000002,614.001,432.741,433.604,534.809,532.304,611.485,433.676,432.8130000000001,535.095,534.5219999999998,611.126,602.246,603.802,21.4042,405.244,1140.46
2020-11-22 07:26:10,96.8559,97.8938,97.6496,98.199,79.6398,80.0672,79.3346,80.4335,35.7448,35.5617,35.5006,35.3785,15.1099,14.9267,15.7814,15.293,15.7814,14.6215,14.9878,14.8657,50.1587,20.464,26.8132,35.2137,92.4542,134.554,94.7985,76.9231,59,59,59,59,58.9438,59.4933,59.2491,59.6764,59,59,59,59,11.4469,11.2027,11.2637,11.8742,10.7143,10.1648,11.0195,11.2027,11.8132,12.4847,12.4237,11.8132,55.0366,56.1355,55.3419,55.5861,26.4042,25.7936,26.4652,26.16,44.7802,59.5543,44.6581,43.8645,32.5702,33.3028,33.486,33.547,28.4799,28.3578,27.6252,28.0525,44.2308,43.9255,43.7424,44.1697,34.0965,33.9744,33.8523,33.0586,25.8547,25.9768,26.0989,25.4884,43.8034,44.536,43.6813,43.6813,33.2418,33.3639,33.4249,33.3028,26.16,26.9536,25.3053,30.6777,44.6581,43.315,43.8034,44.1087,15.6593,15.232,30.9829,15.4762,14.8046,15.1099,38.9194,14.9878,16.0867,15.232,16.453,15.4151,35.3175,35.5006,36.0501,35.6838,97.2222,98.0769,97.2222,98.138,59.9817,59.188,60.1038,59.7375,59,59,59,59,59.6764,59.6764,59.6764,59.3712,5.7081800000000005,0.396825,0.396825,61.2637,35.4396,52.1062,31.5934,52.6557,14.4383,54.8535,2.77778,0.396825,1094.25,176.368,1449.32,0.0,1.0,1.0,1.0,1.0,0.0,0.07783949999999999,44.1346,43.9789,43.46,44.0308,0.129731,14.9214,94.9651,85.7663,89.9947,98.4992,0.0,7.90659,51.4388,0.0,0.0,-84.8061,97.5747,95.1803,36.4984,312.9120000000001,42.78,279.526,287.825,49.0062,422.648,423.532,420.434,524.867,504.539,602.965,426.028,421.443,531.808,498.454,604.2330000000002,411.99300000000005,409.324,515.773,515.057,612.06,411.055,409.973,514.914,513.4590000000002,614.001,432.741,433.604,534.809,532.304,611.485,433.676,432.8130000000001,535.095,534.5219999999998,611.126,603.252,603.802,21.4042,405.772,1141.61
2020-11-22 07:26:15,96.8559,97.8938,97.6496,98.199,79.6398,80.0672,79.3346,80.4335,36.3553,35.5617,35.5006,35.92800000000001,15.1099,14.9267,15.7814,15.293,15.7814,14.6215,14.9878,14.8657,50.1587,20.464,26.8132,34.3346,93.7241,132.991,94.7985,76.9231,59,59,59,59,58.9438,59.4933,59.2491,59.6764,59,59,59,59,11.4469,11.2027,11.2637,11.8742,10.7143,10.1648,11.0195,11.2027,11.8132,12.4847,11.8742,11.8132,55.0366,56.1355,55.3419,55.5861,26.4042,25.7936,26.4652,26.16,44.7802,59.5543,44.6581,43.8645,33.486,33.3028,33.486,32.8755,28.4799,28.3578,27.6252,28.0525,44.8413,43.9255,43.7424,44.1697,34.0965,33.9744,33.8523,33.0586,25.8547,25.9768,26.0989,25.4884,43.8034,44.536,43.6813,43.6813,33.2418,33.3639,33.4249,33.3028,26.16,26.9536,25.3053,30.6777,44.6581,43.315,43.8034,44.1087,15.6593,15.232,30.9829,15.4762,14.8046,15.1099,38.9194,14.9878,16.0867,15.232,16.453,15.4151,35.3175,35.5006,36.0501,35.6838,97.2222,98.0769,97.2222,98.138,59.9817,59.188,60.1038,59.7375,59,59,59,59,59.6764,59.6764,59.6764,59.3712,5.7081800000000005,0.396825,0.396825,61.2637,35.4396,53.083,31.5934,52.6557,14.4383,54.8535,2.77778,0.396825,1091.87,176.368,1449.33,0.0,1.0,1.0,1.0,1.0,0.0,0.07783949999999999,44.1346,43.9789,43.46,44.0308,0.129731,14.9214,94.9651,90.6592,88.8759,98.4992,0.0,7.90659,50.6047,0.0,0.0,-83.9975,97.5747,95.1803,34.9805,314.251,42.7624,277.205,287.825,49.0062,422.648,423.532,420.434,524.867,504.539,602.965,427.06,421.443,531.952,498.454,604.2330000000002,411.99300000000005,409.324,515.773,515.057,612.06,411.055,409.973,514.914,513.4590000000002,614.001,432.741,433.604,534.809,532.304,611.485,433.676,432.8130000000001,535.095,534.5219999999998,612.132,603.252,603.802,21.4042,405.244,1142.15
2020-11-22 07:26:20,96.8559,97.8938,97.6496,98.199,79.6398,80.0672,79.884,80.4335,36.3553,36.1111,35.5006,36.6606,15.1099,14.9267,15.7814,14.5604,15.7814,14.6215,14.9878,14.8657,49.2796,21.3431,25.8364,34.2369,94.6032,132.991,96.1661,76.9231,59,59,59,59,58.9438,59.4933,59.2491,59.6764,59,59,59,59,11.4469,11.2027,11.2637,11.8742,11.2637,10.1648,11.0195,11.2027,11.8132,12.4847,11.8742,11.8132,55.0366,56.1355,55.3419,55.5861,26.4042,25.7936,26.4652,26.16,44.7802,59.5543,44.1087,43.8645,33.486,33.3028,33.486,32.8755,28.4799,28.3578,27.6252,28.0525,44.8413,43.9255,43.7424,44.1697,34.0965,33.9744,33.8523,33.0586,25.8547,25.9768,26.0989,26.0379,43.8034,45.0855,43.6813,43.6813,33.2418,33.3639,33.4249,33.3028,26.16,25.1221,25.3053,30.6777,44.6581,43.315,43.8034,44.1087,15.6593,15.232,30.9829,15.4762,14.8046,15.1099,38.9194,14.9878,16.0867,15.232,16.453,15.4151,35.3175,35.5006,36.0501,35.6838,97.2222,98.0769,97.2222,98.138,59.9817,59.188,60.1038,59.7375,59,59,59,59,59.6764,59.6764,59.6764,59.3712,5.7081800000000005,0.396825,0.396825,61.2637,35.4396,53.083,31.5934,52.6557,14.4383,54.8535,2.77778,0.396825,1088.28,176.368,1445.28,0.0,1.0,1.0,1.0,1.0,0.0,0.07783949999999999,44.1346,43.9789,43.46,44.0308,0.129731,14.9214,94.9651,89.1476,88.8759,97.7085,0.0,7.90659,52.4602,0.0,0.0,-58.31,97.5747,95.1803,34.4109,314.289,44.0206,275.42,287.825,49.0062,422.648,423.532,420.434,524.867,504.539,602.965,427.06,421.443,532.095,498.454,604.2330000000002,411.99300000000005,409.324,515.773,515.057,612.06,411.055,409.973,514.914,513.4590000000002,614.001,432.741,433.604,534.809,532.304,611.485,433.676,432.8130000000001,535.095,534.5219999999998,612.132,603.252,603.802,21.5751,405.244,1142.15
2020-11-22 07:26:25,96.8559,97.8938,97.6496,98.199,79.6398,80.0672,79.884,80.4335,36.3553,36.1111,35.5006,36.6606,15.1099,14.9267,15.7814,15.5372,15.7814,14.6215,14.9878,14.8657,50.1587,20.3663,26.7155,35.7021,95.7753,132.69799999999998,96.1661,76.9231,59,59,59,59,58.9438,59.4933,59.2491,59.6764,59,59,59,59,11.4469,11.2027,11.2637,11.8742,11.8132,10.1648,11.0195,11.2027,11.8132,12.4847,11.8742,11.8132,54.4872,56.1355,54.7924,55.5861,26.4042,25.7936,25.9158,26.16,44.7802,59.5543,44.1087,43.8645,33.486,33.3028,33.486,32.326,28.4799,28.3578,27.6252,28.0525,44.8413,43.9255,44.4139,44.1697,34.0965,33.9744,33.8523,33.0586,25.8547,25.9768,26.0989,26.0379,43.8034,44.475,43.6813,43.6813,33.2418,33.3639,33.4249,33.3028,27.1978,26.5263,25.3053,30.6777,44.6581,43.315,43.8034,44.1087,15.6593,15.232,30.9829,15.4762,14.8046,15.1099,38.9194,14.9878,16.0867,15.232,16.453,15.4151,35.3175,35.5006,36.0501,35.6838,97.2222,98.0769,97.2222,98.138,59.9817,59.188,60.1038,59.7375,59,59,59,59,59.6764,59.6764,59.6764,59.3712,5.7081800000000005,0.396825,0.396825,61.2637,35.4396,53.083,31.5934,52.6557,14.4383,54.8535,2.77778,0.396825,1088.28,176.368,1451.62,0.0,1.0,1.0,1.0,1.0,0.0,0.07783949999999999,44.1346,43.9789,43.46,44.0308,0.129731,15.5976,95.8913,87.3895,88.8759,97.7085,0.0,7.90659,52.0884,0.0,1.37305,-44.3573,97.5747,95.1803,34.4109,313.033,43.3232,274.66,287.825,49.0062,422.648,423.532,420.434,524.867,504.539,602.965,427.06,421.443,532.238,498.454,604.2330000000002,411.99300000000005,409.324,515.773,515.057,612.06,411.055,409.973,514.914,513.4590000000002,614.001,432.741,433.604,534.809,532.304,611.485,433.676,432.8130000000001,535.095,534.5219999999998,612.132,603.252,603.802,21.5751,405.772,1142.15
2020-11-22 07:26:30,96.8559,97.8938,97.6496,98.199,79.6398,80.0672,79.884,80.4335,36.3553,36.1111,36.9658,36.6606,15.1099,14.9267,15.7814,15.5372,15.7814,14.6215,14.9878,14.8657,50.1587,20.3663,26.7155,35.7021,95.7753,132.69799999999998,96.1661,76.9231,59,59,59,59,58.9438,59.4933,59.2491,59.6764,59,59,59,59,11.4469,11.2027,11.2637,11.8742,10.348,10.1648,11.0195,11.2027,11.8132,12.4847,12.4237,11.8132,54.4872,56.1355,54.7924,55.5861,26.4042,25.7936,25.9158,26.16,44.7802,59.5543,44.9634,43.8645,33.486,33.3028,33.486,32.326,28.4799,28.3578,27.6252,28.0525,44.8413,43.9255,44.4139,44.1697,34.0965,33.9744,33.8523,33.0586,25.8547,25.9768,26.0989,26.0379,43.8034,44.475,43.6813,43.6813,33.2418,33.3639,33.4249,33.3028,26.6484,26.5263,25.3053,30.6777,44.6581,43.315,43.8034,44.1087,15.6593,15.232,30.9829,15.4762,14.8046,15.1099,38.9194,14.9878,16.0867,15.232,16.453,15.4151,35.3175,35.5006,36.0501,35.6838,97.2222,98.0769,97.2222,98.138,59.9817,59.188,60.1038,59.7375,59,59,59,59,59.6764,59.6764,59.6764,59.3712,5.7081800000000005,0.396825,0.396825,61.2637,35.4396,53.083,31.5934,52.6557,14.4383,54.8535,2.77778,0.396825,1087.11,176.368,1453.66,0.0,1.0,1.0,1.0,1.0,0.0,0.07783949999999999,44.1346,43.9789,43.46,44.0308,0.129731,16.2003,95.2618,88.773,87.5201,97.7085,0.0,7.90659,52.6936,0.0,0.0,-29.3052,97.5747,95.1803,34.4109,312.392,44.75100000000001,276.694,287.825,49.0062,422.648,423.532,420.434,524.867,504.539,602.965,427.06,421.443,532.524,498.454,604.2330000000002,411.99300000000005,409.324,515.773,515.057,612.06,411.055,409.973,514.914,513.4590000000002,614.001,432.741,433.604,534.809,532.304,611.485,433.676,432.8130000000001,535.095,534.5219999999998,612.132,603.252,603.802,21.5751,405.244,1142.15
2020-11-22 07:26:35,96.8559,97.8938,97.6496,98.199,79.6398,80.0672,79.884,80.4335,36.9048,37.3321,36.9658,36.6606,15.1099,14.9267,15.7814,15.5372,15.7814,14.6215,14.9878,14.8657,51.0378,21.2454,26.7155,34.5299,94.8962,131.819,94.1148,77.8999,59,59,59,59,58.9438,59.4933,59.2491,59.6764,59,59,59,59,11.4469,11.2027,11.2637,11.8742,10.348,10.1648,11.0195,11.2027,11.8132,12.4847,12.4237,11.8132,54.4872,56.1355,54.7924,55.5861,26.4042,25.7936,25.9158,26.16,44.7802,59.5543,44.9634,43.8645,33.486,33.3028,33.486,31.7155,28.4799,28.3578,27.6252,28.0525,44.8413,43.9255,44.4139,44.1697,34.0965,33.9744,33.8523,33.0586,25.8547,25.9768,26.0989,26.0379,43.8034,44.475,43.6813,43.6813,33.2418,33.3639,33.4249,33.3028,26.6484,26.5263,25.3053,30.6777,44.6581,43.315,43.8034,44.1087,15.6593,15.232,30.9829,15.4762,14.8046,15.1099,38.9194,14.9878,16.0867,15.232,16.453,15.4151,35.3175,35.5006,36.0501,35.6838,97.2222,98.0769,97.2222,98.138,59.9817,59.188,60.1038,59.7375,59,59,59,59,59.6764,59.6764,59.6764,59.3712,5.7081800000000005,0.396825,0.396825,61.2637,35.4396,53.083,31.5934,52.6557,14.4383,54.8535,2.77778,0.396825,1085.83,176.368,1449.25,0.0,1.0,1.0,1.0,1.0,0.0,0.07783949999999999,44.1346,43.9789,43.46,44.0308,0.129731,16.2003,96.2811,87.0717,89.5973,98.538,0.0,8.00549,50.4889,0.0,0.0,-18.1556,97.5747,95.1803,35.146,313.456,44.9693,277.717,287.825,49.0062,422.648,424.588,421.49,524.867,504.539,602.965,427.06,421.443,532.643,498.454,604.2330000000002,411.99300000000005,409.324,515.773,515.057,613.067,411.055,409.973,514.914,513.4590000000002,615.008,432.741,433.604,534.809,532.304,611.485,433.676,432.8130000000001,535.095,534.5219999999998,612.132,603.252,603.802,21.5751,405.244,1141.6
2020-11-22 07:26:40,96.8559,97.8938,97.6496,98.199,79.6398,80.0672,79.884,80.4335,37.4542,37.3321,36.9658,37.21,15.1099,14.9267,15.7814,15.5372,15.7814,14.6215,14.9878,14.8657,51.0378,21.2454,26.7155,34.5299,94.8962,130.94,92.3565,77.8999,59,59,59,59,58.9438,59.4933,59.2491,59.6764,59,59,59,59,11.4469,11.2027,11.2637,11.8742,10.8974,11.3248,11.0195,11.2027,11.8132,12.4847,12.4237,11.8132,54.4872,56.1355,56.3187,55.5861,26.4042,25.7936,25.9158,26.16,44.7802,59.5543,44.9634,43.8645,33.486,33.3028,33.486,31.7155,28.4799,28.3578,27.6252,28.0525,44.2918,43.9255,44.4139,44.1697,34.0965,33.9744,33.8523,33.0586,25.8547,25.9768,26.0989,26.0379,43.8034,44.475,43.6813,43.6813,33.2418,33.3639,33.4249,33.3028,26.6484,26.5263,25.3053,30.6777,44.6581,43.315,43.8034,44.1087,15.6593,15.232,30.9829,15.4762,14.8046,15.1099,38.9194,14.9878,16.0867,15.232,16.453,15.4151,35.3175,35.5006,36.0501,35.6838,97.2222,98.0769,97.2222,98.138,59.9817,59.188,60.1038,59.7375,59,59,59,59,59.6764,59.6764,59.6764,59.3712,5.7081800000000005,0.396825,0.396825,61.2637,35.4396,53.083,31.5934,52.6557,12.4237,54.8535,2.77778,0.396825,1091.82,176.368,1450.85,0.0,1.0,1.0,1.0,1.0,0.0,0.07783949999999999,44.1346,43.9789,43.46,44.0308,0.129731,16.2003,96.2811,88.8592,88.7728,98.538,0.0,8.00549,49.4427,0.0,0.0,-12.3202,97.5747,95.1803,35.146,313.456,44.9693,277.717,287.825,49.0062,422.648,424.588,421.49,524.867,504.539,602.965,427.06,421.443,532.786,498.454,604.2330000000002,411.99300000000005,409.324,515.773,515.057,613.067,411.055,409.973,514.914,513.4590000000002,615.008,432.741,433.604,534.809,532.304,611.485,433.676,432.8130000000001,535.095,534.5219999999998,612.132,603.252,603.802,21.5751,405.244,1141.1
2020-11-22 07:26:45,96.8559,97.8938,97.6496,97.6496,79.6398,80.0672,79.884,80.4335,37.4542,37.3321,36.9658,37.21,15.1099,14.9267,15.7814,14.8657,15.7814,14.6215,14.9878,14.8657,49.6703,21.2454,26.7155,34.5299,94.0171,131.819,92.3565,78.8767,59,59,59,59,58.9438,59.4933,59.2491,59.6764,59,59,59,59,11.4469,11.2027,11.2637,11.8742,10.8974,10.2259,11.0195,11.2027,11.8132,12.4847,12.4237,11.8132,54.4872,56.1355,56.3187,55.5861,26.4042,25.7936,25.9158,26.16,44.7802,59.5543,44.9634,43.8645,33.486,33.3028,33.486,31.1661,28.4799,28.3578,27.6252,28.0525,44.2918,43.9255,44.4139,44.1697,34.0965,33.9744,33.8523,33.0586,25.8547,25.9768,26.0989,26.0379,43.8034,44.475,43.6813,43.6813,33.2418,33.3639,33.4249,33.3028,26.6484,26.5263,25.3053,30.6777,44.6581,43.315,43.8034,44.1087,15.6593,15.232,30.9829,15.4762,14.8046,15.1099,38.9194,14.9878,16.0867,15.232,16.453,15.4151,35.3175,35.5006,36.0501,35.6838,97.2222,98.0769,97.2222,98.138,59.9817,59.188,60.1038,59.7375,59,59,59,59,59.6764,59.6764,59.6764,59.3712,5.7081800000000005,0.396825,0.396825,61.2637,35.4396,53.083,31.5934,52.6557,12.4237,54.8535,2.77778,0.396825,1093.02,176.368,1449.88,0.0,1.0,1.0,1.0,1.0,0.0,0.07783949999999999,44.1346,43.9789,43.46,44.0308,0.129731,16.2003,96.2811,89.0723,87.542,99.178,0.0,8.00549,52.1019,0.0,0.0,-49.8406,97.5747,95.1803,36.9685,310.164,44.3221,278.224,287.825,49.0062,422.648,424.588,421.49,524.867,504.539,603.97,427.06,422.451,532.953,498.454,604.2330000000002,411.99300000000005,409.324,515.773,515.057,613.067,411.055,409.973,514.914,513.4590000000002,615.008,432.741,433.604,534.809,532.304,611.485,433.676,432.8130000000001,535.095,534.5219999999998,612.132,603.252,603.802,21.5751,405.772,1141.61
2020-11-22 07:26:50,96.8559,97.8938,97.6496,97.6496,79.6398,80.0672,80.4335,80.4335,37.4542,37.3321,36.9658,37.21,15.1099,14.9267,15.7814,15.4762,15.7814,14.6215,14.9878,14.8657,49.6703,21.2454,26.7155,34.5299,94.0171,131.819,93.2356,77.5092,59,59,59,59,58.9438,59.4933,59.2491,59.6764,59,59,59,59,11.4469,11.2027,11.2637,11.8742,10.8974,10.2259,11.0195,11.2027,11.8132,12.4847,12.4237,11.8132,54.4872,56.1355,56.3187,55.5861,26.4042,25.7936,25.9158,26.16,44.7802,59.5543,44.9634,43.8645,33.486,33.3028,33.486,33.486,28.4799,28.3578,28.1746,28.0525,44.2918,43.9255,44.4139,44.1697,34.0965,33.9744,33.8523,33.0586,25.8547,25.9768,26.0989,26.0379,43.8034,44.475,43.6813,43.6813,33.2418,33.3639,33.4249,33.3028,26.6484,26.5263,25.3053,30.6777,44.6581,43.315,43.8034,44.1087,15.6593,15.232,30.9829,15.4762,15.3541,15.1099,38.9194,14.9878,16.0867,15.232,16.453,15.4151,35.3175,35.5006,36.0501,35.6838,97.2222,98.0769,97.2222,98.138,59.9817,59.188,60.1038,59.7375,59,59,59,59,59.6764,59.6764,59.6764,59.3712,5.7081800000000005,0.396825,0.396825,61.2637,37.0269,51.7399,31.5934,52.6557,12.4237,54.8535,2.77778,0.396825,1091.93,176.368,1448.24,0.0,1.0,1.0,1.0,1.0,0.0,0.07783949999999999,44.1346,43.9789,43.46,44.0308,0.129731,16.9648,96.2811,88.07600000000002,88.6398,97.5189,0.0,8.00549,50.7405,0.0,0.0,-56.1525,97.5747,95.1803,37.5513,307.653,44.3221,279.251,287.825,50.0366,422.648,424.588,421.49,524.867,504.539,603.97,427.06,422.451,533.097,499.457,604.2330000000002,411.99300000000005,409.324,515.773,515.057,613.067,411.055,409.973,514.914,513.4590000000002,615.008,432.741,433.604,534.809,532.304,611.485,433.676,432.8130000000001,535.095,534.5219999999998,612.132,603.252,603.802,21.5751,405.772,1142.13
2020-11-22 07:26:55,96.8559,97.8938,97.6496,97.6496,79.6398,80.0672,80.4335,81.7766,37.4542,37.3321,36.9658,37.9426,15.1099,14.9267,15.7814,15.4762,15.7814,14.6215,14.9878,14.8657,51.5262,21.2454,26.7155,34.5299,93.9194,130.061,94.4078,77.5092,59,59,59,59,58.9438,59.4933,59.2491,59.6764,59,59,59,59,11.4469,11.2027,11.2637,11.8742,10.8974,10.2259,11.0195,11.2027,11.8132,12.4847,11.8742,11.8132,54.4872,56.1355,56.3187,55.5861,26.4042,25.7936,25.9158,26.16,44.7802,59.5543,44.9634,43.8645,33.486,33.3028,33.486,33.486,28.4799,28.3578,28.1746,28.0525,44.2918,43.9255,44.4139,44.1697,34.0965,33.9744,33.8523,33.0586,25.8547,25.9768,26.0989,26.0379,43.8034,44.475,43.6813,43.6813,33.2418,33.3639,33.4249,33.3028,26.6484,26.5263,25.3053,30.6777,44.6581,43.315,43.8034,44.1087,15.6593,15.232,30.9829,15.4762,15.3541,15.1099,38.9194,14.9878,16.0867,15.232,16.453,15.4151,35.3175,35.5006,36.0501,35.6838,97.2222,98.0769,97.2222,98.138,59.9817,59.188,60.1038,59.7375,59,59,59,59,59.6764,59.6764,59.6764,59.3712,5.7081800000000005,0.396825,0.396825,61.2637,37.0269,51.7399,31.5934,52.6557,12.4237,54.8535,2.77778,0.396825,1091.93,176.368,1452.69,0.0,1.0,1.0,1.0,1.0,0.0,0.07783949999999999,44.1346,43.9789,43.46,44.0308,0.129731,16.1856,96.2811,87.7956,88.03399999999998,98.7384,0.0,8.00549,52.6698,0.0,0.0,-57.8828,97.5747,95.1803,38.1813,308.181,43.7966,280.808,287.825,50.0366,422.648,424.588,421.49,524.867,504.539,603.97,428.116,422.451,533.359,499.457,604.2330000000002,411.99300000000005,409.324,515.773,515.057,613.067,411.055,409.973,514.914,513.4590000000002,615.008,432.741,433.604,534.809,532.304,611.485,433.676,432.8130000000001,535.095,534.5219999999998,612.132,603.252,603.802,21.5751,406.301,1142.13
2020-11-22 07:27:00,96.8559,97.8938,97.6496,97.6496,79.6398,80.0672,80.4335,81.7766,38.0037,38.6752,38.37,37.9426,15.1099,14.9267,15.7814,15.4762,15.7814,14.6215,14.9878,14.8657,52.4054,20.3663,26.7155,33.5531,96.1661,130.061,94.4078,77.5092,59,59,59,59,58.9438,59.4933,59.2491,59.6764,59,59,59,59,11.4469,11.2027,11.2637,11.8742,10.8974,10.2259,11.0195,11.2027,11.8132,12.4847,11.8742,11.8132,54.4872,56.1355,56.3187,55.5861,26.4042,25.7936,25.9158,26.16,44.7802,59.5543,44.9634,43.8645,33.486,33.3028,33.486,33.486,28.4799,28.3578,28.1746,28.0525,44.2918,43.9255,44.4139,44.1697,34.0965,33.9744,33.8523,33.0586,25.8547,25.9768,26.0989,26.0379,43.8034,44.475,43.6813,43.6813,33.2418,33.3639,33.4249,33.3028,26.6484,25.9158,25.3053,30.6777,44.6581,43.315,43.8034,44.1087,15.6593,15.232,30.9829,15.4762,15.3541,15.1099,38.9194,14.9878,16.0867,15.232,16.453,15.4151,35.3175,35.5006,36.0501,35.6838,97.2222,98.0769,97.2222,98.138,59.9817,59.188,60.1038,59.7375,59,59,59,59,59.6764,59.6764,59.6764,59.3712,5.7081800000000005,0.396825,0.396825,61.2637,37.0269,52.5336,31.5934,52.6557,12.4237,54.8535,2.77778,0.396825,1090.74,176.368,1455.35,0.0,1.0,1.0,1.0,1.0,0.0,0.07783949999999999,44.1346,43.9789,43.46,44.0308,0.129731,16.1856,96.2811,86.3813,87.3805,99.3604,0.0,8.00549,53.3986,0.0,0.0,-61.469,97.5747,95.1803,39.5387,309.168,43.2057,280.3,287.825,50.0366,423.656,424.588,421.49,525.9159999999998,504.539,603.97,428.116,422.451,533.502,499.457,604.2330000000002,411.99300000000005,409.324,515.773,515.057,613.067,411.055,409.973,514.914,513.4590000000002,615.008,432.741,433.604,534.809,532.304,611.485,433.676,432.8130000000001,535.095,534.5219999999998,612.132,603.252,603.802,21.5751,405.772,1142.13
2020-11-22 07:27:05,96.8559,97.8938,97.6496,97.6496,79.6398,80.0672,80.4335,81.7766,38.0037,38.6752,38.37,37.9426,15.1099,14.9267,15.7814,15.4762,15.7814,14.6215,14.9878,14.8657,52.4054,20.3663,26.7155,33.5531,94.9939,130.94,94.4078,77.5092,59,59,59,59,58.9438,59.4933,59.2491,59.6764,59,59,59,59,11.4469,11.2027,11.2637,11.8742,10.8974,10.2259,11.0195,11.2027,11.8132,12.4847,11.8742,11.8132,54.4872,56.1355,56.3187,55.5861,26.4042,25.7936,25.9158,26.16,44.7802,59.5543,44.9634,43.8645,33.486,33.3028,33.486,33.486,28.4799,28.3578,28.1746,28.0525,44.2918,43.9255,44.4139,44.1697,34.0965,33.9744,33.8523,33.0586,25.8547,25.9768,26.0989,26.0379,43.8034,44.475,43.6813,43.6813,33.2418,33.3639,33.4249,33.3028,26.6484,26.7705,25.3053,30.6777,44.6581,43.315,43.8034,44.1087,15.6593,15.232,30.9829,15.4762,15.3541,15.1099,38.9194,14.9878,16.0867,15.232,16.453,15.4151,35.3175,35.5006,36.0501,35.6838,97.2222,98.0769,97.2222,98.138,59.9817,59.188,60.1038,59.7375,59,59,59,59,59.6764,59.6764,59.6764,59.3712,5.7081800000000005,0.396825,0.396825,61.2637,37.0269,52.5336,31.5934,52.6557,12.4237,54.8535,2.77778,0.396825,1090.82,176.368,1454.23,0.0,1.0,1.0,1.0,1.0,0.0,0.07783949999999999,44.1346,43.9789,43.46,44.0308,0.129731,16.1856,96.3269,88.2191,88.6741,97.9813,0.0,8.00549,53.6657,0.0,0.0,-62.4317,97.5747,95.1803,40.0785,309.168,44.1748,280.561,287.825,50.0366,423.656,424.588,421.49,525.9159999999998,504.539,603.97,428.116,422.451,533.788,499.457,604.2330000000002,411.99300000000005,409.324,515.773,515.057,613.067,411.055,409.973,514.914,513.4590000000002,615.008,432.741,433.604,534.809,532.304,611.485,433.676,432.8130000000001,535.095,534.5219999999998,612.132,603.252,603.802,21.5751,405.772,1142.65
2020-11-22 07:27:10,96.8559,97.8938,97.6496,97.6496,79.6398,80.0672,80.4335,81.7766,39.1026,38.6752,38.37,37.9426,15.1099,14.9267,15.7814,15.4762,15.7814,14.6215,14.9878,14.8657,52.4054,21.2454,25.7387,34.6276,96.0684,132.015,95.2869,77.5092,59,59,59,59,58.9438,59.4933,59.2491,59.6764,59,59,59,59,11.4469,11.2027,11.2637,11.8742,10.8974,10.2259,11.0195,11.2027,11.8132,12.4847,11.8742,11.8132,54.4872,56.1355,56.3187,55.5861,26.4042,25.7936,25.9158,26.16,44.7802,59.5543,44.9634,43.8645,33.486,33.3028,33.486,33.486,28.4799,28.3578,28.1746,28.0525,44.2918,43.9255,44.4139,44.1697,34.0965,33.9744,33.8523,33.0586,25.8547,25.9768,26.0989,26.0379,43.8034,44.475,43.6813,43.6813,33.2418,33.3639,33.4249,33.3028,26.6484,26.7705,25.3053,30.6777,44.6581,43.315,43.8034,44.1087,15.6593,15.232,30.9829,15.4762,15.3541,15.1099,38.9194,14.9878,16.0867,15.232,16.453,15.4151,35.3175,35.5006,36.0501,35.6838,97.2222,98.0769,97.2222,98.138,59.9817,59.188,60.1038,59.7375,59,59,59,59,59.6764,59.6764,59.6764,59.3712,5.7081800000000005,0.396825,0.396825,61.2637,37.0269,52.5336,31.5934,52.6557,12.4237,54.8535,2.77778,0.396825,1088.37,176.368,1459.83,0.0,1.0,1.0,1.0,1.0,0.0,0.07783949999999999,44.1346,43.9789,43.46,44.0308,0.129731,16.1856,97.0987,87.5761,88.6741,97.3154,0.0,8.00549,54.2103,0.0,0.0,-56.1441,97.5747,95.1803,40.0785,309.038,44.1748,283.154,287.825,50.0366,423.656,424.588,421.49,525.9159999999998,504.539,603.97,428.116,422.451,533.931,499.457,604.2330000000002,411.99300000000005,409.324,515.773,515.057,613.067,411.055,409.973,514.914,513.4590000000002,615.008,432.741,432.573,534.809,532.304,611.485,433.676,432.8130000000001,535.095,534.5219999999998,612.132,603.252,603.802,21.5751,406.301,1142.65
2020-11-22 07:27:15,96.8559,97.8938,97.6496,97.6496,79.6398,80.0672,80.4335,81.7766,39.1026,38.6752,39.0415,38.4921,15.1099,14.9267,15.7814,15.4762,15.7814,14.6215,14.9878,14.8657,52.4054,21.2454,26.6178,35.6044,96.0684,132.015,95.2869,78.486,59,59,59,59,58.9438,59.4933,59.2491,59.6764,59,59,59,59,11.4469,11.2027,11.2637,11.8742,10.8974,10.2259,11.0195,11.2027,11.8132,12.4847,11.8742,11.8132,54.4872,56.1355,56.3187,55.5861,26.4042,25.7936,25.9158,26.16,44.7802,59.5543,44.9634,43.8645,33.486,33.3028,33.486,33.486,28.4799,28.3578,28.1746,28.0525,44.2918,43.9255,44.4139,44.1697,34.0965,33.9744,33.8523,33.0586,25.8547,25.9768,26.0989,26.0379,43.8034,44.475,43.6813,43.6813,33.2418,33.3639,33.4249,33.3028,26.6484,26.7705,25.3053,30.6777,44.6581,43.315,43.8034,44.1087,15.6593,15.232,30.9829,15.4762,15.3541,15.1099,38.9194,14.9878,16.0867,15.232,16.453,15.4151,35.3175,35.5006,36.0501,35.6838,97.2222,98.0769,97.2222,98.138,59.9817,59.188,60.1038,59.7375,59,59,59,59,59.6764,59.6764,59.6764,59.3712,5.7081800000000005,0.396825,0.396825,61.2637,37.0269,52.5336,31.5934,52.6557,12.4237,54.8535,2.77778,0.396825,1084.76,176.368,1459.41,0.0,1.0,1.0,1.0,1.0,0.0,0.07783949999999999,44.1346,43.9789,43.46,44.0308,0.129731,16.1856,96.2696,89.7951,88.7858,99.0574,0.0,7.90659,54.3421,0.0,0.0,-76.6847,97.5747,95.1803,40.0785,307.591,43.2564,284.193,287.825,50.0366,423.656,424.588,421.49,525.9159999999998,504.539,603.97,428.116,422.451,534.217,499.457,604.2330000000002,411.99300000000005,409.324,515.773,515.057,613.067,411.055,409.973,514.914,513.4590000000002,615.008,432.741,432.573,534.809,532.304,611.485,433.676,432.8130000000001,535.095,534.5219999999998,612.132,603.252,603.802,21.5751,405.772,1142.65
2020-11-22 07:27:20,96.8559,97.8938,97.6496,97.1001,79.6398,80.0672,80.9829,81.7766,39.1026,38.6752,39.0415,39.7741,15.1099,14.9267,15.7814,15.4762,15.7814,14.6215,14.9878,14.8657,52.4054,21.2454,26.6178,35.6044,96.0684,132.015,96.3614,77.6068,59,59,59,59,58.9438,59.4933,59.2491,59.6764,59,59,59,59,11.4469,11.2027,11.2637,11.8742,10.8974,10.2259,11.0195,11.2027,11.8132,12.4847,11.8742,11.8132,54.4872,56.1355,56.3187,55.5861,26.4042,25.7936,25.9158,26.16,44.7802,59.5543,44.9634,43.8645,33.486,33.3028,33.486,33.486,28.4799,28.3578,28.1746,28.0525,44.2918,43.9255,44.4139,44.1697,34.0965,33.9744,33.8523,33.0586,25.8547,25.9768,26.0989,26.0379,43.8034,44.475,43.6813,43.6813,33.2418,33.3639,33.4249,33.3028,26.6484,25.6716,25.3053,30.6777,44.6581,43.315,43.8034,44.1087,15.6593,15.232,30.9829,15.4762,15.3541,15.1099,38.9194,14.9878,16.0867,15.232,16.453,15.4151,35.3175,35.5006,36.0501,35.6838,97.2222,98.0769,97.2222,98.138,59.9817,59.188,60.1038,59.7375,59,59,59,59,59.6764,59.6764,59.6764,59.3712,5.7081800000000005,0.396825,0.396825,61.2637,37.0269,52.5336,31.5934,52.6557,12.4237,54.8535,2.77778,0.396825,1090.77,175.792,1456.34,0.0,1.0,1.0,1.0,1.0,0.0,0.07783949999999999,44.1346,43.9789,43.46,44.0308,0.129731,16.1856,95.7317,89.1682,88.5246,97.7559,0.0,7.90659,51.3574,0.0,0.0,-66.7276,97.5747,95.1803,41.2113,305.1040000000001,44.722,283.411,287.825,50.0366,423.656,424.588,422.499,525.9159999999998,503.537,603.97,428.116,422.451,534.361,499.457,604.2330000000002,411.99300000000005,409.324,515.773,515.057,613.067,411.055,409.973,514.914,513.4590000000002,615.008,432.741,432.573,534.809,532.304,611.485,433.676,432.8130000000001,535.095,534.5219999999998,612.132,603.252,603.802,21.5751,405.772,1142.65
2020-11-22 07:27:25,96.8559,97.8938,97.6496,97.1001,79.6398,80.0672,80.9829,81.7766,39.1026,39.2857,39.0415,39.7741,15.1099,14.9267,15.7814,15.4762,15.7814,14.6215,14.9878,14.8657,52.4054,21.2454,26.6178,36.5812,96.0684,133.382,96.3614,78.5836,59,59,59,59,58.9438,59.4933,59.2491,59.6764,59,59,59,59,11.4469,11.2027,11.2637,11.8742,10.8974,10.2259,11.0195,11.2027,11.8132,12.4847,11.8742,11.8132,54.4872,56.1355,56.3187,55.5861,26.4042,25.7936,25.9158,26.16,44.7802,59.5543,44.9634,43.8645,33.486,33.3028,33.486,33.486,28.4799,28.3578,28.1746,28.0525,44.2918,43.9255,44.4139,44.1697,34.0965,33.9744,33.8523,33.0586,25.8547,25.9768,26.0989,26.0379,43.8034,44.475,43.6813,43.6813,33.2418,33.3639,33.4249,33.3028,26.6484,26.7094,25.3053,30.6777,44.6581,43.315,43.8034,44.1087,15.6593,15.232,30.9829,15.4762,15.3541,15.1099,38.9194,14.9878,16.0867,15.232,16.453,15.4151,35.3175,35.5006,36.0501,35.6838,97.2222,98.0769,97.2222,98.138,59.9817,59.188,60.1038,59.7375,59,59,59,59,59.6764,59.6764,59.6764,59.3712,5.7081800000000005,0.396825,0.396825,61.2637,37.0269,52.5336,31.5934,52.6557,12.4237,54.8535,2.77778,0.396825,1095.66,175.792,1459.95,0.0,1.0,1.0,1.0,1.0,0.0,0.07783949999999999,44.1346,43.9789,43.46,44.0308,0.129731,15.5535,94.9819,90.4739,87.8683,96.6562,0.0,7.90659,54.8087,0.0,0.0,-57.4091,97.5747,95.1803,41.2113,303.999,44.722,279.786,287.825,50.0366,423.656,425.596,422.499,525.9159999999998,503.537,603.97,428.116,422.451,534.6469999999998,499.457,604.2330000000002,411.99300000000005,409.324,515.773,515.057,613.067,411.055,409.973,514.914,513.4590000000002,615.008,432.741,432.573,534.809,532.304,611.485,433.676,432.8130000000001,535.095,535.572,612.132,603.252,603.802,21.5751,405.772,1142.65
2020-11-22 07:27:30,96.8559,97.8938,97.6496,97.1001,80.2503,80.0672,80.9829,81.7766,39.652,40.0794,39.0415,39.7741,15.1099,14.9267,15.7814,14.9267,15.7814,14.6215,14.9878,14.8657,52.4054,20.3663,27.4969,35.6044,96.0684,133.382,97.4359,77.7045,59,59,59,59,58.9438,59.4933,59.2491,59.6764,59,59,59,59,11.4469,11.2027,11.2637,11.8742,10.8974,10.2259,11.0195,11.2027,11.8132,12.4847,11.8742,11.8132,54.4872,56.1355,56.3187,55.5861,26.4042,25.7936,25.9158,26.16,44.7802,59.5543,44.9634,43.8645,33.486,33.3028,33.486,33.486,28.4799,28.3578,28.1746,28.0525,44.2918,43.9255,44.4139,44.1697,34.0965,33.9744,33.8523,33.0586,25.8547,25.9768,26.0989,26.0379,43.8034,44.475,43.6813,43.6813,33.2418,33.3639,33.4249,33.3028,26.6484,26.7094,25.3053,30.6777,44.6581,43.315,43.8034,44.1087,15.6593,15.232,30.9829,15.4762,15.3541,15.1099,38.9194,14.9878,16.0867,15.232,16.453,15.4151,35.3175,35.5006,36.0501,35.6838,97.2222,98.0769,97.2222,98.138,59.9817,59.188,60.1038,59.7375,59,59,59,59,59.6764,59.6764,59.6764,59.3712,5.7081800000000005,0.396825,0.396825,61.2637,37.0269,52.5336,31.5934,52.6557,12.4237,54.8535,2.77778,0.396825,1097.96,175.792,1458.54,0.0,1.0,1.0,1.0,1.0,0.0,0.07783949999999999,44.1346,43.9789,43.46,44.0308,0.129731,15.5535,97.0691,89.8128,89.3223,98.6085,0.0,7.90659,55.0267,0.0,0.0,-54.2766,97.5747,95.1803,40.7074,304.757,45.3191,274.147,287.825,50.0366,423.656,425.596,422.499,525.9159999999998,503.537,603.97,428.116,422.451,534.79,500.531,604.2330000000002,411.99300000000005,409.324,515.773,515.057,613.067,411.055,409.973,514.914,513.4590000000002,615.008,432.741,432.573,534.809,532.304,612.491,433.676,432.8130000000001,536.144,535.572,612.132,603.252,603.802,21.5751,405.772,1144.32
2020-11-22 07:27:35,96.8559,97.8938,97.6496,97.1001,80.2503,80.0672,80.9829,81.7766,40.2625,40.0794,40.0183,39.7741,15.1099,14.9267,15.7814,15.4762,15.7814,14.6215,14.9878,14.8657,53.2845,20.3663,27.4969,33.8461,95.1893,133.382,96.2637,78.6813,59,59,59,59,58.9438,59.4933,59.2491,59.6764,59,59,59,59,11.4469,11.2027,11.2637,11.8742,10.8974,10.2259,11.0195,11.2027,11.8132,12.4847,11.8742,11.8132,54.4872,56.1355,56.3187,55.5861,26.4042,25.7936,25.9158,26.16,44.7802,59.5543,44.9634,43.8645,33.486,33.3028,33.486,33.486,28.4799,28.3578,28.1746,28.0525,44.2918,43.9255,44.4139,44.1697,34.0965,33.9744,33.8523,33.0586,25.8547,25.9768,26.0989,26.0379,43.8034,44.475,43.6813,43.6813,33.2418,33.3639,33.4249,33.3028,26.6484,26.7094,25.3053,30.6777,44.6581,43.315,43.8034,44.1087,15.6593,15.232,30.9829,15.4762,15.3541,15.1099,38.9194,14.9878,16.0867,15.232,16.453,15.4151,35.3175,35.5006,36.0501,35.6838,97.2222,98.0769,97.2222,98.138,59.9817,59.188,60.1038,59.7375,59,59,59,59,59.6764,59.6764,59.6764,59.3712,5.7081800000000005,0.396825,0.396825,61.2637,37.0269,52.5336,31.5934,52.6557,12.4237,54.8535,2.77778,0.396825,1097.96,175.792,1454.18,0.0,1.0,1.0,1.0,1.0,0.0,0.07783949999999999,44.1346,43.9789,43.46,44.0308,0.129731,14.8479,96.2042,89.0415,89.305,97.6724,0.0,7.90659,54.4094,0.0,0.0,-27.5835,97.5747,95.1803,41.5093,304.757,44.6242,269.353,287.825,50.0366,423.656,425.596,422.499,525.9159999999998,503.537,603.97,428.116,422.451,534.933,500.531,604.2330000000002,411.99300000000005,409.324,515.773,515.057,613.067,411.055,409.973,514.914,513.4590000000002,615.008,432.741,432.573,534.809,532.304,612.491,433.676,432.8130000000001,536.144,535.572,612.132,603.252,603.802,21.5751,405.772,1144.83
2020-11-22 07:27:40,96.8559,97.8938,97.6496,97.1001,80.2503,80.0672,80.9829,81.2271,40.3846,40.0794,40.0183,40.6288,15.1099,14.9267,15.7814,15.4762,15.7814,14.6215,14.9878,14.8657,53.2845,21.7338,27.4969,33.8461,96.3614,132.015,96.2637,79.8535,59,59,59,59,58.9438,59.4933,59.2491,59.6764,59,59,59,59,11.4469,11.2027,11.2637,11.8742,10.8974,10.2259,11.0195,11.2027,11.8132,12.4847,11.8742,11.8132,54.4872,56.1355,56.3187,55.5861,26.4042,25.7936,25.9158,26.16,44.7802,59.5543,44.9634,43.8645,33.486,33.3028,33.486,33.486,28.4799,28.3578,28.1746,28.0525,44.2918,43.9255,44.4139,44.1697,34.0965,33.9744,33.8523,33.0586,25.8547,25.9768,26.0989,26.0379,43.8034,44.475,43.6813,43.6813,33.2418,33.3639,33.4249,33.3028,26.6484,26.7094,25.3053,30.6777,44.6581,43.315,43.8034,44.1087,15.6593,15.232,30.9829,15.4762,15.3541,15.1099,38.9194,14.9878,16.0867,15.232,16.453,15.4151,35.3175,35.5006,36.0501,35.6838,97.2222,98.0769,97.2222,98.138,59.9817,59.188,60.1038,59.7375,59,59,59,59,59.6764,59.6764,59.6764,59.3712,5.7081800000000005,0.396825,0.396825,61.2637,37.0269,52.5336,31.5934,52.6557,12.4237,54.8535,2.77778,0.396825,1094.38,175.792,1456.09,0.0,1.0,1.0,1.0,1.0,0.0,0.07783949999999999,44.1346,43.9789,43.46,44.0308,0.129731,14.8479,95.5616,85.8336,88.6287,98.5073,0.0,7.90659,57.3377,0.0,0.0,-38.0632,97.5747,95.1803,42.591,308.074,44.6242,267.346,287.825,50.0366,423.656,425.596,422.499,526.918,503.537,603.97,428.116,423.507,535.076,500.531,604.2330000000002,411.99300000000005,409.324,515.773,515.057,613.067,411.055,409.973,514.914,513.4590000000002,615.008,432.741,432.573,534.809,532.304,612.491,433.676,432.8130000000001,536.144,535.572,612.132,603.252,603.802,21.5751,405.772,1146.04
2020-11-22 07:27:45,96.8559,97.8938,97.6496,97.1001,80.2503,80.0672,80.9829,81.2271,40.3846,40.0794,40.0183,40.6288,15.1099,14.9267,15.7814,15.4762,15.7814,14.6215,14.9878,14.8657,54.1636,21.7338,28.3761,33.8461,96.3614,132.015,95.1893,79.8535,59,59,59,59,58.9438,59.4933,59.2491,59.6764,59,59,59,59,11.4469,11.2027,11.2637,11.8742,10.8974,10.348,11.0195,11.2027,11.8132,12.4847,11.8742,11.8132,54.4872,56.1355,56.3187,55.5861,26.4042,25.7936,25.9158,26.16,44.7802,59.5543,44.9634,43.8645,33.486,33.3028,33.486,33.486,28.4799,28.3578,28.1746,28.0525,44.2918,43.9255,44.4139,44.1697,34.0965,33.9744,33.8523,33.0586,25.8547,25.9768,26.0989,26.0379,43.8034,44.475,43.6813,43.6813,33.2418,33.3639,33.4249,33.3028,26.6484,26.7705,25.3053,30.6777,44.6581,43.315,43.8034,44.1087,15.6593,15.232,30.9829,15.4762,15.3541,15.1099,38.9194,14.9878,16.0867,15.232,16.453,15.4151,35.3175,35.5006,36.0501,35.6838,97.2222,98.0769,97.2222,98.138,59.9817,59.188,60.1038,59.7375,59,59,59,59,59.6764,59.6764,59.6764,59.3712,5.7081800000000005,0.396825,0.396825,61.2637,41.3614,52.5336,31.5934,52.6557,12.4237,54.8535,2.77778,0.396825,1093.22,175.792,1455.25,0.0,1.0,1.0,1.0,1.0,0.0,0.07783949999999999,44.1346,43.9789,43.46,44.0308,0.129731,14.8479,95.5616,90.0169,89.23299999999998,98.5073,0.0,7.90659,52.8392,0.0,0.0,-18.2654,97.5747,95.1803,42.591,311.003,45.1952,269.089,287.825,50.0366,423.656,425.596,422.499,526.918,503.537,603.97,428.116,423.507,535.363,500.531,604.2330000000002,411.99300000000005,409.324,515.773,515.057,613.067,411.055,409.973,514.914,513.4590000000002,615.008,432.741,432.573,534.809,532.304,612.491,433.676,432.8130000000001,536.144,535.572,612.132,603.252,603.802,21.5751,405.772,1146.62
2020-11-22 07:27:50,96.8559,97.8938,97.6496,97.1001,80.2503,80.0672,81.5324,81.2271,40.3846,40.0794,40.0183,40.6288,15.1099,14.9267,15.7814,15.4762,15.7814,14.6215,14.9878,14.8657,52.6984,21.7338,28.3761,33.8461,97.2405,132.991,95.1893,78.779,59,59,59,59,58.9438,59.4933,59.2491,59.6764,59,59,59,59,11.4469,11.2027,11.2637,11.8742,10.8974,11.5079,11.0195,11.2027,11.8132,12.4847,11.8742,11.8132,54.4872,56.1355,56.3187,55.5861,26.4042,25.7936,25.9158,26.16,44.7802,59.5543,44.9634,43.8645,33.486,33.3028,33.486,33.486,28.4799,28.3578,28.1746,28.0525,44.2918,43.9255,44.4139,44.1697,34.0965,33.9744,33.8523,33.0586,25.8547,25.9768,26.0989,26.0379,43.8034,44.475,43.6813,43.6813,33.2418,33.3639,33.4249,33.3028,26.6484,26.7705,25.3053,30.6777,44.6581,43.315,43.8034,44.1087,15.6593,15.232,30.9829,15.4762,15.3541,15.1099,38.9194,14.9878,16.0867,15.232,16.453,15.4151,35.3175,35.5006,36.0501,35.6838,97.2222,98.0769,97.2222,98.138,59.9817,59.188,60.1038,59.7375,59,59,59,59,59.6764,59.6764,59.6764,59.3712,5.7081800000000005,0.396825,0.396825,61.2637,41.3614,51.3126,31.5934,52.6557,12.4237,54.8535,2.77778,0.396825,1090.83,175.792,1456.61,0.0,1.0,1.0,1.0,1.0,0.0,0.07783949999999999,44.1346,43.9789,43.46,44.0308,0.129731,14.8479,96.3976,89.3974,88.444,98.0688,0.0,7.90659,56.2124,0.0,0.0,-5.93452,97.5747,95.1803,42.591,310.502,44.5968,271.099,287.825,50.0366,423.656,425.596,422.499,526.918,503.537,603.97,429.124,423.507,535.506,500.531,604.2330000000002,411.99300000000005,409.324,515.773,515.057,613.067,411.055,409.973,514.914,513.4590000000002,615.008,432.741,432.573,535.8580000000002,532.304,612.491,433.676,432.8130000000001,536.144,535.572,612.132,603.252,603.802,21.5751,405.772,1146.62
2020-11-22 07:27:55,96.8559,97.8938,97.6496,99.359,80.2503,80.0672,81.5324,81.2271,40.3846,40.0794,40.0183,40.6288,15.1099,14.9267,15.7814,15.4762,15.7814,14.6215,14.9878,14.8657,52.6984,21.7338,28.3761,33.8461,96.2637,132.991,92.7473,78.779,59,59,59,59,58.9438,59.4933,59.2491,59.6764,59,59,59,59,11.4469,11.2027,11.2637,11.8742,10.8974,11.5079,11.0195,11.2027,11.8132,12.4847,11.8742,11.8132,54.4872,56.1355,56.3187,55.5861,26.4042,25.7936,25.9158,26.16,44.7802,59.5543,44.9634,43.8645,33.486,33.3028,33.486,33.486,28.4799,28.3578,28.1746,28.0525,44.2918,43.9255,44.4139,44.1697,34.0965,33.9744,33.8523,33.0586,25.8547,25.9768,26.0989,26.0379,43.8034,44.475,43.6813,43.6813,33.2418,33.3639,33.4249,33.3028,26.6484,26.7705,25.3053,30.6777,44.6581,43.315,43.8034,44.1087,15.6593,15.232,30.9829,15.4762,15.3541,15.1099,38.9194,14.9878,16.0867,15.232,16.453,15.4151,35.3175,35.5006,36.0501,35.6838,97.2222,98.0769,97.2222,98.138,59.9817,59.188,60.1038,59.7375,59,59,59,59,59.6764,59.6764,59.6764,59.3712,5.7081800000000005,0.396825,0.396825,61.2637,41.3614,51.3126,31.5934,52.6557,12.4237,54.8535,2.77778,0.396825,1089.66,175.792,1449.02,0.0,1.0,1.0,1.0,1.0,0.0,0.07783949999999999,44.1346,43.9789,43.46,44.0308,0.129731,14.1569,95.6655,89.36200000000002,89.056,98.1315,0.0,7.90659,56.0595,0.0,0.0,-8.29594,97.5747,95.1803,41.8447,309.899,45.2376,271.855,287.825,50.0366,423.656,425.596,422.499,526.918,503.537,603.97,429.124,423.507,535.7919999999998,500.531,604.2330000000002,411.99300000000005,409.324,515.773,515.057,613.067,411.055,409.973,514.914,513.4590000000002,615.008,432.741,432.573,535.8580000000002,532.304,612.491,433.676,432.8130000000001,536.144,535.572,612.132,603.252,603.802,21.5751,405.244,1146.62
2020-11-22 07:28:00,96.8559,97.8938,97.6496,99.359,80.2503,80.0672,81.5324,81.2271,40.3846,40.0794,40.0183,40.6288,15.1099,14.9267,15.7814,15.4762,15.7814,14.6215,14.9878,14.8657,53.6752,20.757,28.3761,34.9206,95.0916,132.015,94.2124,78.779,59,59,59,59,58.9438,59.4933,59.2491,59.6764,59,59,59,59,11.4469,11.2027,11.2637,11.8742,10.8974,11.5079,11.0195,11.2027,11.8132,12.4847,11.8742,11.8132,54.4872,56.1355,56.3187,55.5861,26.4042,25.7936,25.9158,26.16,44.7802,59.5543,44.9634,43.8645,33.486,33.3028,33.486,33.486,28.4799,28.3578,28.1746,28.0525,44.2918,43.9255,44.4139,44.1697,34.0965,33.9744,33.8523,33.0586,25.8547,25.9768,26.0989,26.0379,43.8034,44.475,43.6813,43.6813,33.2418,33.3639,33.4249,33.3028,26.6484,26.7705,25.3053,30.6777,44.6581,43.315,43.8034,44.1087,15.6593,15.232,30.9829,15.4762,15.3541,15.1099,38.9194,14.9878,16.0867,15.232,16.453,15.4151,35.3175,35.5006,36.0501,35.6838,97.2222,98.0769,97.2222,98.138,59.9817,59.188,60.1038,59.7375,59,59,59,59,59.6764,59.6764,59.6764,59.3712,5.7081800000000005,0.396825,0.396825,61.2637,41.3614,51.3126,31.5934,52.6557,12.4237,54.8535,2.77778,0.396825,1089.66,175.234,1456.45,0.0,1.0,1.0,1.0,1.0,0.0,0.07783949999999999,44.1346,43.9789,43.46,44.0308,0.129731,14.1569,96.8836,90.128,88.3047,97.4438,0.0,7.90659,58.6092,0.0,0.0,-1.16582,97.5747,95.1803,41.8447,309.266,45.8819,272.35900000000004,287.825,50.0366,423.656,425.596,422.499,526.918,503.537,603.97,429.124,423.507,535.7919999999998,500.531,604.2330000000002,411.99300000000005,409.324,515.773,515.057,613.067,411.055,409.973,514.914,513.4590000000002,615.008,432.741,432.573,535.8580000000002,532.304,612.491,433.676,432.8130000000001,536.144,535.572,612.132,603.252,603.802,21.746,405.772,1146.62
2020-11-22 07:28:05,96.8559,97.8938,97.6496,99.359,80.2503,80.0672,81.5324,81.2271,40.3846,40.0794,40.0183,40.6288,15.1099,14.9267,15.7814,15.4762,15.7814,14.6215,14.9878,14.8657,51.6239,20.757,28.3761,33.7485,92.7473,132.015,93.3333,78.779,59,59,59,59,58.9438,59.4933,59.2491,59.6764,59,59,59,59,11.4469,11.2027,11.2637,11.8742,10.8974,11.5079,11.0195,11.2027,11.8132,12.4847,11.8742,11.8132,54.4872,56.1355,56.3187,55.5861,26.4042,25.7936,25.9158,26.16,44.7802,59.5543,44.9634,43.8645,33.486,33.3028,33.486,33.486,28.4799,28.3578,28.1746,28.0525,44.2918,43.9255,44.4139,44.1697,34.0965,33.9744,33.8523,33.0586,25.8547,25.9768,26.0989,26.0379,43.8034,44.475,43.6813,43.6813,33.2418,33.3639,33.4249,33.3028,26.6484,26.4042,25.3053,30.6777,44.6581,43.315,43.8034,44.1087,15.6593,15.232,30.9829,15.4762,15.3541,15.1099,38.9194,14.9878,16.0867,15.232,16.453,15.4151,35.3175,35.5006,36.0501,35.6838,97.2222,98.0769,97.2222,98.138,59.9817,59.188,60.1038,59.7375,59,59,59,59,59.6764,59.6764,59.6764,59.3712,5.7081800000000005,0.396825,0.396825,61.2637,41.3614,51.3126,31.5934,52.6557,12.4237,54.8535,2.77778,0.396825,1084.8,175.234,1454.72,0.0,1.0,1.0,1.0,1.0,0.0,0.07783949999999999,44.1346,43.9789,43.46,44.0308,0.129731,14.1569,96.8326,87.9825,88.3047,97.4753,0.0,7.90659,60.1363,0.0,0.0,-30.2077,97.5747,95.1803,40.8481,310.633,46.2728,272.878,287.825,50.0366,423.656,425.596,422.499,526.918,503.537,603.97,429.124,423.507,535.935,500.531,604.2330000000002,411.99300000000005,409.324,515.773,515.057,613.067,411.055,409.973,514.914,513.4590000000002,615.008,432.741,432.573,535.8580000000002,532.304,612.491,433.676,432.8130000000001,536.144,535.572,612.132,603.252,603.802,21.746,405.772,1146.62
2020-11-22 07:28:10,96.8559,97.8938,97.6496,99.359,80.2503,80.0672,81.5324,81.2271,40.3846,40.0794,40.0183,40.6288,15.1099,15.6593,15.7814,15.4762,15.7814,14.6215,14.9878,14.8657,51.6239,20.757,28.3761,33.7485,92.7473,133.871,92.2588,79.7558,59,59,59,59,58.9438,59.4933,59.2491,59.6764,59,59,59,59,11.4469,11.2027,11.2637,11.8742,10.348,11.5079,11.0195,11.2027,11.8132,12.4847,11.8742,11.8132,54.4872,56.1355,55.7692,55.5861,26.4042,25.7936,25.9158,26.16,44.7802,59.5543,44.9634,43.8645,33.486,33.3028,33.486,33.486,28.4799,27.8083,28.1746,28.0525,44.2918,43.9255,44.4139,44.1697,34.0965,33.9744,33.8523,33.0586,25.8547,25.9768,26.0989,26.0379,43.8034,44.475,43.6813,43.6813,33.2418,33.3639,33.4249,33.3028,26.6484,26.9536,25.8547,30.6777,44.6581,43.315,43.8034,44.1087,15.6593,15.232,30.9829,15.4762,15.3541,15.1099,38.9194,14.9878,16.0867,15.232,16.453,15.4151,35.3175,35.5006,36.0501,35.6838,97.2222,98.0769,97.2222,98.138,59.9817,59.188,60.1038,59.7375,59,59,59,59,59.6764,59.6764,59.6764,59.3712,5.7081800000000005,0.396825,0.396825,61.2637,41.3614,51.3126,31.5934,52.6557,12.4237,54.8535,2.77778,0.396825,1086.0,175.234,1460.16,0.0,1.0,1.0,1.0,1.0,0.0,0.07783949999999999,44.1346,43.9789,43.46,44.0308,0.129731,14.7597,95.3043,89.6376,88.3047,97.4753,0.0,7.90659,59.737,0.0,0.0,-36.7444,97.5747,95.1803,41.535,310.633,46.2728,275.676,287.825,50.0366,423.656,425.596,422.499,526.918,502.535,603.97,429.124,423.507,536.078,500.531,604.2330000000002,411.99300000000005,409.324,515.773,515.057,613.067,411.055,409.973,514.914,513.4590000000002,615.008,432.741,432.573,535.8580000000002,533.3530000000002,612.491,433.676,432.8130000000001,536.144,535.572,612.132,603.252,603.802,21.746,405.772,1146.08
2020-11-22 07:28:15,96.8559,97.8938,97.6496,99.359,80.2503,80.0672,81.5324,81.2271,40.3846,40.0794,40.0183,40.6288,15.1099,14.8657,15.7814,15.4762,15.7814,14.6215,14.9878,14.8657,51.6239,20.757,28.3761,33.7485,94.1148,133.871,93.2356,79.7558,59,59,59,59,58.9438,59.4933,59.2491,59.6764,59,59,59,59,11.4469,11.2027,11.2637,11.8742,10.348,11.5079,11.0195,11.2027,11.8132,12.4847,11.8742,11.8132,54.4872,56.1355,55.7692,55.5861,26.4042,25.7936,25.9158,26.16,44.7802,59.5543,44.9634,43.8645,33.486,33.3028,33.486,33.486,28.4799,28.3578,28.1746,28.0525,44.2918,43.9255,44.4139,44.1697,34.0965,33.9744,33.8523,33.0586,25.8547,25.9768,26.0989,26.0379,43.8034,44.475,43.6813,43.6813,33.2418,33.3639,33.4249,33.3028,26.6484,26.9536,25.8547,30.6777,44.6581,43.315,43.8034,44.1087,15.6593,15.232,30.9829,15.4762,15.3541,15.1099,38.9194,14.9878,16.0867,15.232,16.453,15.4151,35.3175,35.5006,36.0501,35.6838,97.2222,98.0769,97.2222,98.138,59.9817,59.188,60.1038,59.7375,59,59,59,59,59.6764,59.6764,59.6764,59.3712,5.7081800000000005,0.396825,0.396825,61.2637,41.3614,51.3126,31.5934,52.6557,12.4237,54.8535,2.77778,0.396825,1084.88,175.234,1457.54,0.0,1.0,1.0,1.0,1.0,0.0,0.07783949999999999,44.1346,43.9789,43.46,44.0308,0.129731,14.7597,96.0043,90.6727,88.3702,98.2048,0.0,8.00549,58.6356,0.0,0.0,-14.8072,98.5763,95.1803,42.9631,309.431,46.2728,277.73400000000004,287.825,50.0366,423.656,425.596,422.499,526.918,502.535,603.97,429.124,423.507,536.221,500.531,604.2330000000002,411.99300000000005,409.324,515.773,515.057,614.073,411.055,409.973,514.914,513.4590000000002,615.008,432.741,432.573,535.8580000000002,533.3530000000002,612.491,433.676,432.8130000000001,536.144,535.572,612.132,603.252,603.802,21.746,405.772,1146.08
2020-11-22 07:28:20,96.8559,97.8938,97.6496,98.8095,80.2503,80.0672,80.9219,81.2271,40.3846,40.0794,40.0183,40.6288,15.1099,14.8657,15.7814,14.9267,15.7814,14.6215,14.9878,14.8657,52.6007,20.757,28.3761,33.7485,96.3614,133.871,94.3101,79.7558,59,59,59,59,58.9438,59.4933,59.2491,59.6764,59,59,59,59,11.4469,11.2027,11.2637,11.8742,10.348,11.5079,11.0195,11.2027,11.8132,12.4847,11.8742,11.8132,54.4872,56.1355,55.7692,55.5861,26.4042,25.7936,25.9158,26.16,44.7802,59.5543,44.9634,43.8645,33.486,33.3028,33.486,32.9365,28.4799,28.3578,28.1746,28.0525,44.2918,43.9255,44.4139,44.1697,34.0965,33.9744,33.8523,33.0586,25.8547,25.9768,26.0989,26.0379,43.8034,44.475,43.6813,43.6813,33.2418,33.3639,33.4249,33.3028,26.6484,25.6716,25.8547,30.6777,44.6581,43.315,43.8034,44.1087,15.6593,15.232,30.9829,15.4762,15.3541,15.1099,38.9194,14.9878,16.0867,15.232,16.453,15.4151,35.3175,35.5006,36.0501,35.6838,97.2222,98.0769,97.2222,98.138,59.9817,59.188,60.1038,59.7375,59,59,59,59,59.6764,59.6764,59.6764,59.3712,5.7081800000000005,0.396825,0.396825,61.2637,41.3614,51.3126,33.2418,52.6557,12.4237,54.8535,2.77778,0.396825,1084.8,175.234,1453.52,0.0,1.0,1.0,1.0,1.0,0.0,0.07783949999999999,44.1346,43.9789,43.46,44.0308,0.129731,14.7597,95.0063,89.8025,87.5206,99.1345,0.0,8.00549,58.9581,0.0,0.0,-28.1957,98.5763,95.1803,44.1599,308.4240000000001,47.2708,276.703,287.825,50.0366,424.665,425.596,422.499,526.918,502.535,603.97,429.124,423.507,536.365,500.531,604.2330000000002,411.99300000000005,409.324,515.773,515.057,614.073,411.055,409.973,514.914,513.4590000000002,615.008,432.741,432.573,535.8580000000002,533.3530000000002,612.491,433.676,432.8130000000001,536.144,535.572,612.132,603.252,603.802,21.746,405.772,1145.45
2020-11-22 07:28:25,96.8559,97.8938,97.6496,98.8095,80.2503,80.0672,80.9219,81.2271,40.3846,40.0794,40.0183,40.6288,15.1099,14.8657,15.7814,14.9267,15.7814,14.6215,14.9878,14.8657,52.6007,20.757,27.4969,33.7485,97.3382,133.871,96.0684,78.8767,59,59,59,59,58.9438,59.4933,59.2491,59.6764,59,59,59,59,11.4469,11.2027,11.2637,11.8742,10.348,11.5079,11.0195,11.2027,11.8132,12.4847,11.8742,11.8132,54.4872,56.1355,55.7692,55.5861,26.4042,25.7936,25.9158,26.16,44.7802,59.5543,44.4139,43.8645,33.486,33.3028,33.486,32.9365,28.4799,28.3578,28.1746,28.0525,44.2918,43.9255,44.4139,44.1697,34.0965,33.9744,33.8523,33.0586,25.8547,25.9768,26.0989,26.0379,43.8034,44.475,43.6813,43.6813,33.2418,33.3639,33.4249,33.3028,26.6484,26.5263,25.8547,30.6777,44.6581,43.315,43.8034,44.1087,15.6593,15.232,30.9829,15.4762,15.3541,15.1099,38.9194,14.9878,16.0867,15.232,16.453,15.4151,35.3175,35.5006,36.0501,35.6838,97.2222,98.0769,97.2222,98.138,59.9817,59.188,60.1038,59.7375,59,59,59,59,59.6764,59.6764,59.6764,59.3712,5.7081800000000005,0.396825,0.396825,61.2637,41.3614,51.3126,33.2418,52.6557,12.4237,54.8535,2.77778,0.396825,1082.42,175.234,1456.28,0.0,1.0,1.0,1.0,1.0,0.0,0.07783949999999999,44.1346,43.9789,43.46,44.0308,0.129731,14.7597,97.6443,91.2852,89.8218,99.1345,0.0,8.00549,58.4503,0.0,0.0,-33.9151,98.5763,95.1803,44.8805,308.4240000000001,47.2708,275.676,287.825,50.0366,424.665,425.596,422.499,526.918,502.535,603.97,429.124,423.507,536.365,500.531,604.2330000000002,411.99300000000005,409.324,515.773,515.057,614.073,411.055,409.973,514.914,513.4590000000002,615.008,432.741,432.573,535.8580000000002,533.3530000000002,612.491,433.676,432.8130000000001,536.144,535.572,612.132,603.252,603.802,21.746,405.244,1144.94
2020-11-22 07:28:30,96.8559,97.8938,97.6496,98.8095,80.2503,80.0672,80.9219,81.2271,40.3846,40.0794,40.0183,40.6288,15.1099,14.8657,15.7814,15.5983,15.7814,14.6215,14.9878,14.8657,52.6007,20.757,27.4969,32.8694,96.1661,133.871,96.5568,77.7045,59,59,59,59,58.9438,59.4933,59.2491,59.6764,59,59,59,59,11.4469,11.2027,11.2637,11.8742,10.348,11.5079,11.0195,11.2027,11.8132,12.4847,12.4237,11.8132,54.4872,56.1355,55.2198,55.5861,26.4042,25.7936,25.9158,26.16,44.7802,59.5543,44.4139,43.8645,33.486,33.3028,33.486,32.9365,28.4799,28.3578,28.1746,28.0525,44.2918,43.9255,44.4139,44.1697,34.0965,33.9744,33.8523,33.0586,25.8547,25.9768,26.0989,26.0379,43.8034,44.475,43.6813,43.6813,33.2418,33.3639,33.4249,33.3028,26.6484,26.5263,25.8547,30.6777,44.6581,43.315,43.8034,44.1087,15.6593,15.232,30.9829,15.4762,15.3541,15.1099,38.9194,14.9878,16.0867,15.232,16.453,15.4151,35.3175,35.5006,36.0501,35.6838,97.2222,98.0769,97.2222,98.138,59.9817,59.188,60.1038,59.7375,59,59,59,59,59.6764,59.6764,59.6764,59.3712,5.7081800000000005,0.396825,0.396825,61.2637,41.3614,51.3126,33.2418,52.6557,12.4237,54.8535,2.77778,0.396825,1084.83,174.72299999999996,1463.71,0.0,1.0,1.0,1.0,1.0,0.0,0.07783949999999999,44.1346,43.9789,43.46,44.0308,0.129731,14.7597,96.2251,90.1571,90.2038,99.7587,0.0,7.90659,57.935,0.0,0.0,-87.3039,98.5763,95.1803,44.8805,308.4240000000001,46.7058,275.165,287.825,50.0366,424.665,425.596,422.499,526.918,502.535,603.97,429.124,423.507,536.365,500.531,604.2330000000002,411.99300000000005,409.324,515.773,515.057,614.073,411.055,409.973,514.914,513.4590000000002,615.008,432.741,432.573,535.8580000000002,533.3530000000002,612.491,433.676,432.8130000000001,536.144,535.572,612.132,603.252,603.802,21.746,405.772,1144.42
2020-11-22 07:28:35,96.8559,97.8938,97.6496,98.8095,80.2503,80.0672,80.9219,81.2271,40.3846,40.0794,40.6288,40.6288,15.1099,14.8657,15.7814,15.5983,15.7814,14.6215,14.9878,14.8657,51.5262,20.757,27.4969,32.8694,94.0171,133.871,97.5336,77.7045,59,59,59,59,58.9438,59.4933,59.2491,59.6764,59,59,59,59,11.4469,11.2027,11.2637,11.8742,10.348,11.5079,11.0195,11.2027,11.8132,12.4847,12.4237,12.6068,54.4872,56.1355,55.2198,55.5861,26.4042,25.7936,25.9158,26.16,44.7802,59.5543,44.4139,43.8645,33.486,33.3028,33.486,32.3871,28.4799,28.3578,28.1746,28.0525,44.2918,43.9255,44.4139,44.1697,34.0965,33.9744,33.8523,33.0586,25.8547,25.9768,26.0989,26.0379,43.8034,44.475,43.6813,43.6813,33.2418,33.3639,33.4249,33.3028,26.6484,26.5263,25.8547,30.6777,44.6581,43.315,43.8034,44.1087,15.6593,15.232,30.9829,15.4762,15.3541,15.1099,38.9194,14.9878,16.0867,15.232,16.453,15.4151,35.3175,35.5006,36.0501,35.6838,97.2222,98.0769,97.2222,98.138,59.9817,59.188,60.1038,59.7375,59,59,59,59,59.6764,59.6764,59.6764,59.3712,5.7081800000000005,0.396825,0.396825,61.2637,41.3614,51.3126,33.2418,52.6557,12.4237,54.8535,2.77778,0.396825,1086.03,174.72299999999996,1453.75,0.0,1.0,1.0,1.0,1.0,0.0,0.07783949999999999,44.1346,43.9789,43.46,44.0308,0.129731,14.7156,95.4203,89.3508,89.1082,98.4935,0.0,7.90659,57.2852,0.0,0.0,-72.0176,98.5763,95.1803,44.8805,306.898,46.0983,272.60900000000004,287.825,51.0369,424.665,425.596,423.507,526.918,502.535,603.97,429.124,423.507,536.365,500.531,604.2330000000002,411.99300000000005,409.324,515.773,515.057,614.073,411.055,409.973,514.914,513.4590000000002,616.015,432.741,432.573,535.8580000000002,533.3530000000002,612.491,433.676,432.8130000000001,536.144,535.572,612.132,603.252,603.802,21.746,405.244,1144.42
2020-11-22 07:28:40,96.8559,97.8938,97.6496,98.8095,80.2503,80.0672,80.9219,81.2271,40.9341,40.0794,40.6288,40.0794,15.1099,14.8657,15.7814,15.5983,15.7814,14.6215,14.9878,14.8657,51.5262,20.757,27.4969,33.8461,94.0171,132.405,96.6544,77.7045,59,59,59,59,58.9438,59.4933,59.2491,59.6764,59,59,59,59,11.4469,11.2027,11.2637,11.8742,10.8974,10.6532,11.0195,11.2027,11.8132,12.4847,12.4237,12.6068,54.4872,56.1355,55.2198,55.5861,26.4042,25.7936,25.9158,26.16,44.7802,59.5543,43.8645,43.8645,33.486,33.3028,33.486,32.3871,28.4799,28.3578,28.1746,28.0525,44.2918,43.9255,44.4139,44.1697,34.0965,33.9744,33.8523,33.0586,25.8547,25.9768,26.0989,26.0379,43.8034,43.8645,43.6813,43.6813,33.2418,33.3639,33.4249,33.3028,26.6484,25.0611,25.8547,30.6777,44.6581,43.315,43.8034,44.1087,15.6593,15.232,30.9829,15.4762,15.3541,15.1099,38.9194,14.9878,16.0867,15.232,16.453,15.4151,35.3175,35.5006,36.0501,35.6838,97.2222,98.0769,97.2222,98.138,59.9817,59.188,60.1038,59.7375,59,59,59,59,59.6764,59.6764,59.6764,59.3712,5.7081800000000005,0.396825,0.396825,61.2637,41.3614,51.3126,33.2418,52.6557,12.4237,54.8535,2.77778,0.396825,1085.98,174.72299999999996,1464.06,0.0,1.0,1.0,1.0,1.0,0.0,0.07783949999999999,44.1346,43.9789,43.46,44.0308,0.129731,14.7156,96.5857,89.3508,88.3983,99.2015,0.0,7.90659,57.6307,0.0,0.0,-101.263,98.5763,95.1803,44.8805,306.335,45.5359,271.071,287.825,51.0369,424.665,425.596,423.507,526.918,502.535,603.97,429.124,423.507,536.365,500.531,604.2330000000002,411.99300000000005,409.324,515.773,515.057,614.073,411.055,409.973,514.914,513.4590000000002,616.015,432.741,432.573,535.8580000000002,533.3530000000002,612.491,433.676,432.8130000000001,536.144,535.572,612.132,603.252,603.802,21.746,405.772,1144.42
2020-11-22 07:28:45,96.8559,97.8938,97.6496,98.8095,80.2503,80.0672,80.9219,81.2271,40.9341,41.3614,40.6288,40.6899,15.1099,14.8657,15.7814,15.5983,15.7814,14.6215,14.9878,14.8657,51.5262,20.757,27.4969,33.8461,94.0171,132.405,94.1148,76.63,59,59,59,59,58.9438,59.4933,59.2491,59.6764,59,59,59,59,11.4469,11.2027,11.2637,11.8742,10.8974,10.6532,11.0195,11.2027,11.8132,12.4847,12.4237,12.6068,54.4872,56.1355,55.2198,55.5861,26.4042,25.7936,25.3663,26.16,44.7802,59.5543,43.8645,43.8645,33.486,33.3028,33.486,31.8376,28.4799,28.3578,28.1746,28.0525,44.2918,43.9255,44.4139,44.1697,34.0965,33.9744,33.8523,33.0586,25.8547,25.9768,26.0989,26.0379,43.8034,43.8645,43.6813,43.6813,33.2418,33.3639,33.4249,33.3028,26.6484,26.5873,25.8547,30.6777,44.6581,43.315,43.8034,44.1087,15.6593,15.232,30.9829,15.4762,15.3541,15.1099,38.9194,14.9878,16.0867,15.232,16.453,15.4151,35.3175,35.5006,36.0501,35.6838,97.2222,98.0769,97.2222,98.138,59.9817,59.188,60.1038,59.7375,59,59,59,59,59.6764,59.6764,59.6764,59.3712,5.7081800000000005,0.396825,0.396825,61.2637,41.3614,51.3126,33.2418,52.6557,12.4237,54.8535,2.77778,0.396825,1089.66,174.72299999999996,1463.0,0.0,1.0,1.0,1.0,1.0,0.0,0.07783949999999999,43.6676,43.9789,43.46,44.0308,0.129731,13.3631,95.8382,88.1284,88.5233,99.0834,0.0,7.90659,58.4586,0.0,0.0,-101.994,98.5763,95.1803,44.1934,306.868,46.1838,272.079,287.825,51.0369,424.665,425.596,423.507,526.918,502.535,603.97,429.124,423.507,536.508,500.531,604.2330000000002,411.99300000000005,409.324,515.773,515.057,614.073,411.055,409.973,514.914,513.4590000000002,616.015,432.741,432.573,535.8580000000002,533.3530000000002,612.491,433.676,432.8130000000001,536.144,535.572,612.132,603.252,603.802,21.746,405.772,1145.08
2020-11-22 07:28:50,96.8559,97.8938,97.6496,98.2601,80.2503,80.0672,80.9219,81.2271,40.9341,41.3614,41.4835,40.6899,15.1099,14.8657,15.7814,15.5983,15.7814,14.6215,14.9878,14.8657,50.5494,19.8779,27.4969,32.674,96.4591,134.359,91.3797,76.63,59,59,59,59,58.9438,59.4933,59.2491,59.6764,59,59,59,59,11.4469,11.2027,11.2637,11.8742,11.5079,10.6532,11.0195,11.2027,11.8132,12.4847,12.4237,12.6068,54.4872,56.1355,55.2198,55.5861,26.4042,25.7936,25.3663,26.16,44.7802,59.5543,43.8645,43.8645,33.486,33.3028,33.486,31.8376,28.4799,28.3578,28.1746,28.0525,44.2918,43.9255,43.6813,44.1697,34.0965,33.9744,33.8523,33.0586,25.8547,25.9768,26.0989,26.0379,43.8034,43.8645,43.6813,43.6813,33.2418,33.3639,33.4249,33.3028,26.6484,26.5873,25.8547,30.6777,44.6581,43.315,43.8034,44.1087,15.6593,15.232,30.9829,15.4762,15.3541,15.1099,38.9194,14.9878,16.0867,15.232,16.453,15.4151,35.3175,35.5006,36.0501,35.6838,97.2222,98.0769,97.2222,98.138,59.9817,59.188,60.1038,59.7375,59,59,59,59,59.6764,59.6764,59.6764,59.3712,5.7081800000000005,0.396825,0.396825,61.2637,42.9487,51.3126,33.2418,52.6557,12.4237,54.8535,2.77778,0.396825,1088.46,174.72299999999996,1464.41,0.0,1.0,1.0,1.0,1.0,0.0,0.07783949999999999,43.6676,43.9789,43.46,44.0308,0.129731,13.3631,96.9237,89.0457,89.6343,97.9392,0.0,7.90659,58.4698,0.0,0.0,-84.4047,98.5763,95.1803,43.4733,304.945,46.1838,275.678,287.825,51.0369,424.665,425.596,423.507,526.918,502.535,603.97,429.124,423.507,536.508,500.531,604.2330000000002,411.99300000000005,409.324,515.773,515.057,614.073,411.055,409.973,514.914,513.4590000000002,616.015,432.741,432.573,535.8580000000002,533.3530000000002,612.491,433.676,432.8130000000001,536.144,535.572,612.132,603.252,603.802,21.746,406.301,1145.58
2020-11-22 07:28:55,96.8559,97.8938,97.6496,98.2601,80.2503,80.0672,80.9219,81.2271,41.4225,41.3614,41.4835,41.5446,15.1099,14.8657,15.7814,15.5983,15.7814,14.6215,14.9878,14.8657,50.5494,19.8779,27.4969,32.674,96.4591,133.382,89.3284,76.63,59,59,59,59,58.9438,59.4933,59.2491,59.6764,59,59,59,59,11.4469,11.2027,11.2637,11.8742,11.5079,10.6532,11.0195,11.2027,11.8132,12.4847,11.8742,12.6068,54.4872,56.1355,55.2198,55.5861,26.4042,25.7936,25.3663,26.16,44.7802,59.5543,44.8413,43.8645,33.486,33.3028,33.486,31.2882,28.4799,28.3578,28.1746,28.0525,44.2918,43.9255,43.6813,44.1697,34.0965,33.9744,33.8523,33.0586,25.8547,25.9768,26.0989,26.0379,43.8034,43.8645,43.1319,43.6813,33.2418,33.3639,33.4249,33.3028,26.6484,26.5873,25.8547,30.6777,44.6581,43.315,43.8034,44.1087,15.6593,15.232,30.9829,15.4762,15.3541,15.1099,38.9194,14.9878,16.0867,15.232,16.453,15.4151,35.3175,35.5006,36.0501,35.6838,97.2222,98.0769,97.2222,98.138,59.9817,59.188,60.1038,59.7375,59,59,59,59,59.6764,59.6764,59.6764,59.3712,5.7081800000000005,0.396825,0.396825,61.2637,42.9487,51.3126,33.2418,52.6557,12.4237,54.8535,2.77778,0.396825,1086.06,174.72299999999996,1460.12,0.0,1.0,1.0,1.0,1.0,0.0,0.07783949999999999,43.6676,43.9789,43.46,44.0308,0.129731,14.0393,95.923,90.7332,88.9098,99.0363,0.0,7.90659,60.7949,0.0,0.0,-59.6715,98.5763,95.1803,44.1164,301.702,47.7466,276.709,287.825,51.0369,424.665,425.596,423.507,526.918,502.535,603.97,429.124,423.507,536.508,500.531,604.2330000000002,411.99300000000005,409.324,515.773,515.057,614.073,411.055,409.973,514.914,513.4590000000002,616.015,432.741,432.573,535.8580000000002,533.3530000000002,612.491,433.676,432.8130000000001,536.144,535.572,612.132,603.252,603.802,21.746,405.772,1145.58
2020-11-22 07:29:00,96.8559,97.8938,97.6496,98.2601,80.2503,80.0672,80.9219,81.2271,41.4225,42.033,41.4835,41.5446,15.1099,14.8657,15.7814,15.5983,15.7814,14.6215,14.9878,14.8657,50.5494,19.8779,27.4969,31.5995,97.4359,133.382,86.2027,76.63,59,59,59,59,58.9438,59.4933,59.2491,59.6764,59,59,59,59,11.4469,11.2027,11.2637,11.8742,11.5079,10.6532,11.0195,11.2027,11.8132,12.4847,11.8742,12.6068,54.4872,56.1355,55.2198,55.5861,26.4042,25.7936,25.9768,26.16,44.7802,59.5543,44.8413,43.8645,33.486,33.3028,33.486,31.2882,28.4799,28.3578,28.1746,28.0525,44.2918,43.9255,43.6813,44.1697,34.0965,33.9744,33.8523,33.0586,25.8547,25.9768,26.0989,26.0379,43.8034,43.8645,43.1319,43.6813,33.2418,33.3639,33.4249,33.3028,26.6484,25.5495,25.8547,30.6777,44.6581,43.315,43.8034,44.1087,15.6593,15.232,30.9829,15.4762,15.3541,15.1099,38.9194,14.9878,16.0867,15.232,16.453,15.4151,35.3175,35.5006,36.0501,35.6838,97.2222,98.0769,97.2222,98.138,59.9817,59.188,60.1038,59.7375,59,59,59,59,59.6764,59.6764,59.6764,59.3712,5.7081800000000005,0.396825,0.396825,61.2637,42.9487,50.2137,33.2418,52.6557,12.4237,54.8535,2.77778,0.396825,1084.86,174.72299999999996,1458.28,0.0,1.0,1.0,1.0,1.0,0.0,0.07783949999999999,43.6676,43.9789,43.46,44.0308,0.129731,14.0393,95.3028,89.5772,89.5816,98.2631,0.0,7.90659,61.5391,0.0,0.0,-70.2916,98.5763,95.1803,44.7034,300.086,47.7466,277.222,287.825,51.0369,424.665,425.596,423.507,526.918,502.535,603.97,430.156,423.507,536.508,500.531,604.2330000000002,411.99300000000005,409.324,515.773,515.057,614.073,411.055,409.973,514.914,513.4590000000002,616.015,432.741,432.573,535.8580000000002,533.3530000000002,612.491,433.676,432.8130000000001,536.144,535.572,612.132,603.252,603.802,21.746,405.244,1145.58
2020-11-22 07:29:05,96.8559,97.8938,97.6496,98.2601,80.2503,80.0672,80.9219,81.2271,41.4225,42.033,41.4835,41.5446,15.1099,14.8657,15.7814,15.5983,15.7814,14.6215,14.9878,14.8657,49.3773,20.8547,27.4969,31.5995,98.4127,132.405,86.2027,76.63,59,59,59,59,58.9438,59.4933,59.2491,59.6764,59,59,59,59,11.4469,11.2027,11.2637,11.8742,11.5079,10.6532,11.0195,11.2027,11.8132,12.4847,11.8742,12.6068,54.4872,56.1355,55.2198,55.5861,26.4042,25.7936,25.9768,26.16,44.7802,59.5543,44.8413,43.8645,33.486,33.3028,33.486,30.7387,28.4799,28.3578,28.1746,28.0525,44.2918,43.9255,43.6813,44.1697,34.0965,33.9744,33.8523,33.0586,25.8547,25.9768,26.0989,26.0379,43.8034,43.8645,43.1319,43.6813,33.2418,33.3639,33.4249,33.3028,26.6484,26.5873,25.8547,30.6777,44.6581,43.315,43.8034,44.1087,15.6593,15.232,30.9829,15.4762,15.3541,15.1099,38.9194,14.9878,16.0867,15.232,16.453,15.4151,35.3175,35.5006,36.0501,35.6838,97.2222,98.0769,97.2222,98.138,59.9817,59.188,60.1038,59.7375,59,59,59,59,59.6764,59.6764,59.6764,59.3712,5.7081800000000005,0.396825,0.396825,61.2637,42.9487,50.2137,33.2418,52.6557,12.4237,54.8535,2.77778,0.396825,1086.06,174.72299999999996,1455.3,0.0,1.0,1.0,1.0,1.0,0.0,0.07783949999999999,43.6676,43.9789,43.46,44.0308,0.129731,14.0393,96.3047,89.7501,89.5816,96.8492,0.0,7.90659,60.5622,0.0,0.0,-61.2854,98.5763,95.1803,46.0174,299.29,47.2337,279.026,287.825,51.0369,424.665,425.596,423.507,526.918,502.535,603.97,430.156,423.507,536.389,500.531,604.2330000000002,411.99300000000005,409.324,515.773,515.057,614.073,411.055,409.973,514.914,513.4590000000002,616.015,432.741,432.573,535.8580000000002,533.3530000000002,612.491,433.676,432.8130000000001,536.144,535.572,612.132,603.252,603.802,21.746,406.301,1145.58
2020-11-22 07:29:10,96.8559,97.8938,97.6496,98.2601,80.2503,80.0672,80.9219,81.2271,41.9719,42.033,41.4835,41.5446,15.1099,14.8657,15.7814,15.5983,15.7814,14.6215,14.9878,14.8657,49.3773,20.8547,27.4969,32.674,97.5336,132.405,88.84,76.63,59,59,59,59,58.9438,59.4933,59.2491,59.6764,59,59,59,59,11.4469,11.2027,11.2637,11.8742,11.5079,10.6532,11.0195,11.2027,11.8132,12.4847,12.4237,12.6068,54.4872,56.1355,55.2198,55.5861,26.4042,25.7936,25.9768,26.16,44.7802,59.5543,44.8413,43.8645,33.486,33.3028,33.486,30.7387,28.4799,28.3578,28.1746,28.0525,44.2918,43.9255,43.6813,44.1697,34.0965,33.9744,33.8523,33.0586,25.8547,25.9768,26.0989,26.0379,43.8034,43.8645,43.1319,43.6813,33.2418,33.3639,33.4249,33.3028,26.6484,26.5873,25.8547,30.6777,44.6581,43.315,43.8034,44.1087,15.6593,15.232,30.9829,15.4762,14.7436,15.1099,38.9194,14.9878,16.0867,15.232,16.453,15.4151,35.3175,35.5006,36.0501,35.6838,97.2222,98.0769,97.2222,98.138,59.9817,59.188,60.1038,59.7375,59,59,59,59,59.6764,59.6764,59.6764,59.3712,5.7081800000000005,0.396825,0.396825,61.2637,42.9487,50.2137,33.2418,52.6557,12.4237,54.8535,2.77778,0.396825,1086.09,174.72299999999996,1458.71,0.0,1.0,1.0,1.0,1.0,0.0,0.07783949999999999,43.6676,43.9789,43.46,43.5638,0.129731,14.6568,95.5733,90.366,89.5816,98.652,0.0,7.90659,59.5915,0.0,0.0,-66.618,98.5763,95.1803,46.0174,300.015,47.2337,279.541,287.825,51.0369,424.665,425.596,423.507,526.918,502.535,603.97,430.156,423.507,536.246,500.531,604.2330000000002,411.99300000000005,409.324,515.773,515.057,614.073,411.055,409.973,514.914,513.4590000000002,616.015,432.741,432.573,535.8580000000002,533.3530000000002,612.491,433.676,432.8130000000001,536.144,535.572,612.132,603.252,603.802,21.746,405.772,1145.58
2020-11-22 07:29:15,96.8559,97.8938,97.6496,98.2601,80.2503,80.0672,80.9219,81.2271,41.9719,42.033,41.4835,41.5446,15.1099,14.8657,15.7814,14.9878,15.7814,14.6215,14.9878,14.8657,50.2564,20.8547,27.4969,33.5531,97.5336,131.233,89.7192,76.63,59,59,59,59,58.9438,59.4933,59.2491,59.6764,59,59,59,59,11.4469,11.2027,11.2637,11.8742,11.5079,10.6532,11.0195,11.2027,11.8132,12.4847,12.4237,12.6068,54.4872,56.1355,55.2198,55.5861,26.4042,25.7936,25.9768,26.16,44.7802,59.5543,44.8413,43.8645,33.486,33.3028,33.486,37.7595,28.4799,28.3578,28.1746,28.0525,44.2918,43.9255,43.6813,44.1697,34.0965,33.9744,33.8523,33.0586,25.8547,25.9768,26.0989,26.0379,43.8034,43.8645,43.1319,43.6813,33.2418,33.3639,33.4249,33.3028,26.6484,26.5873,25.8547,30.6777,44.1087,43.315,43.8034,44.1087,15.6593,15.232,30.9829,15.4762,14.7436,15.1099,38.9194,14.9878,16.0867,15.232,16.453,15.4151,35.3175,35.5006,36.0501,35.6838,97.2222,98.0769,97.2222,98.138,59.9817,59.188,60.1038,59.7375,59,59,59,59,59.6764,59.6764,59.6764,59.3712,5.7081800000000005,0.396825,0.396825,61.2637,42.9487,50.2137,33.2418,52.6557,12.4237,54.8535,2.77778,0.396825,1086.09,174.075,1468.52,0.0,1.0,1.0,1.0,1.0,0.0,0.07783949999999999,43.6676,43.5119,42.993,43.5638,0.129731,15.2595,96.1201,91.1597,89.0901,98.9819,0.0,7.90659,58.7275,0.0,0.0,-49.7144,98.5763,95.1803,46.0174,299.7270000000001,47.9393,279.016,287.825,51.0369,424.665,425.596,423.507,526.918,502.535,603.97,430.156,423.507,536.246,500.531,604.2330000000002,411.99300000000005,409.324,515.773,515.057,614.073,411.055,409.973,514.914,513.4590000000002,616.015,432.741,432.573,535.8580000000002,533.3530000000002,612.491,433.676,432.8130000000001,536.144,535.572,612.132,603.252,603.802,21.746,406.83,1145.58
2020-11-22 07:29:20,96.8559,97.8938,97.6496,98.2601,80.2503,80.0672,80.9219,81.2271,42.5214,42.033,42.9487,41.5446,15.1099,14.8657,15.7814,15.6593,15.7814,14.6215,14.9878,14.8657,50.2564,21.7338,27.4969,33.5531,96.2637,130.35399999999998,90.5983,76.63,59,59,59,59,58.9438,59.4933,59.2491,59.6764,59,59,59,59,11.4469,11.2027,11.2637,11.8742,11.5079,10.6532,11.0195,11.2027,11.8132,12.4847,12.4237,12.6068,54.4872,56.1355,55.2198,55.5861,26.4042,25.7936,25.9768,26.16,44.7802,59.5543,44.8413,43.8645,33.486,33.3028,33.486,37.149,28.4799,28.3578,28.1746,28.0525,44.2918,43.9255,43.6813,44.1697,34.0965,33.9744,33.8523,33.0586,25.8547,25.9768,26.0989,26.0379,43.8034,43.8645,43.1319,43.6813,33.2418,33.3639,33.4249,33.3028,26.6484,25.4884,25.8547,30.6777,44.1087,43.315,43.8034,44.1087,15.6593,15.232,30.9829,15.4762,14.7436,14.5604,38.9194,14.9878,16.0867,15.232,16.453,15.4151,35.3175,35.5006,36.0501,35.6838,97.2222,98.0769,97.2222,98.138,59.9817,59.188,60.1038,59.7375,59,59,59,59,59.6764,59.6764,59.6764,59.3712,5.7081800000000005,0.396825,0.396825,61.2637,42.9487,50.2137,33.2418,52.6557,10.348,54.8535,2.77778,0.396825,1087.21,174.075,1461.69,0.0,1.0,1.0,1.0,1.0,0.0,0.07783949999999999,43.6676,43.5119,42.993,43.5638,0.129731,13.9952,97.593,89.5443,89.0901,99.2698,0.0,7.90659,61.668,0.0,0.0,-37.2743,98.5763,95.1803,46.0174,302.389,49.3468,277.72700000000003,287.825,51.0369,424.665,425.596,423.507,526.918,502.535,603.97,430.156,423.507,536.102,500.531,604.2330000000002,411.99300000000005,409.324,515.773,515.057,614.073,411.055,409.973,514.914,513.4590000000002,616.015,432.741,432.573,535.8580000000002,533.3530000000002,612.491,433.676,432.8130000000001,536.144,535.572,612.132,603.252,603.802,21.746,406.83,1146.14
2020-11-22 07:29:25,96.8559,97.8938,97.6496,98.2601,80.2503,80.0672,80.9219,81.2271,43.1319,42.033,42.9487,41.5446,15.1099,14.8657,15.7814,15.6593,15.7814,14.6215,14.9878,14.8657,50.2564,21.7338,26.6178,34.7253,96.2637,131.33100000000002,91.6728,77.8022,59,59,59,59,58.9438,59.4933,59.2491,59.6764,59,59,59,59,11.4469,11.2027,11.2637,11.8742,11.5079,10.6532,11.0195,11.2027,11.8132,12.4847,12.4237,12.6068,54.4872,56.1355,55.2198,55.5861,26.4042,25.7936,25.9768,26.16,44.7802,59.5543,44.8413,43.8645,33.486,33.3028,33.486,35.8059,28.4799,28.3578,28.1746,28.0525,44.2918,43.9255,43.6813,44.1697,34.0965,33.9744,33.8523,33.0586,25.8547,25.9768,26.0989,26.0379,43.8034,43.8645,43.1319,43.6813,33.2418,33.3639,33.4249,33.3028,26.6484,26.8315,25.8547,30.6777,44.1087,43.315,43.8034,44.1087,15.6593,15.232,30.9829,15.4762,14.7436,14.5604,38.9194,14.9878,16.0867,15.232,16.453,15.4151,35.3175,35.5006,36.0501,35.6838,97.2222,98.0769,97.2222,98.138,59.9817,59.188,60.1038,59.7375,59,59,59,59,59.6764,59.6764,59.6764,59.3712,5.7081800000000005,0.396825,0.396825,61.2637,42.9487,50.2137,33.2418,52.6557,10.348,54.8535,2.77778,0.396825,1087.21,174.075,1460.89,0.0,1.0,1.0,1.0,1.0,0.0,0.07783949999999999,43.6676,43.5119,42.993,43.5638,0.129731,13.9952,95.785,90.2705,88.4801,98.3,0.0,7.90659,62.1016,0.0,0.0,-17.6348,98.5763,95.1803,46.0174,307.982,49.3468,276.7,287.825,51.0369,424.665,425.596,423.507,526.918,502.535,603.97,430.156,423.507,535.9590000000002,500.531,604.2330000000002,411.99300000000005,409.324,515.773,515.057,614.073,411.055,409.973,514.914,513.4590000000002,616.015,432.741,432.573,535.8580000000002,533.3530000000002,612.491,433.676,432.8130000000001,536.144,535.572,612.132,603.252,603.802,21.746,406.301,1146.14
2020-11-22 07:29:30,96.8559,97.8938,97.6496,97.7106,80.2503,80.0672,80.9219,81.2271,43.1319,42.033,42.9487,41.5446,15.1099,14.8657,15.7814,15.6593,15.7814,14.6215,14.9878,14.8657,51.3309,22.6129,26.6178,35.6044,95.2869,132.21,92.5519,76.8254,59,59,59,59,58.9438,59.4933,59.2491,59.6764,59,59,59,59,11.4469,11.2027,11.2637,11.8742,11.5079,10.6532,11.0195,11.2027,11.8132,12.4847,12.4237,12.6068,54.4872,56.1355,55.2198,55.5861,26.4042,25.7936,25.9768,26.16,44.7802,59.5543,44.8413,43.8645,33.486,33.3028,33.486,35.1954,28.4799,28.3578,28.1746,28.0525,44.2918,43.9255,43.6813,44.1697,34.0965,33.9744,33.3028,33.0586,25.8547,25.9768,26.0989,26.0379,43.8034,43.8645,43.1319,43.6813,33.2418,33.3639,33.4249,33.3028,26.6484,26.8315,25.8547,30.6777,44.1087,43.315,43.8034,44.1087,15.6593,15.232,30.9829,15.4762,14.7436,14.5604,38.9194,14.9878,16.0867,15.232,16.453,15.4151,35.3175,35.5006,36.0501,35.6838,97.2222,98.0769,97.2222,98.138,59.9817,59.188,60.1038,59.7375,59,59,59,59,59.6764,59.6764,59.6764,59.3712,5.7081800000000005,0.396825,0.396825,61.2637,42.9487,50.2137,33.2418,52.6557,10.348,54.8535,2.77778,0.396825,1090.81,174.075,1457.33,0.0,1.0,1.0,1.0,1.0,0.0,0.07783949999999999,43.6676,43.5119,42.993,43.5638,0.129731,13.9952,96.5449,89.3316,89.132,98.9741,0.0,7.90659,58.1826,0.0,0.0,-49.9907,98.5763,95.1803,46.0174,309.394,50.0885,276.7,287.825,51.0369,424.665,425.596,423.507,526.918,502.535,603.97,430.156,423.507,535.816,500.531,604.2330000000002,411.99300000000005,409.324,515.773,515.057,614.073,411.055,409.973,514.914,513.4590000000002,616.015,432.741,432.573,535.8580000000002,533.3530000000002,612.491,433.676,432.8130000000001,536.144,535.572,613.138,603.252,603.802,21.746,406.83,1146.14
2020-11-22 07:29:35,96.8559,97.8938,97.6496,97.7106,80.2503,80.0672,80.9219,81.8987,43.1319,42.033,42.9487,41.5446,15.1099,14.8657,15.7814,15.6593,15.7814,14.6215,14.9878,14.8657,50.1587,22.6129,26.6178,34.6276,95.2869,132.21,90.4029,76.8254,59,59,59,59,58.9438,59.4933,59.2491,59.6764,59,59,59,59,11.4469,11.2027,11.2637,11.8742,11.5079,10.6532,11.0195,11.2027,11.8132,12.4847,12.4237,12.6068,54.4872,56.1355,55.2198,55.5861,26.4042,25.7936,25.9768,26.16,44.7802,59.5543,44.8413,43.8645,33.486,33.3028,33.486,34.5238,28.4799,28.3578,28.1746,28.0525,44.2918,43.9255,43.6813,44.1697,34.0965,33.9744,33.3028,33.0586,25.8547,25.9768,26.0989,26.0379,43.8034,43.8645,43.1319,43.6813,33.2418,33.3639,33.4249,33.3028,26.6484,25.1221,25.8547,30.6777,44.1087,43.315,43.8034,44.1087,15.6593,15.232,30.9829,15.4762,14.7436,14.5604,38.9194,14.9878,16.0867,15.232,16.453,15.4151,35.3175,35.5006,36.0501,35.6838,97.2222,98.0769,97.2222,98.138,59.9817,59.188,60.1038,59.7375,59,59,59,59,59.6764,59.6764,59.6764,59.3712,5.7081800000000005,0.396825,0.396825,61.2637,42.9487,50.2137,33.2418,52.6557,10.348,54.8535,2.77778,0.396825,1093.2,174.075,1458.12,0.0,1.0,1.0,1.0,1.0,0.0,0.07783949999999999,43.6676,43.5119,42.993,43.5638,0.129731,14.6715,96.5449,88.6464,90.0915,99.8474,0.0,7.90659,61.5435,0.0,0.0,-55.1113,98.5763,95.1803,47.43,309.394,50.8773,277.736,287.825,51.0369,424.665,426.628,423.507,526.918,502.535,603.97,430.156,423.507,535.816,500.531,604.2330000000002,411.99300000000005,409.324,515.773,515.057,614.073,411.055,409.973,514.914,513.4590000000002,616.015,432.741,432.573,535.8580000000002,533.3530000000002,612.491,433.676,432.8130000000001,536.144,535.572,613.138,603.252,603.802,21.746,405.772,1147.28
2020-11-22 07:29:40,96.8559,97.8938,97.6496,97.7106,80.2503,80.0672,80.9219,81.8987,43.1319,42.033,41.9719,41.5446,15.1099,14.8657,15.7814,15.6593,15.7814,14.6215,14.9878,14.8657,51.3309,22.6129,25.7387,34.6276,95.2869,132.21,90.4029,77.8022,59,59,59,59,58.9438,59.4933,59.2491,59.6764,59,59,59,59,11.4469,11.2027,11.2637,11.8742,11.5079,10.6532,11.0195,11.2027,11.8132,12.4847,11.8742,12.0574,54.4872,56.1355,54.6703,55.5861,26.4042,25.7936,25.9768,26.16,44.7802,59.5543,44.8413,43.8645,33.486,33.3028,33.486,34.5238,28.4799,28.3578,28.1746,28.0525,44.2918,43.9255,43.6813,44.1697,34.0965,33.9744,33.3028,33.0586,25.8547,25.9768,26.0989,26.0379,43.8034,43.8645,43.1319,43.6813,33.2418,33.3639,33.4249,33.3028,26.6484,26.4042,25.8547,30.6777,44.1087,43.315,43.8034,44.1087,15.6593,14.6825,30.9829,15.4762,14.7436,14.5604,38.9194,14.9878,16.0867,15.232,16.453,15.4151,35.3175,35.5006,36.0501,35.6838,97.2222,98.0769,97.2222,98.138,59.9817,59.188,60.1038,59.7375,59,59,59,59,59.6764,59.6764,59.6764,59.3712,5.7081800000000005,0.396825,0.396825,61.2637,44.4139,50.2137,33.2418,52.6557,10.348,54.8535,2.77778,0.396825,1093.23,174.075,1453.24,0.0,1.0,1.0,1.0,1.0,0.0,0.07783949999999999,43.6676,43.5119,42.993,43.5638,0.129731,13.9511,96.5069,89.4787,89.9176,98.5054,0.0,7.90659,59.1012,0.0,0.0,-40.978,98.5763,95.1803,48.62,309.394,51.4523,278.256,287.825,51.0369,424.665,426.628,423.507,526.918,502.535,603.97,430.156,423.507,535.673,500.531,604.2330000000002,411.99300000000005,409.324,515.773,515.057,614.073,411.055,409.973,514.914,513.4590000000002,616.015,432.741,432.573,535.8580000000002,533.3530000000002,612.491,433.676,432.8130000000001,536.144,535.572,613.138,603.252,603.802,21.746,406.301,1148.54
2020-11-22 07:29:45,96.8559,97.8938,97.6496,97.7106,80.2503,80.0672,80.9219,81.8987,43.1319,42.033,41.9719,41.5446,15.1099,14.8657,15.7814,15.6593,15.7814,14.6215,14.9878,14.8657,52.21,21.7338,25.7387,35.6044,94.4078,132.21,92.5519,77.8022,59,59,59,59,58.9438,59.4933,59.2491,59.6764,59,59,59,59,11.4469,11.2027,11.2637,11.8742,10.9585,10.6532,11.0195,11.2027,11.8132,12.4847,11.8742,12.0574,54.4872,56.1355,54.6703,55.5861,26.4042,25.7936,25.9768,26.16,44.7802,59.5543,44.8413,43.8645,33.486,33.3028,33.486,33.9744,28.4799,28.3578,28.1746,28.0525,44.2918,43.9255,43.6813,43.6203,34.0965,33.9744,33.3028,33.0586,25.8547,25.9768,26.0989,26.0379,43.8034,43.8645,43.1319,43.6813,33.2418,33.3639,33.4249,33.3028,26.6484,26.4042,25.8547,30.6777,44.1087,43.315,43.8034,44.1087,15.6593,14.6825,30.9829,15.4762,14.7436,15.1099,38.9194,14.9878,16.0867,15.232,16.453,15.4151,35.3175,35.5006,36.0501,35.6838,97.2222,98.0769,97.2222,98.138,59.9817,59.188,60.1038,59.7375,59,59,59,59,59.6764,59.6764,59.6764,59.3712,5.7081800000000005,0.396825,0.396825,61.2637,44.4139,50.2137,33.2418,52.6557,10.348,54.8535,2.77778,0.396825,1092.12,173.546,1457.71,0.0,1.0,1.0,1.0,1.0,0.0,0.07783949999999999,43.6676,43.5119,42.993,43.5638,0.129731,13.9511,96.5069,90.9776,89.8662,98.4949,0.0,7.90659,58.49800000000001,0.0,0.0,-46.5752,98.5763,95.1803,51.1164,307.237,50.739,278.781,287.825,51.0369,424.665,426.628,423.507,526.918,502.535,603.97,430.156,423.507,535.53,500.531,604.2330000000002,411.99300000000005,409.324,515.773,515.057,614.073,411.055,409.973,514.914,513.4590000000002,616.015,432.741,432.573,535.8580000000002,533.3530000000002,612.491,433.676,432.8130000000001,536.144,535.572,613.138,603.252,603.802,21.746,405.772,1149.16
2020-11-22 07:29:50,96.8559,97.8938,97.6496,97.1612,80.2503,80.0672,80.9219,81.8987,41.8498,42.033,41.9719,41.5446,15.1099,14.8657,15.7814,15.6593,15.7814,14.6215,14.9878,14.8657,52.21,21.7338,25.7387,36.6789,93.5287,133.382,92.5519,76.9231,59,59,59,59,58.9438,59.4933,59.2491,59.6764,59,59,59,59,11.4469,11.2027,11.2637,11.8742,10.9585,10.6532,11.0195,11.2027,11.8132,12.4847,11.8742,12.0574,54.4872,56.1355,54.6703,55.5861,26.4042,25.7936,25.9768,26.16,44.7802,59.5543,44.8413,43.8645,33.486,33.3028,33.486,33.9744,28.4799,28.3578,28.1746,28.0525,44.2918,43.9255,43.6813,43.6203,34.0965,33.9744,33.3028,33.0586,25.8547,25.9768,26.0989,26.0379,43.8034,43.8645,43.1319,43.6813,33.2418,33.3639,33.4249,33.3028,26.6484,26.4042,26.4042,30.6777,44.1087,43.315,43.8034,44.1087,15.6593,14.6825,30.9829,15.4762,14.7436,15.1099,38.9194,14.9878,16.0867,15.232,16.453,15.4151,35.3175,35.5006,36.0501,35.6838,97.2222,98.0769,97.2222,98.138,59.9817,59.188,60.1038,59.7375,59,59,59,59,59.6764,59.6764,59.6764,59.3712,5.7081800000000005,0.396825,0.396825,61.2637,44.4139,48.9316,33.2418,52.6557,10.348,54.8535,2.77778,0.396825,1095.72,173.546,1456.6,0.0,1.0,1.0,1.0,1.0,0.0,0.07783949999999999,43.6676,43.5119,42.993,43.5638,0.129731,13.9511,96.3972,90.9656,89.8662,98.4949,0.0,7.90659,58.4935,0.0,0.0,-55.8117,98.5763,95.1803,53.0884,304.187,51.3677,279.823,287.825,51.0369,424.665,426.628,423.507,527.944,502.535,603.97,430.156,423.507,535.53,500.531,604.2330000000002,411.99300000000005,409.324,515.773,515.057,614.073,411.055,409.973,514.914,513.4590000000002,616.015,432.741,432.573,535.8580000000002,533.3530000000002,612.491,433.676,432.8130000000001,536.144,535.572,613.138,603.252,603.802,21.746,405.772,1149.69
2020-11-22 07:29:55,96.8559,97.8938,97.6496,97.1612,80.2503,80.0672,80.9219,81.8987,41.8498,42.033,41.9719,41.5446,15.1099,14.8657,15.7814,15.6593,15.7814,14.6215,14.9878,14.8657,52.21,21.7338,25.7387,35.7998,93.5287,133.382,94.2124,76.9231,59,59,59,59,58.9438,59.4933,59.2491,59.6764,59,59,59,59,11.4469,11.2027,11.2637,11.8742,10.9585,10.6532,11.0195,11.2027,11.8132,12.4847,11.8742,12.0574,54.4872,56.1355,54.6703,55.5861,26.4042,25.7936,25.9768,26.16,44.7802,59.5543,44.8413,43.8645,33.486,33.3028,33.486,33.3639,28.4799,28.3578,28.1746,28.0525,43.7424,43.9255,43.6813,43.6203,34.0965,33.9744,33.3028,33.0586,25.8547,25.9768,26.0989,26.0379,43.8034,43.8645,43.1319,43.6813,33.2418,33.3639,33.4249,33.3028,26.6484,25.4884,26.4042,30.6777,44.1087,43.315,43.8034,44.1087,15.6593,14.6825,30.9829,15.4762,14.7436,15.1099,38.9194,14.9878,16.0867,15.232,16.453,15.4151,35.3175,35.5006,36.0501,35.6838,97.2222,98.0769,97.2222,98.138,59.9817,59.188,60.1038,59.7375,59,59,59,59,59.6764,59.6764,59.6764,59.3712,5.7081800000000005,0.396825,0.396825,61.2637,44.4139,48.9316,33.2418,52.6557,10.348,54.8535,2.77778,0.396825,1093.26,173.546,1455.38,0.0,1.0,1.0,1.0,1.0,0.0,0.07783949999999999,43.6676,43.5119,42.993,43.5638,0.129731,13.9511,96.5886,90.4712,88.6921,98.5524,0.0,7.90659,61.6877,0.0,0.0,-39.8873,98.5763,95.1803,53.8054,301.69,50.8368,279.823,287.825,51.0369,424.665,426.628,423.507,527.944,502.535,603.97,430.156,423.507,535.387,500.531,604.2330000000002,411.99300000000005,409.324,515.773,515.057,614.073,411.055,409.973,514.914,513.4590000000002,616.015,432.741,432.573,535.8580000000002,533.3530000000002,612.491,433.676,432.8130000000001,536.144,535.572,613.138,603.252,603.802,21.917,405.772,1150.77
2020-11-22 07:30:00,96.8559,97.8938,97.6496,97.1612,80.2503,80.0672,80.9219,81.8987,41.8498,42.033,41.4225,41.5446,15.1099,14.8657,15.7814,15.6593,15.7814,14.6215,14.9878,14.8657,53.1868,21.7338,25.7387,36.6789,93.5287,134.359,95.0916,76.9231,59,59,59,59,58.9438,59.4933,59.2491,59.6764,59,59,59,59,11.4469,11.2027,11.2637,11.8742,10.9585,10.6532,11.0195,11.2027,11.8132,12.4847,11.8742,12.0574,54.4872,56.1355,54.6703,55.5861,26.4042,25.7936,25.9768,26.16,44.7802,59.5543,44.1697,43.8645,33.486,33.3028,33.486,33.3639,28.4799,28.3578,28.1746,28.0525,43.7424,43.9255,43.6813,43.6203,34.0965,33.9744,33.3028,33.0586,25.8547,25.9768,26.0989,26.0379,43.8034,43.8645,43.1319,43.0708,33.2418,33.3639,33.4249,33.3028,26.6484,26.221,26.4042,30.6777,44.1087,43.315,43.8034,44.1087,15.6593,14.6825,30.9829,15.4762,14.7436,15.1099,38.9194,14.9878,16.0867,15.232,16.453,15.4151,35.3175,35.5006,36.0501,35.6838,97.2222,98.0769,97.2222,98.138,59.9817,59.188,60.1038,59.7375,59,59,59,59,59.6764,59.6764,59.6764,59.3712,5.7081800000000005,0.396825,0.396825,61.2637,44.4139,48.9316,33.2418,52.6557,10.348,54.8535,2.77778,0.396825,1088.55,172.942,1454.4,0.0,1.0,1.0,1.0,1.0,0.0,0.07783949999999999,43.6676,43.5119,42.993,43.5638,0.129731,13.9511,96.5886,91.0667,89.4787,97.9133,0.0,7.90659,58.9778,0.0,0.0,-68.0358,98.5763,95.1803,53.303,303.567,51.5338,280.36,287.825,51.0369,424.665,426.628,423.507,527.944,503.537,603.97,430.156,423.507,535.244,500.531,604.2330000000002,411.99300000000005,409.324,515.773,515.057,614.073,411.055,409.973,514.914,513.4590000000002,616.015,432.741,432.573,535.8580000000002,533.3530000000002,612.491,433.676,432.8130000000001,536.144,535.572,613.138,603.252,603.802,21.917,405.772,1150.77
2020-11-22 07:30:05,96.8559,97.8938,97.6496,97.1612,80.2503,80.0672,80.9219,81.8987,41.8498,42.033,41.4225,41.5446,15.1099,14.8657,15.7814,15.6593,15.7814,14.6215,14.9878,14.8657,53.1868,21.7338,25.7387,36.6789,94.5055,134.359,95.0916,78.3883,59,59,59,59,58.9438,59.4933,59.2491,59.6764,59,59,59,59,11.4469,11.2027,11.2637,11.8742,10.9585,10.6532,11.0195,11.2027,11.8132,12.4847,11.8742,12.0574,54.4872,56.1355,55.8303,55.5861,26.4042,25.7936,25.9768,26.16,44.7802,59.5543,44.1697,43.8645,33.486,33.3028,33.486,32.8144,28.4799,28.3578,28.1746,28.0525,43.7424,43.9255,43.6813,43.0708,34.0965,33.9744,33.3028,33.0586,25.8547,25.9768,26.0989,26.0379,43.8034,43.8645,43.1319,43.9255,33.2418,33.3639,33.4249,33.3028,26.6484,26.221,26.4042,30.6777,44.1087,43.315,43.8034,44.1087,15.6593,14.6825,30.9829,15.4762,14.7436,15.1099,38.9194,14.9878,16.0867,15.232,16.453,15.4151,35.3175,35.5006,36.0501,35.6838,97.2222,98.0769,97.2222,98.138,59.9817,59.188,60.1038,59.7375,59,59,59,59,59.6764,59.6764,59.6764,59.3712,5.7081800000000005,0.396825,0.396825,61.2637,44.4139,48.9316,33.2418,52.6557,10.348,54.8535,2.77778,0.396825,1086.21,172.42,1456.22,0.0,1.0,1.0,1.0,1.0,0.0,0.07783949999999999,43.6676,43.5119,42.993,43.5638,0.129731,14.5685,97.2076,90.9556,89.4787,97.7246,0.0,7.90659,59.8779,0.0,0.0,-84.9577,98.5763,95.1803,52.534,306.576,50.90600000000001,280.89,287.825,51.0369,424.665,426.628,423.507,527.944,503.537,603.97,430.156,423.507,535.244,500.531,604.2330000000002,411.99300000000005,409.324,515.773,515.057,614.073,411.055,409.973,514.914,514.461,616.015,432.741,432.573,535.8580000000002,533.3530000000002,612.491,433.676,432.8130000000001,536.144,535.572,613.138,603.252,603.802,21.917,405.772,1150.77
2020-11-22 07:30:10,96.8559,97.8938,97.6496,97.1612,80.2503,80.0672,80.9219,81.8987,41.8498,42.033,40.87300000000001,41.5446,15.1099,14.8657,15.7814,14.9878,15.7814,14.6215,14.9878,14.8657,53.1868,20.8547,25.7387,36.6789,95.4823,134.359,94.2124,77.4115,59,59,59,59,58.9438,59.4933,59.2491,59.6764,59,59,59,59,11.4469,11.2027,11.2637,11.8742,10.409,11.2027,11.0195,11.2027,11.8132,12.4847,11.8742,12.0574,54.4872,56.1355,55.8303,55.5861,26.4042,25.7936,25.9768,26.16,44.7802,59.5543,44.1697,43.8645,32.8144,33.3028,33.486,32.8144,28.4799,28.3578,28.1746,28.0525,43.7424,43.9255,43.6813,43.0708,34.0965,33.9744,33.3028,33.0586,25.8547,25.9768,26.0989,26.0379,43.8034,43.8645,43.1319,43.9255,33.2418,33.3639,33.4249,33.3028,26.6484,26.221,26.4042,30.1282,44.1087,43.315,43.8034,44.1087,15.6593,14.6825,30.9829,15.4762,14.7436,15.1099,38.9194,14.9878,16.0867,15.232,16.453,15.4151,35.3175,35.5006,36.0501,35.6838,97.2222,98.0769,97.2222,98.138,59.9817,59.188,60.1038,59.7375,59,59,59,59,59.6764,59.6764,59.6764,59.3712,5.7081800000000005,0.396825,0.396825,61.2637,44.4139,49.8474,33.2418,52.6557,10.348,54.8535,2.77778,0.396825,1082.59,172.42,1460.67,0.0,1.0,1.0,1.0,1.0,0.0,0.07783949999999999,43.6676,43.5119,42.993,43.5638,0.129731,14.5685,96.5338,90.6905,90.24,100.161,0.0,7.90659,61.4517,0.0,0.0,-90.6916,98.5763,95.1803,51.4251,310.473,51.5015,281.932,287.825,51.0369,424.665,426.628,423.507,527.944,503.537,603.97,430.156,423.507,535.244,500.531,604.2330000000002,411.99300000000005,409.324,515.773,515.057,614.073,411.055,409.973,514.914,514.461,616.015,432.741,432.573,535.8580000000002,533.3530000000002,612.491,433.676,432.8130000000001,536.144,535.572,613.138,603.252,603.802,21.917,405.772,1149.55
2020-11-22 07:30:15,96.8559,97.8938,97.6496,97.1612,80.2503,80.0672,80.9219,81.8987,41.8498,42.033,42.1551,41.5446,15.1099,14.8657,15.7814,15.6593,15.7814,14.6215,14.9878,14.8657,52.3077,20.8547,25.7387,35.7998,96.3614,134.359,94.2124,77.4115,59,59,59,59,58.9438,59.4933,59.2491,59.6764,59,59,59,59,11.4469,11.2027,11.2637,11.8742,10.409,11.8132,11.0195,11.2027,11.8132,12.4847,11.8742,12.0574,54.4872,56.1355,55.8303,55.5861,26.4042,25.7936,25.9768,26.16,44.7802,59.5543,44.1697,43.8645,32.8144,33.3028,33.486,32.0208,28.4799,27.8083,28.1746,28.0525,43.7424,43.9255,43.6813,43.0708,34.0965,33.9744,33.3028,33.0586,25.8547,25.9768,26.0989,26.0379,43.254,43.8645,43.1319,43.9255,33.2418,33.3639,33.4249,33.3028,26.6484,24.8168,26.4042,30.1282,44.1087,43.315,43.8034,44.1087,15.6593,14.6825,30.9829,15.4762,14.7436,15.1099,38.9194,14.9878,16.0867,15.232,16.453,15.4151,35.3175,35.5006,36.0501,35.6838,97.2222,98.0769,97.2222,98.138,59.9817,59.188,60.1038,59.7375,59,59,59,59,59.6764,59.6764,59.6764,59.3712,5.7081800000000005,0.396825,0.396825,62.4237,45.9402,50.9463,35.3175,54.0598,10.348,54.8535,2.77778,0.396825,1087.44,175.517,1461.68,0.0,1.0,1.0,1.0,1.0,0.0,0.07783949999999999,44.1865,44.6535,43.5638,44.6017,0.129731,14.5685,97.514,88.9865,89.4216,99.3336,0.0,7.90659,61.6784,0.0,0.0,-71.6935,98.5763,95.1803,50.7979,314.092,51.6168,282.453,287.825,51.0369,424.665,426.628,423.507,528.946,503.537,603.97,430.156,423.507,535.244,500.531,604.2330000000002,411.99300000000005,409.324,515.773,515.057,614.073,411.055,409.973,514.914,514.461,616.015,432.741,432.573,535.8580000000002,533.3530000000002,612.491,433.676,432.8130000000001,536.144,535.572,613.138,603.252,603.802,21.917,405.772,1148.98
2020-11-22 07:30:20,96.8559,97.8938,97.6496,97.1612,80.2503,80.0672,80.9219,81.8987,41.8498,42.033,41.6056,41.5446,15.1099,14.8657,15.7814,15.6593,15.7814,14.6215,14.9878,14.8657,50.9402,20.8547,26.6178,35.7998,97.3382,134.359,94.2124,77.4115,59,59,59,59,58.9438,59.4933,59.2491,59.6764,59,59,59,59,11.4469,11.2027,11.2637,11.8742,10.7143,11.8132,11.0195,11.2027,11.8132,12.4847,11.8742,12.0574,54.4872,56.1355,55.8303,55.5861,26.4042,25.7936,25.9768,26.16,44.7802,59.5543,44.1697,43.8645,32.8144,33.3028,33.486,32.0208,28.4799,27.8083,28.1746,28.0525,43.1929,43.9255,43.6813,43.0708,34.0965,33.9744,33.8523,33.0586,25.8547,25.9768,26.0989,26.0379,43.254,43.8645,43.1319,43.9255,33.2418,33.3639,33.4249,33.3028,26.6484,26.5873,26.4042,30.1282,44.1087,43.315,43.8034,44.1087,15.6593,14.6825,30.9829,15.4762,14.7436,15.1099,38.9194,14.9878,16.0867,15.232,16.453,15.4151,35.3175,35.5006,36.0501,35.6838,97.2222,98.0769,97.2222,98.138,59.9817,59.188,60.1038,59.7375,59,59,59,59,59.6764,59.6764,59.6764,59.3712,5.7081800000000005,0.396825,2.28938,62.4237,45.9402,50.9463,35.3175,54.0598,11.8132,55.9524,2.77778,0.396825,1098.23,178.145,1457.3,0.0,1.0,1.0,1.0,1.0,0.0,0.07783949999999999,45.2244,45.1206,44.1346,45.1206,0.129731,14.5685,96.7633,89.8552,89.4852,99.542,0.0,7.90659,58.8474,0.0,0.0,-51.8057,98.5763,95.1803,52.681,313.8590000000001,52.5173,286.891,287.825,51.0369,424.665,426.628,423.507,528.946,504.539,603.97,430.156,423.507,535.244,500.531,604.2330000000002,411.99300000000005,409.324,515.773,515.057,614.073,411.055,409.973,514.914,514.461,616.015,432.741,432.573,535.8580000000002,533.3530000000002,612.491,433.676,432.8130000000001,536.144,535.572,613.138,603.252,603.802,21.917,406.301,1148.98
2020-11-22 07:30:25,96.8559,97.8938,97.6496,96.6117,80.2503,80.0672,80.9219,81.8987,41.8498,41.3614,41.6056,41.5446,15.1099,14.8657,15.7814,15.6593,15.7814,14.6215,14.9878,14.8657,50.9402,20.8547,26.6178,35.7998,97.3382,133.187,95.3846,77.4115,59,59,59,59,58.9438,59.4933,59.2491,59.6764,59,59,59,59,11.4469,11.2027,11.2637,11.8742,10.7143,10.7753,11.0195,11.2027,11.8132,12.4847,11.8742,12.0574,54.4872,56.1355,55.8303,55.5861,26.4042,25.7936,25.9768,26.16,44.7802,59.5543,44.1697,44.5971,32.8144,33.3028,33.486,31.4713,28.4799,27.8083,28.1746,28.0525,44.1697,43.9255,43.6813,43.0708,34.0965,33.9744,33.8523,33.0586,25.8547,25.9768,26.0989,26.0379,44.536,43.8645,43.1319,43.9255,33.2418,33.3639,33.4249,33.3028,26.6484,26.5873,26.4042,30.1282,44.1087,43.315,43.8034,44.1087,15.6593,14.6825,30.9829,15.4762,14.7436,15.1099,38.9194,14.9878,16.0867,15.232,16.453,15.4151,35.3175,35.5006,36.0501,35.6838,97.2222,98.0769,97.2222,98.138,59.9817,59.188,60.1038,59.7375,59,59,59,59,59.6764,59.6764,59.6764,59.3712,5.7081800000000005,0.396825,2.28938,62.4237,45.9402,50.9463,35.3175,54.0598,11.8132,55.9524,2.77778,0.396825,1107.62,179.532,1452.68,0.0,1.0,1.0,1.0,1.0,0.0,0.07783949999999999,45.2244,45.1206,44.6535,45.1206,0.129731,13.9364,94.7126,90.4012,88.5615,98.6051,0.0,7.90659,63.4702,0.0,0.0,-29.8937,98.5763,95.1803,52.64,312.7390000000001,53.3538,290.089,287.825,51.0369,424.665,426.628,423.507,528.946,504.539,603.97,430.156,423.507,535.244,500.531,604.2330000000002,411.99300000000005,409.324,515.773,515.057,614.073,411.055,409.973,514.914,514.461,616.015,432.741,432.573,535.8580000000002,533.3530000000002,612.491,433.676,432.8130000000001,536.144,535.572,613.138,603.252,603.802,21.917,406.83,1151.36
2020-11-22 07:30:30,96.8559,97.8938,97.6496,96.6117,80.2503,80.0672,80.9219,81.8987,41.0562,41.3614,41.6056,41.5446,15.1099,14.8657,15.7814,15.6593,15.7814,14.6215,14.9878,14.8657,50.9402,21.8315,25.641,36.8742,96.4591,133.187,95.3846,78.8767,59,59,59,59,58.9438,59.4933,59.2491,59.6764,59,59,59,59,11.4469,11.2027,11.2637,11.8742,10.7143,10.7753,11.0195,11.2027,11.8132,12.4847,11.8742,12.0574,54.4872,56.1355,55.8303,55.5861,26.4042,25.7936,25.9768,26.16,44.7802,59.5543,44.1697,44.5971,32.8144,33.3028,33.486,30.9219,28.4799,28.3578,28.1746,28.0525,44.1697,43.9255,43.6813,43.9866,34.0965,33.9744,34.4017,33.0586,25.8547,25.9768,26.0989,26.0379,43.6813,43.8645,43.1319,43.9255,33.2418,33.3639,33.4249,33.3028,26.6484,26.5873,26.4042,30.1282,44.1087,43.315,43.8034,44.1087,15.6593,14.6825,30.9829,15.4762,14.7436,15.1099,38.9194,14.9878,16.0867,15.232,16.453,15.4151,35.3175,35.5006,36.0501,35.6838,97.2222,98.0769,97.2222,98.138,59.9817,59.188,60.1038,59.7375,59,59,59,59,59.6764,59.6764,59.6764,59.3712,5.7081800000000005,0.396825,2.28938,63.4005,45.9402,50.9463,35.3175,54.0598,11.8132,55.9524,2.77778,0.396825,1115.93,180.08700000000005,1465.59,0.0,1.0,1.0,1.0,1.0,0.0,0.07783949999999999,45.2244,45.1206,44.6535,45.1206,0.129731,13.9364,96.77,91.7793,90.6693,98.6051,0.0,8.00549,64.5839,0.0,0.0,-33.7197,98.5763,95.1803,51.1164,312.216,52.7682,291.954,287.825,51.0369,425.685,426.628,423.507,528.946,504.539,603.97,430.156,423.507,535.244,500.531,604.2330000000002,411.99300000000005,409.324,515.773,515.057,614.073,411.055,409.973,514.914,514.461,616.015,432.741,432.573,535.8580000000002,533.3530000000002,612.491,433.676,432.8130000000001,536.144,535.572,613.138,603.252,603.802,21.917,407.887,1154.92
2020-11-22 07:30:35,96.8559,97.8938,97.6496,96.6117,80.2503,80.0672,80.9219,81.8987,41.0562,41.3614,41.6056,41.5446,15.1099,14.8657,15.7814,15.6593,15.7814,14.6215,14.9878,14.8657,50.9402,21.8315,25.641,37.851,96.4591,132.308,95.3846,77.8999,59,59,59,59,58.9438,59.4933,59.2491,59.6764,59,59,59,59,11.4469,11.2027,11.2637,11.8742,10.7143,10.7753,11.0195,11.2027,11.8132,12.4847,11.8742,12.0574,54.4872,56.1355,55.8303,55.5861,26.9536,25.7936,25.9768,26.16,44.7802,59.5543,44.8413,44.5971,32.8144,33.3028,33.486,32.6923,28.4799,28.3578,28.1746,28.0525,44.1697,43.9255,43.6813,43.9866,34.0965,33.9744,34.4017,33.0586,25.8547,25.9768,26.0989,26.0379,43.6813,43.8645,43.9866,43.9255,33.2418,33.3639,33.4249,33.3028,26.6484,26.5873,26.4042,30.1282,44.1087,43.315,43.8034,44.1087,15.6593,14.6825,30.9829,15.4762,14.7436,15.1099,38.9194,14.9878,16.0867,15.232,16.453,15.4151,35.3175,35.5006,36.0501,35.6838,97.2222,98.0769,97.2222,98.138,59.9817,59.188,60.1038,59.7375,59,59,59,59,59.6764,59.6764,59.6764,59.3712,5.7081800000000005,0.396825,2.28938,63.4005,45.9402,50.9463,35.3175,54.0598,11.8132,55.9524,2.77778,0.396825,1121.72,180.698,1457.75,0.0,1.0,1.0,1.0,1.0,0.0,0.07783949999999999,45.2244,45.1206,44.6535,45.1206,0.129731,14.6126,96.5675,93.1023,90.061,99.2445,0.0,8.00549,62.4838,0.0,0.0,-16.4374,98.5763,95.1803,50.5374,311.608,52.2418,292.495,287.825,51.0369,425.685,426.628,423.507,528.946,504.539,602.94,430.156,423.507,535.244,500.531,604.2330000000002,411.99300000000005,409.324,515.773,515.057,614.073,411.055,409.973,514.914,514.461,616.015,432.741,432.573,535.8580000000002,533.3530000000002,612.491,433.676,432.8130000000001,536.144,535.572,613.138,603.252,603.802,21.917,407.358,1159.16
2020-11-22 07:30:40,96.8559,97.8938,97.6496,98.5653,80.2503,80.0672,80.9219,81.8987,41.0562,41.3614,41.6056,41.5446,15.1099,14.8657,15.7814,15.6593,15.7814,14.6215,14.9878,14.8657,50.0611,21.8315,25.641,36.6789,96.4591,131.136,95.3846,77.8999,59,59,59,59,58.9438,59.4933,59.2491,59.6764,59,59,59,59,11.4469,11.2027,11.2637,11.8742,10.7143,10.7753,11.0195,11.2027,11.8132,12.4847,11.8742,12.0574,54.4872,56.1355,55.8303,55.5861,26.9536,25.7936,25.9768,26.7705,46.3675,59.5543,44.8413,44.5971,32.8144,33.3028,33.486,32.6923,28.4799,28.3578,28.1746,28.0525,44.1697,44.536,44.475,43.9866,34.0965,33.9744,34.4017,33.0586,25.8547,25.9768,26.0989,26.0379,44.2308,43.8645,43.9866,43.9255,33.2418,33.3639,33.4249,33.3028,26.6484,26.5873,26.4042,30.7998,44.1087,43.315,43.8034,44.1087,15.6593,14.6825,30.9829,15.4762,14.7436,15.1099,38.9194,14.9878,16.0867,15.232,16.453,15.4151,35.3175,35.5006,36.0501,35.6838,97.2222,98.0769,97.2222,98.138,59.9817,59.188,60.1038,59.7375,59,59,59,59,59.6764,59.6764,59.6764,59.3712,5.7081800000000005,0.396825,0.763126,63.4005,45.9402,50.9463,35.3175,54.0598,11.8132,55.9524,2.77778,0.396825,1120.67,180.698,1461.98,0.0,1.0,1.0,1.0,1.0,0.0,0.07783949999999999,45.2244,45.1206,44.6535,45.1206,0.129731,14.6126,97.4011,92.8064,88.8082,99.2445,0.0,8.00549,64.4312,0.0,0.0,-12.5798,98.5763,95.1803,49.2658,315.209,50.7046,292.495,287.825,51.0369,425.685,426.628,423.507,528.946,504.539,602.94,430.156,423.507,535.244,500.531,604.2330000000002,411.99300000000005,409.324,515.773,515.057,614.073,411.055,409.973,514.914,514.461,616.015,432.741,432.573,535.8580000000002,533.3530000000002,612.491,433.676,432.8130000000001,536.144,535.572,613.138,603.252,603.802,21.917,407.887,1162.85
2020-11-22 07:30:45,96.8559,97.8938,97.6496,98.5653,80.2503,80.0672,80.9219,81.8987,41.7277,41.3614,41.6056,41.5446,15.1099,14.8657,15.7814,15.6593,15.7814,14.6215,14.9878,14.8657,52.0146,21.8315,25.641,36.6789,95.58,131.136,95.3846,76.1416,59,59,59,59,58.9438,59.4933,59.2491,59.6764,59,59,59,59,11.4469,11.2027,11.2637,11.8742,10.7143,10.7753,11.0195,11.2027,11.8132,12.4847,11.8742,12.0574,54.4872,56.1355,55.8303,55.5861,26.9536,25.7936,25.9768,26.7705,46.3675,59.5543,44.8413,44.5971,32.8144,33.3028,33.486,32.6923,28.4799,28.3578,28.1746,28.0525,45.0244,44.536,44.475,44.536,34.0965,33.9744,34.4017,33.0586,25.8547,25.9768,26.0989,26.0379,44.2308,44.475,43.9866,44.475,33.2418,33.3639,33.4249,33.3028,26.6484,26.7094,26.4042,30.7998,45.3907,43.315,44.3529,45.2076,15.6593,14.6825,30.9829,15.4762,14.7436,15.1099,38.9194,14.9878,16.0867,15.232,16.453,15.4151,35.3175,35.5006,36.0501,35.6838,97.2222,98.0769,97.2222,98.138,59.9817,59.188,60.1038,59.7375,59,59,59,59,59.6764,59.6764,59.6764,59.3712,5.7081800000000005,0.396825,0.763126,62.0574,44.6581,49.7253,35.3175,54.0598,11.8132,54.5482,2.77778,0.396825,1120.61,180.698,1456.63,0.0,1.0,1.0,1.0,1.0,0.0,0.07783949999999999,45.2244,45.1206,44.1346,44.4979,0.129731,14.0099,96.4221,91.3927,90.5571,99.2151,0.0,8.00549,65.9155,0.0,0.0,-39.3961,98.5763,95.1803,48.168,319.187,50.1357,291.692,287.825,51.0369,425.685,426.628,423.507,528.946,504.539,602.94,430.156,423.507,535.244,500.531,604.2330000000002,411.99300000000005,409.324,515.773,515.057,614.073,411.055,409.973,514.914,514.461,616.015,432.741,432.573,535.8580000000002,533.3530000000002,612.491,433.676,432.8130000000001,536.144,535.572,613.138,602.244,603.802,21.917,408.944,1166.53
2020-11-22 07:30:50,96.8559,97.8938,97.6496,98.5653,80.2503,80.0672,80.9219,81.8987,41.7277,41.3614,41.6056,41.5446,15.1099,14.8657,15.7814,15.6593,15.7814,14.6215,14.9878,14.8657,52.0146,21.8315,24.5665,36.6789,94.3101,132.015,93.0403,76.1416,59,59,59,59,58.9438,59.4933,59.2491,59.6764,59,59,59,59,11.4469,11.2027,11.2637,11.8742,11.4469,10.7753,11.0195,11.2027,11.8132,12.4847,11.8742,12.0574,54.4872,56.1355,55.8303,55.5861,26.9536,25.7936,25.9768,26.7705,45.757,59.5543,44.8413,44.5971,32.8144,33.3028,33.486,32.6923,28.4799,28.3578,28.1746,28.0525,45.0855,44.536,44.475,44.536,34.0965,33.9744,34.4017,34.768,25.8547,25.9768,26.0989,26.0379,44.2308,45.0244,43.9866,44.475,33.2418,33.3639,33.4249,33.3028,26.6484,26.7094,26.4042,30.7998,45.3907,44.2308,44.3529,44.536,15.6593,14.6825,30.9829,15.4762,14.7436,15.1099,38.9194,14.9878,16.0867,15.232,16.453,15.4151,35.3175,35.5006,36.0501,35.6838,97.2222,98.0769,97.2222,98.138,59.9817,59.188,60.1038,59.7375,59,59,59,59,59.6764,59.6764,59.6764,59.3712,5.7081800000000005,0.396825,0.763126,60.6532,44.6581,48.3822,35.3175,51.9841,10.409,53.1441,2.77778,0.396825,1114.8,176.386,1460.62,0.0,1.0,1.0,1.0,1.0,0.0,0.07783949999999999,44.2384,43.5638,42.993,43.46,0.129731,14.0099,97.3213,91.5701,91.1847,98.5797,0.0,8.104389999999999,62.8872,0.0,0.0,-32.4721,98.5763,95.1803,48.7484,322.753,51.5354,289.003,287.825,51.0369,425.685,426.628,424.516,528.946,504.539,602.94,430.156,423.507,535.363,500.531,604.2330000000002,411.99300000000005,409.324,515.773,515.057,614.073,411.055,409.973,514.914,514.461,616.015,432.741,432.573,535.8580000000002,533.3530000000002,612.491,433.676,432.8130000000001,536.144,535.572,613.138,602.244,603.802,21.917,409.473,1168.62
2020-11-22 07:30:55,96.8559,97.8938,97.6496,98.5653,80.2503,80.0672,80.9219,81.8987,41.7277,41.3614,41.0562,41.5446,15.1099,14.8657,15.7814,15.6593,15.7814,14.6215,14.9878,14.8657,53.0891,21.8315,24.5665,35.7998,94.7009,132.015,90.5006,76.1416,59,59,59,59,58.9438,59.4933,59.2491,59.6764,59,59,59,59,11.4469,11.2027,11.2637,11.8742,11.4469,10.7753,11.0195,11.2027,11.8132,12.4847,11.8742,12.0574,54.4872,56.1355,55.8303,55.5861,26.9536,25.7936,25.9768,26.7705,45.757,59.5543,44.8413,44.5971,32.8144,33.3028,33.486,32.6923,28.4799,28.3578,28.1746,28.0525,45.0855,44.536,44.475,44.536,34.0965,33.9744,34.4017,34.768,26.5873,25.9768,26.0989,26.0379,44.2308,44.475,43.9866,44.475,33.2418,33.3639,33.4249,33.3028,26.6484,26.7094,26.9536,30.7998,45.3907,44.2308,44.3529,44.536,15.6593,14.6825,30.9829,15.4762,14.7436,15.1099,38.9194,14.9878,16.0867,15.232,16.453,15.4151,35.3175,35.5006,36.0501,35.6838,97.2222,98.0769,97.2222,98.138,59.9817,59.188,60.1038,59.7375,59,59,59,59,59.6764,59.6764,59.6764,59.3712,5.7081800000000005,0.396825,0.763126,59.2491,44.6581,48.3822,33.4249,51.9841,10.409,53.1441,2.77778,0.396825,1114.8,172.178,1458.5,0.0,1.0,1.0,1.0,1.0,0.0,0.07783949999999999,43.0968,42.5778,42.5259,42.993,0.129731,14.0099,98.1642,93.4525,89.5472,100.729,0.0,8.2033,65.1713,0.0,0.0,-29.9155,98.5763,95.1803,48.7484,324.58,51.5521,286.089,287.825,51.0369,425.685,426.628,424.516,529.995,504.539,602.94,430.156,423.507,535.363,500.531,604.2330000000002,411.99300000000005,409.324,515.773,515.057,614.073,411.055,409.973,514.914,514.461,616.015,432.741,432.573,535.8580000000002,533.3530000000002,612.491,433.676,432.8130000000001,536.144,535.572,613.138,602.244,603.802,21.917,408.944,1170.67
2020-11-22 07:31:00,96.8559,97.8938,97.6496,98.5653,80.2503,80.0672,80.9219,81.8987,41.7277,41.3614,41.0562,41.5446,15.1099,14.8657,15.7814,15.6593,15.7814,14.6215,14.9878,14.8657,52.1123,21.8315,24.5665,34.5299,94.7009,130.94,91.3797,76.1416,59,59,59,59,58.9438,59.4933,59.2491,59.6764,59,59,59,59,11.4469,11.2027,11.2637,11.8742,11.4469,10.7753,11.0195,11.2027,11.8132,12.4847,11.8742,12.0574,54.4872,56.1355,55.8303,55.5861,26.9536,25.7936,25.9768,26.16,45.757,59.5543,44.8413,44.5971,32.8144,33.3028,33.486,32.6923,28.4799,28.3578,28.1746,28.602,45.0855,44.536,44.475,44.536,34.0965,33.9744,34.4017,34.768,26.5873,25.9768,26.0989,26.0379,44.2308,44.475,43.9866,44.475,33.2418,33.3639,33.4249,33.3028,26.6484,26.7094,26.9536,30.7998,44.3529,44.2308,44.3529,44.536,15.6593,14.6825,30.9829,15.4762,15.293,15.1099,38.9194,14.9878,16.0867,15.232,16.453,15.4151,35.3175,35.5006,36.0501,35.6838,97.2222,98.0769,97.2222,98.138,59.9817,59.188,60.1038,59.7375,59,59,59,59,59.6764,59.6764,59.6764,59.3712,5.7081800000000005,0.396825,0.763126,59.2491,44.6581,47.1612,33.4249,51.9841,10.409,53.1441,2.77778,0.396825,1108.95,170.282,1459.3,0.0,1.0,1.0,1.0,1.0,0.0,0.07783949999999999,42.6297,42.5778,42.0589,42.5259,0.129731,14.7744,98.183,91.0201,91.5532,98.8586,0.0,8.2033,65.9521,0.0,0.0,-18.6673,98.5763,95.1803,47.33600000000001,323.12,52.1346,282.413,287.825,51.0369,425.685,426.628,424.516,529.995,504.539,602.94,430.156,423.507,535.363,500.531,604.2330000000002,411.99300000000005,409.324,515.773,515.057,614.073,411.055,409.973,514.914,514.461,616.015,432.741,432.573,535.8580000000002,533.3530000000002,612.491,433.676,432.8130000000001,536.144,535.572,613.138,602.244,603.802,22.0879,409.473,1171.23
2020-11-22 07:31:05,96.8559,97.8938,97.6496,98.5653,80.2503,80.0672,80.9219,81.8987,41.7277,41.3614,41.0562,40.9951,15.1099,14.8657,15.7814,14.9878,15.7814,14.6215,14.9878,14.8657,52.1123,22.8083,24.5665,34.5299,94.7009,130.94,92.3565,76.1416,59,59,59,59,58.9438,59.4933,59.2491,59.6764,59,59,59,59,11.4469,11.2027,11.2637,11.8742,11.4469,10.7753,11.0195,11.2027,11.8132,12.4847,11.8742,12.0574,54.4872,56.1355,55.8303,55.5861,26.9536,25.7936,25.9768,26.16,45.757,59.5543,44.8413,44.5971,32.8144,33.3028,33.486,32.6923,28.4799,28.3578,28.1746,28.602,45.0855,44.536,43.8034,44.536,34.0965,33.9744,34.4017,34.768,26.5873,25.9768,26.0989,26.0379,44.2308,44.475,43.9866,44.475,33.2418,33.3639,33.4249,33.3028,26.6484,25.5495,26.9536,30.7998,44.3529,44.2308,44.3529,44.536,15.6593,14.6825,30.9829,15.4762,15.293,15.1099,38.9194,14.9878,16.0867,15.232,16.453,15.4151,35.3175,35.5006,36.0501,35.6838,97.2222,98.0769,97.2222,98.138,59.9817,59.188,60.1038,59.7375,59,59,59,59,59.6764,59.6764,59.6764,59.3712,5.7081800000000005,0.396825,0.763126,59.2491,44.6581,47.1612,33.4249,51.9841,10.409,53.1441,2.77778,0.396825,1105.41,169.717,1458.61,0.0,1.0,1.0,1.0,1.0,0.0,0.07783949999999999,42.6297,42.5778,42.0589,42.5259,0.129731,14.7744,97.3559,92.378,89.7975,97.3098,0.0,8.2033,63.0208,0.0,0.0,-31.0039,98.5763,95.1803,47.7033,322.435,52.8009,280.341,287.825,51.0369,425.685,426.628,424.516,529.995,504.539,602.94,430.156,423.507,535.363,500.531,604.2330000000002,411.99300000000005,409.324,515.773,515.057,614.073,411.055,409.973,514.914,514.461,616.015,432.741,432.573,535.8580000000002,533.3530000000002,612.491,433.676,432.8130000000001,536.144,535.572,613.138,602.244,603.802,22.0879,408.944,1171.73
2020-11-22 07:31:10,96.8559,97.8938,97.6496,98.5653,80.2503,80.0672,80.9219,81.8987,41.7277,41.3614,41.0562,40.9951,15.1099,14.8657,15.7814,15.8425,15.7814,14.6215,14.9878,14.8657,51.2332,22.8083,24.5665,33.5531,95.58,132.21,94.7009,77.0208,59,59,59,59,58.9438,59.4933,59.2491,59.6764,59,59,59,59,11.4469,11.2027,11.2637,11.8742,11.4469,10.7753,11.0195,11.2027,11.8132,12.4847,11.8742,12.0574,54.4872,56.1355,55.8303,55.5861,26.4042,25.7936,25.9768,26.16,45.2076,59.5543,42.8266,44.5971,32.8144,33.3028,33.486,32.6923,28.4799,28.3578,28.1746,27.9304,45.0855,44.536,43.8034,43.315,34.0965,33.9744,34.4017,34.768,25.6105,25.9768,26.0989,26.0379,43.6813,43.8034,43.9866,44.475,33.2418,33.3639,33.4249,33.3028,26.6484,26.5873,26.9536,30.7998,44.3529,44.2308,44.3529,44.536,15.6593,15.232,30.9829,15.4762,15.293,15.1099,38.9194,14.9878,16.0867,15.232,16.453,15.4151,35.3175,35.5006,36.0501,35.6838,97.2222,98.0769,97.2222,98.138,59.9817,59.188,60.1038,59.7375,59,59,59,59,59.6764,59.6764,59.6764,59.3712,5.7081800000000005,0.396825,0.763126,59.2491,44.6581,47.1612,33.4249,51.9841,10.409,53.1441,2.77778,0.396825,1100.59,169.14700000000005,1462.21,0.0,1.0,1.0,1.0,1.0,0.0,0.07783949999999999,42.6297,42.5778,42.0589,42.5259,0.129731,15.4065,98.1538,91.694,91.2359,98.2354,0.0,8.2033,64.8163,0.0,0.0,-55.6526,98.5763,95.1803,50.6886,320.622,53.3115,280.341,287.825,51.0369,425.685,426.628,424.516,529.995,504.539,602.94,430.156,423.507,535.363,500.531,604.2330000000002,411.99300000000005,409.324,515.773,515.057,614.073,411.055,409.973,514.914,514.461,616.015,432.741,432.573,535.8580000000002,533.3530000000002,612.491,433.676,432.8130000000001,536.144,535.572,613.138,602.244,603.802,22.0879,409.473,1171.02
2020-11-22 07:31:15,96.8559,97.8938,97.6496,98.5653,80.2503,80.0672,80.9219,81.8987,41.7277,41.3614,41.0562,40.9951,15.1099,14.8657,15.7814,15.8425,15.7814,14.6215,14.9878,14.8657,52.3077,21.7338,24.5665,33.5531,93.9194,132.21,95.58,77.0208,59,59,59,59,58.9438,59.4933,59.2491,59.6764,59,59,59,59,11.4469,11.2027,11.2637,11.8742,11.4469,10.7753,11.0195,11.2027,11.8132,12.4847,12.4237,12.0574,54.4872,56.1355,55.8303,55.5861,26.4042,25.7936,25.4274,26.16,45.2076,59.5543,44.2308,44.5971,32.8144,33.3028,33.486,32.6923,28.4799,28.3578,28.1746,27.9304,43.6203,44.536,43.8034,43.315,34.0965,33.9744,33.3028,34.768,25.6105,25.9768,26.0989,26.0379,43.6813,43.8034,43.3761,43.4371,33.2418,33.3639,33.4249,33.3028,26.6484,25.7326,26.9536,30.7998,43.8034,44.2308,44.3529,44.536,15.6593,15.232,30.9829,15.4762,15.293,15.1099,38.9194,14.9878,16.0867,15.232,16.453,15.4151,35.3175,35.5006,36.0501,35.6838,97.2222,98.0769,97.2222,98.138,59.9817,59.188,60.1038,59.7375,59,59,59,59,59.6764,59.6764,59.6764,59.3712,5.7081800000000005,0.396825,0.763126,59.2491,44.6581,47.1612,33.4249,50.4579,10.409,53.1441,2.77778,0.396825,1096.97,168.59599999999998,1458.07,0.0,1.0,1.0,1.0,1.0,0.0,0.07783949999999999,42.6297,42.0589,41.5919,42.5259,0.129731,15.4065,97.4326,90.3863,91.2359,98.2354,0.0,8.104389999999999,64.0924,0.0,0.0,-48.8429,98.5763,95.1803,50.6886,323.761,53.3115,280.341,287.825,51.0369,425.685,426.628,424.516,529.995,504.539,602.94,430.156,423.507,535.363,500.531,604.2330000000002,411.99300000000005,409.324,515.773,515.057,614.073,411.055,409.973,514.914,514.461,616.015,432.741,432.573,535.8580000000002,533.3530000000002,612.491,433.676,432.8130000000001,536.144,535.572,613.138,602.244,603.802,22.0879,408.416,1169.8
2020-11-22 07:31:20,96.8559,97.8938,97.6496,98.5653,80.2503,80.0672,80.9219,81.8987,41.7277,41.3614,41.0562,41.5446,15.1099,14.8657,15.7814,15.8425,15.7814,14.6215,14.9878,14.8657,51.3309,21.7338,25.4457,34.7253,93.9194,133.089,96.7521,78.0952,59,59,59,59,58.9438,59.4933,59.2491,59.6764,59,59,59,59,11.4469,11.2027,11.2637,11.8742,11.4469,10.7753,11.0195,11.2027,11.8132,12.4847,12.4237,12.0574,54.4872,56.1355,55.8303,55.5861,26.4042,25.7936,25.4274,26.16,45.2076,59.5543,44.2308,43.8034,32.8144,33.3028,33.486,32.6923,28.4799,28.3578,28.1746,27.9304,43.6203,44.536,43.254,43.315,34.0965,33.9744,34.2186,34.768,25.6105,25.9768,26.0989,26.0379,43.0708,43.8034,43.3761,43.4371,33.2418,33.3639,33.4249,32.326,26.0989,26.4652,26.9536,30.7998,43.8034,44.2308,43.7424,43.8645,15.6593,15.232,30.9829,15.4762,15.293,15.1099,38.9194,14.9878,16.0867,15.232,16.453,15.4151,35.3175,35.5006,36.0501,35.6838,97.2222,98.0769,97.2222,98.138,59.9817,59.188,60.1038,59.7375,59,59,59,59,59.6764,59.6764,59.6764,59.3712,5.7081800000000005,0.396825,0.763126,59.2491,44.6581,47.1612,33.4249,50.4579,10.409,53.1441,2.77778,0.396825,1086.28,168.074,1466.86,0.0,1.0,1.0,1.0,1.0,0.0,0.07783949999999999,42.6297,42.0589,41.5919,42.0589,0.129731,15.4065,97.3404,94.2579,90.6988,98.2354,0.0,8.104389999999999,62.4877,0.0,0.0,-91.8563,98.5763,95.1803,50.039,325.225,53.3115,278.018,287.825,51.0369,425.685,426.628,424.516,529.995,505.541,602.94,430.156,423.507,535.363,500.531,604.2330000000002,411.99300000000005,409.324,515.773,515.057,614.073,411.055,409.973,515.9630000000002,514.461,616.015,432.741,432.573,535.8580000000002,533.3530000000002,612.491,433.676,432.8130000000001,536.144,535.572,613.138,602.244,603.802,22.0879,409.473,1168.25
2020-11-22 07:31:25,96.8559,97.8938,97.6496,98.5653,80.2503,80.0672,80.9219,81.8987,41.7277,41.9109,41.0562,41.5446,15.1099,14.8657,15.7814,15.8425,15.7814,14.6215,14.9878,14.8657,51.3309,21.7338,25.4457,35.7021,95.2869,134.066,96.7521,78.0952,59,59,59,59,58.9438,59.4933,59.2491,59.6764,59,59,59,59,11.4469,11.2027,11.2637,11.8742,11.4469,10.7753,11.0195,11.7521,11.8132,12.4847,12.4237,12.0574,54.4872,56.1355,55.8303,55.5861,26.4042,25.7936,25.4274,26.16,44.536,58.7607,43.6203,43.8034,32.8144,33.3028,33.486,32.6923,28.4799,28.3578,28.1746,27.9304,43.6203,43.9866,43.254,43.315,34.0965,33.9744,34.2186,34.768,25.6105,25.3053,25.4274,26.0379,43.0708,43.1929,43.3761,43.4371,33.2418,33.3639,33.4249,32.8755,26.0989,26.4652,26.9536,30.7998,43.8034,44.2308,43.7424,43.8645,15.6593,15.232,30.9829,15.4762,15.293,15.1099,38.9194,14.9878,16.0867,15.232,16.453,15.4151,35.3175,35.5006,36.0501,35.6838,97.2222,98.0769,97.2222,98.138,59.9817,59.188,60.1038,59.7375,59,59,59,59,59.6764,59.6764,59.6764,59.3712,5.7081800000000005,0.396825,0.763126,59.2491,44.6581,47.1612,35.1954,50.4579,11.6911,53.1441,2.77778,0.396825,1085.07,168.636,1466.41,0.0,1.0,1.0,1.0,1.0,0.0,0.07783949999999999,42.6297,42.6297,42.0589,42.5778,0.129731,14.7303,100.599,92.0332,89.9652,98.6328,0.0,8.104389999999999,65.149,0.0,0.0,-83.4502,98.5763,95.1803,48.5877,324.483,52.7178,275.938,287.825,51.0369,425.685,426.628,424.516,529.995,505.541,602.94,430.156,423.507,535.506,500.531,604.2330000000002,411.99300000000005,409.324,515.773,515.057,614.073,411.055,409.973,515.9630000000002,514.461,616.015,432.741,432.573,535.8580000000002,533.3530000000002,612.491,433.676,432.8130000000001,536.144,535.572,613.138,602.244,603.802,22.0879,406.83,1165.04
2020-11-22 07:31:30,96.8559,97.8938,97.6496,98.5653,80.2503,80.0672,80.9219,81.8987,41.7277,41.9109,42.1551,41.5446,15.1099,14.8657,15.7814,15.8425,15.7814,14.6215,14.9878,14.8657,52.5031,20.8547,25.4457,35.7021,94.4078,134.066,96.7521,77.2161,59,59,59,59,58.9438,59.4933,59.2491,59.6764,59,59,59,59,11.4469,11.2027,11.2637,11.8742,11.4469,10.7753,11.0195,11.7521,11.8132,12.4847,12.4237,12.0574,54.4872,56.1355,55.8303,55.5861,26.4042,25.7936,25.5495,26.16,44.536,58.7607,43.6203,43.8034,32.8144,33.3028,33.486,32.6923,28.4799,28.3578,28.1746,27.9304,43.6203,43.9866,43.254,43.315,34.0965,33.9744,34.2186,34.768,25.6105,25.3053,25.4274,26.0379,43.0708,43.1929,43.3761,43.4371,33.2418,33.3639,33.4249,32.8755,26.0989,25.5495,26.9536,30.7998,43.254,44.2308,43.1929,43.8645,15.6593,15.232,30.9829,15.4762,15.293,15.1099,38.9194,14.9878,16.0867,15.232,16.453,15.4151,35.3175,35.5006,36.0501,35.6838,97.2222,98.0769,97.2222,98.138,59.9817,59.188,60.1038,59.7375,59,59,59,59,59.6764,59.6764,59.6764,59.3712,5.7081800000000005,0.396825,0.763126,59.2491,44.6581,47.1612,35.1954,50.4579,11.6911,53.1441,2.77778,0.396825,1088.6,170.009,1465.18,0.0,1.0,1.0,1.0,1.0,0.0,0.07783949999999999,42.6297,42.6297,42.0589,42.5778,0.129731,14.7303,98.0707,92.0332,89.9652,98.6328,0.0,8.104389999999999,62.576,0.0,0.0,-67.2703,98.5763,95.1803,47.33600000000001,323.699,51.2076,275.938,287.825,51.0369,425.685,426.628,424.516,529.995,505.541,602.94,430.156,423.507,535.506,500.531,604.2330000000002,411.99300000000005,409.324,515.773,515.057,614.073,411.055,409.973,515.9630000000002,514.461,616.015,432.741,432.573,535.8580000000002,533.3530000000002,612.491,433.676,432.8130000000001,536.144,535.572,613.138,602.244,603.802,22.0879,406.83,1163.3
2020-11-22 07:31:35,96.8559,97.8938,97.6496,98.5653,80.7998,80.0672,80.9219,81.8987,42.7045,41.9109,42.1551,41.5446,15.1099,14.8657,15.7814,15.8425,15.7814,14.6215,14.9878,14.8657,53.4799,20.8547,25.4457,36.5812,94.4078,134.066,96.7521,76.337,59,59,59,59,58.9438,59.4933,59.2491,59.6764,59,59,59,59,11.4469,11.2027,11.2637,11.8742,11.4469,10.7753,11.0195,11.7521,11.8132,12.4847,12.4237,12.0574,54.4872,56.1355,55.8303,55.5861,26.4042,25.7936,25.5495,26.16,44.536,58.7607,43.6203,43.8034,32.8144,33.3028,33.486,32.6923,28.4799,28.3578,28.1746,27.9304,43.6203,43.9866,43.254,43.315,34.0965,33.9744,34.2186,34.768,25.6105,25.3053,25.4274,26.0379,43.0708,43.1929,42.8266,43.4371,33.2418,33.3639,33.3028,32.8755,26.0989,25.5495,26.9536,30.7998,43.254,44.2308,43.1929,43.8645,15.6593,15.232,30.9829,15.4762,15.293,15.1099,38.9194,14.9878,16.0867,15.232,16.453,15.4151,35.3175,35.5006,36.0501,35.6838,97.2222,98.0769,97.2222,98.138,59.9817,59.188,60.1038,59.7375,59,59,59,59,59.6764,59.6764,59.6764,59.3712,5.7081800000000005,0.396825,0.763126,59.2491,44.6581,47.1612,35.1954,50.4579,11.6911,53.1441,2.77778,0.396825,1086.28,170.52,1468.21,0.0,1.0,1.0,1.0,1.0,0.0,0.07783949999999999,42.6297,42.6297,42.0589,42.5778,0.129731,14.7303,97.6648,91.8799,90.9201,97.8585,0.0,8.104389999999999,65.0853,0.0,0.0,-45.0826,98.5763,95.1803,46.6517,321.258,51.7315,276.454,287.825,51.0369,425.685,426.628,424.516,530.997,505.541,602.94,430.156,423.507,535.649,500.531,604.2330000000002,411.99300000000005,409.324,515.773,515.057,614.073,411.055,409.973,515.9630000000002,514.461,616.015,432.741,432.573,535.8580000000002,533.3530000000002,612.491,433.676,432.8130000000001,536.144,535.572,613.138,602.244,603.802,22.0879,406.83,1161.26
2020-11-22 07:31:40,96.8559,97.8938,97.6496,98.5653,80.7998,80.0672,80.9219,81.8987,42.7045,42.7656,42.1551,42.3382,15.1099,14.8657,15.7814,15.8425,15.7814,14.6215,14.9878,14.8657,53.4799,20.8547,26.5201,36.5812,94.4078,133.187,94.5055,76.337,59,59,59,59,58.9438,59.4933,59.2491,59.6764,59,59,59,59,11.4469,11.2027,11.2637,11.8742,11.4469,11.3858,11.0195,11.7521,11.8132,12.4847,12.4237,12.0574,54.4872,56.1355,55.8303,55.5861,26.4042,25.7936,25.5495,26.16,44.536,58.7607,43.6203,43.8034,32.8144,33.3028,33.486,32.6923,28.4799,28.3578,28.1746,27.9304,43.6203,43.9866,43.254,43.315,34.0965,33.9744,34.2186,34.768,25.6105,25.3053,25.4274,26.0379,43.0708,43.1929,42.8266,43.4371,33.2418,33.3639,33.3028,32.8755,26.0989,26.16,26.9536,30.7998,43.254,44.2308,43.1929,43.8645,15.6593,15.232,30.9829,15.4762,15.293,15.1099,38.9194,14.9878,16.0867,15.232,16.453,15.4151,35.3175,35.5006,36.0501,35.6838,97.2222,98.0769,97.2222,98.138,59.9817,59.188,60.1038,59.7375,59,59,59,59,59.6764,59.6764,59.6764,59.3712,5.7081800000000005,0.396825,0.763126,59.2491,44.6581,47.1612,35.1954,50.4579,11.6911,53.1441,2.77778,0.396825,1087.58,169.957,1461.0,0.0,1.0,1.0,1.0,1.0,0.0,0.07783949999999999,42.6297,42.6297,42.0589,42.5778,0.129731,15.3771,96.6717,93.7734,89.7412,99.0771,0.0,8.104389999999999,65.485,0.0,0.0,-46.5575,98.5763,95.1803,46.6517,322.336,52.2553,275.934,287.825,51.0369,425.685,426.628,424.516,530.997,505.541,602.94,430.156,423.507,535.649,500.531,604.2330000000002,411.99300000000005,409.324,515.773,515.057,614.073,411.055,409.973,515.9630000000002,514.461,616.015,432.741,432.573,535.8580000000002,533.3530000000002,612.491,433.676,432.8130000000001,536.144,535.572,613.138,602.244,603.802,22.0879,406.83,1160.02
2020-11-22 07:31:45,96.8559,97.8938,97.6496,98.5653,80.7998,80.0672,80.9219,81.8987,43.254,42.7656,42.1551,42.3382,15.1099,14.8657,15.7814,15.8425,15.7814,14.6215,14.9878,14.8657,52.6007,20.8547,27.3993,36.5812,94.4078,132.308,94.5055,77.2161,59,59,59,59,58.9438,59.4933,59.2491,59.6764,59,59,59,59,11.4469,11.2027,11.2637,11.8742,11.4469,11.3858,11.0195,11.7521,11.8132,12.4847,11.8742,12.0574,54.4872,56.1355,55.8303,55.5861,26.4042,25.2442,25.5495,26.16,44.536,58.7607,43.6203,43.8034,32.8144,33.3028,33.486,32.6923,28.4799,28.3578,27.6252,27.9304,43.0708,43.9866,43.254,43.315,34.0965,33.9744,34.2186,34.768,25.6105,25.3053,25.4274,26.0379,43.0708,43.1929,42.8266,43.4371,33.2418,33.3639,33.3028,32.8755,26.0989,26.16,26.2821,30.2503,43.254,44.2308,43.1929,43.8645,15.6593,15.232,30.9829,15.4762,15.293,15.1099,38.9194,14.9878,16.0867,15.232,16.453,15.4151,35.3175,35.5006,36.0501,35.6838,97.2222,98.0769,97.2222,98.138,59.9817,59.188,60.1038,59.7375,59,59,59,59,59.6764,59.6764,59.6764,59.3712,5.7081800000000005,0.396825,0.763126,59.2491,44.6581,47.1612,35.1954,51.6789,11.6911,53.1441,2.77778,0.396825,1087.59,169.957,1460.13,0.0,1.0,1.0,1.0,1.0,0.0,0.07783949999999999,42.6297,42.6297,42.0589,42.5778,0.129731,15.3771,98.465,91.4329,89.1106,97.3651,0.0,8.104389999999999,64.807,0.0,0.0,-23.5818,98.5763,95.1803,45.9262,322.336,52.0925,278.237,287.825,51.0369,425.685,426.628,424.516,530.997,505.541,602.94,430.156,423.507,535.649,500.531,604.2330000000002,411.99300000000005,409.324,515.773,515.057,614.073,411.055,409.973,515.9630000000002,514.461,616.015,432.741,432.573,535.8580000000002,533.3530000000002,612.491,433.676,432.8130000000001,536.144,535.572,613.138,602.244,603.802,22.0879,405.772,1158.82
2020-11-22 07:31:50,96.8559,97.8938,97.6496,98.5653,80.7998,80.0672,80.9219,81.8987,42.1551,42.7656,42.1551,42.3382,15.1099,14.8657,15.7814,15.8425,15.7814,14.6215,14.9878,14.8657,53.5775,20.8547,28.2784,36.5812,94.4078,132.308,94.5055,78.0952,59,59,59,59,58.9438,59.4933,59.2491,59.6764,59,59,59,59,11.4469,11.2027,11.2637,11.8742,11.4469,10.8974,11.0195,11.7521,11.8132,12.4847,11.8742,12.0574,54.4872,56.1355,55.8303,55.5861,26.4042,25.2442,25.5495,25.6105,44.536,58.7607,43.6203,43.8034,32.8144,33.3028,33.486,32.6923,28.4799,28.3578,27.6252,27.9304,43.0708,43.9866,43.254,43.315,34.0965,33.9744,34.2186,34.2186,25.6105,25.3053,25.4274,26.0379,43.315,43.1929,42.8266,43.4371,33.2418,33.3639,33.3028,32.8755,26.0989,24.9389,26.2821,30.2503,43.254,44.2308,43.1929,43.8645,15.6593,15.232,30.9829,15.4762,15.293,15.1099,38.9194,14.9878,16.0867,15.232,16.453,15.4151,35.3175,35.5006,36.0501,35.6838,97.2222,98.0769,97.2222,98.138,59.9817,59.188,60.1038,59.7375,59,59,59,59,59.6764,59.6764,59.6764,59.3712,5.7081800000000005,0.396825,0.763126,59.2491,44.6581,47.1612,35.1954,51.6789,11.6911,53.1441,2.77778,0.396825,1087.51,169.957,1461.22,0.0,1.0,1.0,1.0,1.0,0.0,0.07783949999999999,42.6297,42.6297,42.0589,42.5778,0.129731,14.6568,98.6008,93.9492,90.3617,99.04,0.0,8.104389999999999,62.5798,0.0,0.0,-38.1668,98.5763,95.1803,47.9994,319.779,52.729,281.877,287.825,51.0369,425.685,427.684,424.516,530.997,505.541,602.94,430.156,423.507,535.649,500.531,604.2330000000002,411.99300000000005,409.324,515.773,515.057,614.073,411.055,409.973,515.9630000000002,514.461,616.015,432.741,432.573,535.8580000000002,533.3530000000002,612.491,433.676,432.8130000000001,536.144,535.572,613.138,602.244,603.802,22.0879,405.244,1157.63
2020-11-22 07:31:55,96.8559,97.8938,97.6496,98.5653,80.7998,80.0672,80.9219,81.8987,42.1551,42.7656,42.1551,42.3382,15.1099,14.8657,15.7814,15.8425,15.7814,14.6215,14.9878,14.8657,52.3077,20.8547,28.2784,36.5812,94.4078,132.308,94.5055,78.9743,59,59,59,59,58.9438,59.4933,59.2491,59.6764,59,59,59,59,11.4469,11.2027,11.2637,11.8742,10.8974,10.8974,11.0195,11.7521,11.8132,12.4847,11.8742,12.0574,54.4872,56.1355,55.8303,55.5861,26.4042,25.2442,25.5495,25.6105,44.536,58.7607,43.6203,43.8034,32.8144,33.3028,33.486,32.6923,28.4799,27.8083,27.6252,27.9304,43.0708,43.9866,43.254,43.315,34.0965,33.9744,34.2186,34.2186,25.6105,25.3053,25.4274,26.0379,43.315,43.1929,42.8266,43.4371,33.2418,33.3639,33.3028,32.8755,26.0989,26.0989,26.2821,30.2503,43.254,44.2308,43.1929,43.8645,15.6593,15.232,30.9829,15.4762,15.293,15.1099,38.9194,14.9878,16.0867,15.232,16.453,15.4151,35.3175,35.5006,36.0501,35.6838,97.2222,98.0769,97.2222,98.138,59.9817,59.188,60.1038,59.7375,59,59,59,59,59.6764,59.6764,59.6764,59.3712,5.7081800000000005,0.396825,0.763126,59.2491,44.6581,47.1612,35.1954,51.6789,11.6911,53.1441,2.77778,0.396825,1088.71,169.957,1462.74,0.0,1.0,1.0,1.0,1.0,0.0,0.07783949999999999,42.6297,42.6297,42.0589,42.5778,0.129731,14.6568,96.9631,92.8574,89.2185,100.402,0.0,8.104389999999999,63.3331,0.0,0.0,-29.139,98.5763,95.1803,49.2746,317.319,50.1118,284.268,287.825,51.0369,425.685,427.684,424.516,530.997,505.541,602.94,430.156,423.507,535.649,500.531,604.2330000000002,411.99300000000005,409.324,515.773,515.057,614.073,411.055,409.973,515.9630000000002,514.461,616.015,432.741,432.573,535.8580000000002,533.3530000000002,612.491,433.676,432.8130000000001,536.144,535.572,613.138,602.244,603.802,22.0879,405.244,1157.01
2020-11-22 07:32:00,96.8559,97.8938,97.6496,98.5653,80.7998,80.0672,80.9219,81.8987,42.1551,42.7656,42.1551,42.3382,15.1099,14.8657,15.7814,15.8425,15.7814,14.6215,14.9878,14.8657,52.3077,20.8547,28.2784,36.5812,94.4078,131.03799999999998,93.5287,79.9512,59,59,59,59,58.9438,59.4933,59.2491,59.6764,59,59,59,59,11.4469,11.2027,11.2637,11.8742,10.8974,10.8974,11.0195,11.7521,11.8132,12.4847,11.8742,12.0574,54.4872,56.1355,55.8303,55.5861,26.4042,25.2442,25.5495,25.6105,44.536,58.7607,43.6203,43.8034,32.8144,33.3028,33.486,32.6923,28.4799,27.8083,27.6252,27.9304,43.0708,43.9866,42.7045,43.315,34.0965,33.9744,34.2186,34.2186,25.6105,25.3053,25.4274,26.0379,43.315,43.1929,42.2772,43.4371,33.2418,33.3639,33.3028,32.8755,26.0989,26.0989,25.7326,30.2503,43.254,44.2308,43.1929,43.8645,15.6593,15.232,30.9829,15.4762,15.293,15.1099,38.9194,14.9878,16.0867,15.232,16.453,15.4151,35.3175,35.5006,36.0501,35.6838,97.2222,98.0769,97.2222,98.138,59.9817,59.188,60.1038,59.7375,59,59,59,59,59.6764,59.6764,59.6764,59.3712,5.7081800000000005,0.396825,0.763126,59.2491,44.6581,47.1612,35.1954,51.6789,11.6911,53.1441,2.77778,0.396825,1088.71,169.957,1459.04,0.0,1.0,1.0,1.0,1.0,0.0,0.07783949999999999,42.6297,42.6297,42.0589,42.5778,0.129731,14.6568,97.9865,92.5999,89.8913,98.2756,0.0,8.104389999999999,63.937,0.0,0.0,-38.1065,98.5763,95.1803,51.4285,314.902,50.7658,285.597,287.825,51.0369,425.685,427.684,424.516,530.997,505.541,602.94,430.156,423.507,535.506,500.531,604.2330000000002,411.99300000000005,409.324,515.773,515.057,614.073,411.055,409.973,515.9630000000002,514.461,616.015,432.741,432.573,535.8580000000002,533.3530000000002,612.491,433.676,432.8130000000001,536.144,535.572,613.138,602.244,603.802,22.0879,405.772,1156.41
2020-11-22 07:32:05,96.8559,97.8938,97.6496,98.5653,80.7998,80.0672,80.9219,81.8987,42.1551,42.7656,42.1551,42.3382,15.1099,14.8657,15.7814,15.1099,15.7814,14.6215,14.9878,14.8657,50.3541,22.0269,28.2784,36.5812,94.4078,131.917,93.5287,78.9743,59,59,59,59,58.9438,59.4933,59.2491,59.6764,59,59,59,59,11.4469,11.2027,11.2637,11.8742,10.8974,10.8974,11.0195,11.7521,11.8132,12.4847,11.8742,12.0574,54.4872,56.1355,55.8303,55.5861,26.4042,25.2442,25.5495,25.6105,44.536,58.2112,43.6203,43.8034,32.8144,33.3028,33.486,32.1429,28.4799,27.8083,27.6252,27.9304,43.0708,43.9866,42.7045,43.315,34.0965,33.9744,34.2186,34.2186,25.0611,25.3053,25.4274,26.0379,43.315,43.1929,42.2772,43.4371,33.2418,33.3639,33.3028,32.8755,26.0989,25.4884,25.7326,30.2503,43.254,44.2308,43.1929,43.8645,15.6593,15.232,30.9829,15.4762,15.293,15.1099,38.9194,14.9878,16.0867,15.232,16.453,15.4151,35.3175,35.5006,36.0501,35.6838,97.2222,98.0769,97.2222,98.138,59.9817,59.188,60.1038,59.7375,59,59,59,59,59.6764,59.6764,59.6764,59.3712,5.7081800000000005,0.396825,0.763126,59.2491,44.6581,47.1612,35.1954,51.6789,11.6911,53.1441,2.77778,0.396825,1086.26,169.43900000000005,1457.56,0.0,1.0,1.0,1.0,1.0,0.0,0.07783949999999999,42.6297,42.6297,42.0589,42.5778,0.129731,14.6568,97.0991,91.7405,90.505,97.874,0.0,8.104389999999999,65.2109,0.0,0.0,-38.7779,98.5763,95.1803,52.0256,314.21,49.645,285.057,287.825,51.0369,425.685,427.684,424.516,530.997,505.541,602.94,430.156,423.507,535.506,500.531,604.2330000000002,411.99300000000005,409.324,515.773,515.057,614.073,411.055,409.973,515.9630000000002,514.461,616.015,432.741,432.573,535.8580000000002,533.3530000000002,612.491,433.676,432.8130000000001,536.144,535.572,613.138,602.244,603.802,22.0879,405.244,1155.85
2020-11-22 07:32:10,96.8559,97.8938,97.6496,98.5653,80.7998,80.0672,80.9219,81.8987,42.1551,42.7656,42.1551,42.3382,15.1099,14.8657,15.7814,15.1099,15.7814,14.6215,14.9878,14.8657,49.2796,22.0269,28.2784,35.6044,94.4078,131.917,93.5287,77.7045,59,59,59,59,58.9438,59.4933,59.2491,59.6764,59,59,59,59,11.4469,11.2027,11.2637,11.8742,10.8974,10.8974,11.0195,11.7521,11.8132,12.4847,11.8742,12.0574,54.4872,56.1355,55.8303,55.5861,26.4042,25.2442,25.5495,25.0611,44.536,58.2112,43.6203,43.1319,32.8144,33.3028,33.486,32.1429,28.4799,27.8083,27.6252,27.9304,43.0708,43.9866,42.7045,42.7656,34.0965,33.9744,34.2186,34.2186,25.0611,25.3053,25.4274,25.3663,43.315,43.1929,42.2772,43.4371,33.2418,33.3639,33.3028,32.8755,26.0989,26.0989,25.7326,30.2503,43.254,44.2308,43.1929,43.8645,15.6593,15.232,30.9829,15.4762,15.293,15.1099,38.9194,14.9878,16.0867,15.232,16.453,15.4151,35.3175,35.5006,36.0501,35.6838,97.2222,98.0769,97.2222,98.138,59.9817,59.188,60.1038,59.7375,59,59,59,59,59.6764,59.6764,59.6764,59.3712,5.7081800000000005,0.396825,0.763126,59.2491,44.6581,47.1612,35.1954,51.6789,11.6911,53.1441,2.77778,0.396825,1087.47,169.43900000000005,1457.61,0.0,1.0,1.0,1.0,1.0,0.0,0.07783949999999999,42.6297,42.6297,42.0589,42.5778,0.129731,14.6568,97.3995,89.7702,90.0706,99.5605,0.0,8.104389999999999,60.3645,0.0,0.0,-58.4924,98.5763,95.1803,49.8923,317.337,50.698,284.511,287.825,51.0369,425.685,427.684,424.516,530.997,505.541,602.94,430.156,423.507,535.363,500.531,604.2330000000002,411.99300000000005,409.324,515.773,515.057,614.073,411.055,409.973,515.9630000000002,514.461,616.015,432.741,432.573,535.8580000000002,533.3530000000002,612.491,433.676,432.8130000000001,536.144,535.572,613.138,602.244,603.802,22.2589,405.244,1155.27
2020-11-22 07:32:15,96.8559,97.8938,97.6496,98.5653,80.7998,80.0672,80.9219,81.8987,42.1551,41.7277,42.1551,42.3382,15.1099,14.8657,15.7814,15.7814,15.7814,14.6215,14.9878,14.8657,50.3541,22.0269,28.2784,35.6044,96.7521,129.475,93.5287,76.7277,59,59,59,59,58.9438,59.4933,59.2491,59.6764,59,59,59,59,11.4469,11.2027,11.2637,11.8742,10.8974,10.8974,11.0195,11.7521,11.8132,12.4847,11.8742,12.0574,54.4872,56.1355,55.8303,55.5861,26.4042,25.2442,26.0989,25.0611,44.536,58.2112,43.6203,43.1319,32.8144,33.3028,33.486,32.1429,28.4799,27.8083,27.6252,27.9304,43.0708,42.8877,42.1551,42.7656,34.0965,33.9744,34.2186,34.2186,25.0611,25.3053,25.4274,25.3663,42.5214,43.1929,42.2772,43.4371,33.2418,33.3639,33.3028,32.8755,26.0989,26.0989,25.7326,30.2503,43.254,44.2308,43.1929,43.8645,15.6593,15.232,30.9829,15.4762,15.293,15.1099,38.9194,14.9878,16.0867,15.232,16.453,15.4151,35.3175,35.5006,36.0501,35.6838,97.2222,98.0769,97.2222,98.138,59.9817,59.188,60.1038,59.7375,59,59,59,59,59.6764,59.6764,59.6764,59.3712,5.7081800000000005,0.396825,0.763126,59.2491,44.6581,47.1612,35.1954,50.3358,11.6911,51.9231,2.77778,0.396825,1086.2,168.921,1456.19,0.0,1.0,1.0,1.0,1.0,0.0,0.07783949999999999,42.6297,42.6297,42.0589,42.5778,0.129731,14.6568,97.955,90.8948,90.8748,98.6249,0.0,8.104389999999999,64.5326,0.0,0.0,-52.1616,98.5763,95.1803,48.6197,320.173,50.0177,284.511,287.825,51.0369,425.685,427.684,424.516,530.997,505.541,602.94,430.156,423.507,535.219,499.528,604.2330000000002,411.99300000000005,409.324,515.773,515.057,614.073,411.055,409.973,515.9630000000002,514.461,616.015,432.741,432.573,535.8580000000002,533.3530000000002,612.491,433.676,432.8130000000001,536.144,535.572,613.138,602.244,603.802,22.2589,405.772,1154.76
2020-11-22 07:32:20,96.8559,97.8938,97.6496,98.5653,80.7998,80.0672,80.9219,81.8987,41.2393,41.7277,42.1551,42.3382,15.1099,14.8657,15.7814,15.7814,15.7814,14.6215,14.9878,14.8657,52.4054,21.1477,28.2784,35.6044,96.7521,130.452,93.5287,76.7277,59,59,59,59,58.9438,59.4933,59.2491,59.6764,59,59,59,59,11.4469,11.2027,11.2637,11.8742,10.8974,10.8974,11.0195,11.7521,11.8132,12.4847,11.8742,12.0574,54.4872,56.1355,55.8303,55.5861,26.4042,25.2442,26.0989,25.0611,44.536,58.2112,43.6203,43.1319,32.8144,33.3028,33.486,31.5934,28.4799,27.8083,27.6252,27.9304,43.0708,43.4371,42.1551,42.7656,34.0965,33.9744,33.547,34.2186,25.0611,25.3053,25.4274,25.3663,42.5214,43.1929,42.2772,43.4371,33.2418,33.3639,33.3028,32.8755,26.0989,26.0989,25.7326,30.2503,43.254,44.2308,43.1929,43.1319,15.6593,15.232,30.9829,15.4762,15.293,15.1099,38.9194,14.9878,16.0867,15.232,16.453,15.4151,35.3175,35.5006,36.0501,35.6838,97.2222,98.0769,97.2222,98.138,59.9817,59.188,60.1038,59.7375,59,59,59,59,59.6764,59.6764,59.6764,59.3712,5.7081800000000005,0.396825,0.763126,59.2491,44.6581,47.1612,35.1954,50.3358,11.6911,51.9231,2.77778,0.396825,1081.3,168.921,1450.74,0.0,1.0,1.0,1.0,1.0,0.0,0.07783949999999999,42.6297,42.1627,42.0589,42.5778,0.129731,14.6568,98.0218,91.905,89.7898,98.8109,0.0,8.104389999999999,64.792,0.0,0.0,-64.9346,98.5763,95.1803,48.0809,321.258,49.2423,286.339,287.825,51.0369,425.685,427.684,424.516,530.997,505.541,602.94,430.156,423.507,535.076,499.528,604.2330000000002,411.99300000000005,409.324,515.773,515.057,614.073,411.055,409.973,515.9630000000002,514.461,616.015,432.741,432.573,535.8580000000002,533.3530000000002,612.491,433.676,432.8130000000001,536.144,535.572,613.138,602.244,603.802,22.2589,405.244,1153.49
2020-11-22 07:32:25,96.8559,97.8938,97.6496,98.5653,80.7998,80.0672,80.9219,81.8987,41.2393,41.7277,42.1551,42.3382,15.1099,14.8657,15.7814,15.7814,15.7814,14.6215,14.9878,14.8657,52.4054,21.1477,27.3993,36.5812,96.7521,130.452,93.5287,75.3602,59,59,59,59,58.9438,59.4933,59.2491,59.6764,59,59,59,59,11.4469,11.2027,11.2637,11.8742,9.79854,10.8974,11.0195,11.7521,11.8132,12.4847,11.8742,12.0574,54.4872,56.1355,55.8303,55.5861,26.4042,25.2442,26.0989,25.0611,44.536,58.2112,43.6203,43.1319,32.8144,33.3028,33.486,31.5934,28.4799,27.8083,27.6252,27.9304,43.0708,43.4371,42.1551,42.7656,34.0965,33.9744,33.547,34.2186,25.0611,25.3053,25.4274,25.3663,42.5214,42.5824,42.2772,43.4371,33.2418,33.3639,33.3028,32.8755,25.3663,24.9389,25.7326,30.2503,43.254,44.2308,42.6435,43.1319,15.6593,15.232,30.9829,15.4762,15.293,15.1099,38.9194,14.9878,16.0867,15.232,16.453,15.4151,35.3175,35.5006,36.0501,35.6838,97.2222,98.0769,97.2222,98.138,59.9817,59.188,60.1038,59.7375,59,59,59,59,59.6764,59.6764,59.6764,59.3712,5.7081800000000005,0.396825,0.763126,59.2491,44.6581,47.1612,35.1954,50.3358,11.6911,51.9231,2.77778,0.396825,1080.11,168.921,1458.28,0.0,1.0,1.0,1.0,1.0,0.0,0.07783949999999999,42.6297,42.1627,42.0589,42.5778,0.129731,14.6568,99.7253,92.5522,90.9484,98.6861,0.0,8.104389999999999,63.8083,0.0,0.0,-82.2847,98.5763,95.1803,48.0809,318.874,52.4301,286.8590000000001,287.825,51.0369,425.685,427.684,424.516,530.997,505.541,602.94,430.156,423.507,534.933,499.528,604.2330000000002,411.99300000000005,409.324,515.773,515.057,614.073,411.055,409.973,515.9630000000002,514.461,616.015,432.741,432.573,535.8580000000002,534.355,612.491,433.676,432.8130000000001,536.144,535.572,613.138,602.244,603.802,22.2589,405.772,1152.26
2020-11-22 07:32:30,96.8559,97.8938,97.6496,98.5653,80.7998,80.0672,80.9219,81.8987,41.2393,41.7277,40.6288,42.3382,15.1099,14.8657,15.7814,15.7814,15.7814,14.6215,14.9878,14.8657,52.4054,21.1477,26.3248,36.5812,96.7521,131.429,94.7985,75.3602,59,59,59,59,58.9438,59.4933,59.2491,59.6764,59,59,59,59,11.4469,11.2027,11.2637,11.8742,10.8364,10.8974,11.0195,11.7521,11.8132,12.4847,11.8742,12.0574,54.4872,56.1355,55.8303,55.5861,26.4042,25.2442,26.0989,25.0611,43.9866,58.2112,43.6203,43.1319,32.8144,33.3028,33.486,30.9829,28.4799,27.8083,27.6252,27.9304,42.5214,43.4371,42.1551,42.7656,34.0965,33.9744,33.547,34.2186,25.0611,25.3053,25.4274,25.3663,42.5214,42.5824,42.2772,43.4371,33.2418,33.3639,33.3028,32.8755,25.3663,25.9158,25.7326,30.2503,43.254,43.6203,42.6435,43.1319,15.6593,15.232,30.9829,15.4762,15.293,15.1099,38.9194,14.9878,16.0867,15.232,16.453,15.4151,35.3175,35.5006,36.0501,35.6838,97.2222,98.0769,97.2222,98.138,59.9817,59.188,60.1038,59.7375,59,59,59,59,59.6764,59.6764,59.6764,59.3712,5.7081800000000005,0.396825,0.763126,59.2491,44.6581,47.1612,37.0879,50.3358,11.6911,51.9231,2.77778,0.396825,1076.46,168.37,1451.48,0.0,1.0,1.0,1.0,1.0,0.0,0.07783949999999999,42.6297,42.1627,41.5919,42.1108,0.129731,14.6568,98.2392,91.5565,89.3354,97.7697,0.0,8.104389999999999,63.5361,0.0,0.0,-89.1693,98.5763,95.1803,48.5877,315.629,52.4301,284.502,287.825,51.0369,425.685,427.684,424.516,529.995,505.541,602.94,430.156,423.507,534.6469999999998,499.528,604.2330000000002,411.99300000000005,409.324,515.773,515.057,614.073,411.055,409.973,515.9630000000002,514.461,616.015,432.741,432.573,535.8580000000002,534.355,612.491,433.676,432.8130000000001,536.144,535.572,613.138,602.244,603.802,22.2589,406.301,1151.15
2020-11-22 07:32:35,96.8559,97.8938,97.6496,98.5653,80.7998,80.0672,80.9219,81.8987,41.2393,41.7277,40.6288,42.3382,15.1099,14.8657,15.7814,15.7814,15.7814,14.6215,14.9878,14.8657,51.7216,22.1245,26.3248,36.5812,95.58,131.429,95.1893,76.4347,59,59,59,59,58.9438,59.4933,59.2491,59.6764,59,59,59,59,11.4469,11.2027,11.2637,11.8742,10.8364,10.8974,11.0195,11.7521,11.8132,12.4847,11.8742,12.0574,54.4872,56.1355,55.8303,55.5861,26.4042,25.2442,26.0989,25.0611,43.9866,58.2112,43.6203,43.1319,32.8144,33.3028,33.486,30.9829,28.4799,27.8083,27.6252,27.9304,42.5214,43.1929,42.1551,42.2161,34.0965,33.9744,33.547,34.2186,25.0611,25.3053,25.4274,25.3663,42.5214,42.5824,42.2772,43.4371,32.6923,33.3639,33.3028,32.8755,25.3663,25.9158,25.1832,30.2503,43.254,43.6203,42.6435,43.1319,15.6593,15.232,30.9829,15.4762,15.293,15.1099,38.9194,14.9878,16.0867,15.232,16.453,15.4151,35.3175,35.5006,36.0501,35.6838,97.2222,98.0769,97.2222,98.138,59.9817,59.188,60.1038,59.7375,59,59,59,59,59.6764,59.6764,59.6764,59.3712,5.7081800000000005,0.396825,0.763126,59.2491,44.6581,47.1612,37.0879,50.3358,13.7668,51.9231,2.77778,0.396825,1074.03,168.37,1450.39,0.0,1.0,1.0,1.0,1.0,0.0,0.07783949999999999,42.6297,42.1627,41.5919,42.1108,0.129731,14.6568,97.1809,91.8691,90.1011,97.7626,0.0,8.104389999999999,62.6794,0.0,0.0,-105.144,98.5763,95.1803,48.5877,313.871,52.4301,281.091,287.825,51.0369,425.685,427.684,424.516,529.995,505.541,602.94,430.156,423.507,534.504,499.528,604.2330000000002,411.99300000000005,409.324,515.773,515.057,614.073,411.055,409.973,515.9630000000002,514.461,616.015,432.741,432.573,535.8580000000002,534.355,612.491,433.676,432.8130000000001,536.144,535.572,613.138,602.244,603.802,22.2589,405.244,1148.85
2020-11-22 07:32:40,96.8559,97.8938,97.6496,98.5653,80.7998,80.0672,80.9219,81.8987,40.5678,40.4457,40.0794,41.3004,15.1099,14.8657,15.7814,15.7814,15.7814,14.6215,14.9878,14.8657,50.4518,22.1245,25.4457,35.6044,95.58,131.429,92.3565,76.4347,59,59,59,59,58.9438,59.4933,59.2491,59.6764,59,59,59,59,11.4469,11.2027,11.2637,11.8742,10.8364,10.8974,11.0195,11.2027,11.8132,12.4847,12.4237,12.0574,54.4872,56.1355,55.8303,55.5861,26.4042,25.2442,26.0989,25.0611,43.9866,58.2112,43.0708,43.1319,32.8144,33.3028,33.486,30.9829,27.8083,27.8083,27.6252,27.9304,42.5214,43.1929,42.1551,42.2161,34.0965,33.9744,32.9976,34.2186,25.0611,25.3053,25.4274,25.3663,42.5214,42.5824,42.2772,43.4371,32.6923,33.3639,33.3028,32.8755,25.3663,25.9158,25.1832,30.2503,43.254,43.6203,42.6435,43.1319,15.6593,15.232,30.9829,15.4762,15.293,15.1099,38.9194,14.9878,16.0867,15.232,16.453,15.4151,35.3175,35.5006,36.0501,35.6838,97.2222,98.0769,97.2222,98.138,59.9817,59.188,60.1038,59.7375,59,59,59,59,59.6764,59.6764,59.6764,59.3712,5.7081800000000005,0.396825,0.763126,59.2491,44.6581,47.1612,37.0879,50.3358,13.7668,51.9231,2.77778,0.396825,1075.29,168.37,1453.35,0.0,1.0,1.0,1.0,1.0,0.0,0.07783949999999999,42.6297,42.1627,41.5919,42.1108,0.129731,14.6568,97.0256,92.8234,89.9668,97.7626,0.0,8.104389999999999,59.6935,0.0,0.0,-73.9478,98.5763,95.1803,49.3066,311.097,53.0216,275.931,287.825,51.0369,425.685,427.684,424.516,529.995,505.541,602.94,430.156,423.507,534.217,499.528,604.2330000000002,411.99300000000005,409.324,515.773,515.057,614.073,411.055,409.973,515.9630000000002,514.461,616.015,432.741,432.573,535.8580000000002,534.355,612.491,433.676,432.8130000000001,536.144,535.572,613.138,602.244,603.802,22.2589,405.772,1147.25
2020-11-22 07:32:45,96.8559,97.8938,97.6496,98.5653,80.7998,80.0672,80.9219,81.8987,40.5678,40.4457,40.0794,41.3004,15.1099,14.8657,15.7814,15.7814,15.7814,14.6215,14.9878,14.8657,50.4518,22.1245,25.4457,35.6044,94.7009,131.429,89.9145,76.4347,59,59,59,59,58.9438,59.4933,59.2491,59.6764,59,59,59,59,11.4469,11.2027,11.2637,11.8742,10.8364,10.8974,11.0195,11.2027,11.8132,12.4847,12.4237,12.0574,54.4872,56.1355,55.2808,55.5861,26.4042,25.2442,26.0989,25.0611,43.9866,58.2112,43.0708,43.1319,32.8144,33.3028,33.486,30.4335,27.8083,27.8083,27.6252,27.9304,42.5214,43.1929,42.1551,42.2161,34.0965,33.9744,32.9976,34.2186,25.0611,25.3053,25.4274,25.3663,42.3993,42.5824,42.2772,43.4371,32.6923,33.3639,33.3028,32.8755,25.3663,25.6105,25.1832,30.2503,43.254,43.6203,42.6435,43.1319,15.6593,15.232,30.9829,15.4762,15.293,15.1099,38.9194,14.9878,16.0867,15.232,16.453,15.4151,35.3175,35.5006,36.0501,35.6838,97.2222,98.0769,97.2222,98.138,59.9817,59.188,60.1038,59.7375,59,59,59,59,59.6764,59.6764,59.6764,59.3712,5.7081800000000005,0.396825,0.763126,59.2491,44.6581,47.1612,37.0879,50.3358,13.7668,51.9231,2.77778,0.396825,1074.08,168.37,1448.12,0.0,1.0,1.0,1.0,1.0,0.0,0.07783949999999999,42.6297,42.1627,41.5919,42.1108,0.129731,14.6568,96.4203,93.004,89.9668,98.5771,0.0,8.104389999999999,61.7311,0.0,0.0,-74.1801,98.5763,95.1803,49.3066,309.699,52.392,272.627,287.825,51.0369,425.685,427.684,424.516,529.995,505.541,602.94,430.156,423.507,533.931,499.528,604.2330000000002,411.99300000000005,409.324,515.773,515.057,614.073,411.055,409.973,515.9630000000002,514.461,616.015,432.741,432.573,535.8580000000002,534.355,612.491,433.676,432.8130000000001,536.144,535.572,613.138,602.244,603.802,22.2589,405.772,1145.03
2020-11-22 07:32:50,96.8559,97.8938,97.6496,98.5653,80.7998,80.0672,80.9219,81.8987,39.4689,40.4457,39.4689,40.6899,15.1099,14.8657,15.7814,15.7814,15.7814,14.6215,14.9878,14.8657,51.3309,21.2454,24.2735,35.6044,94.7009,131.429,90.7936,76.4347,59,59,59,59,58.9438,59.4933,59.2491,59.6764,59,59,59,59,11.4469,11.2027,11.2637,11.8742,10.8364,10.8974,11.0195,11.2027,11.8132,12.4847,12.4237,12.0574,54.4872,56.1355,55.2808,55.5861,26.4042,25.2442,26.0989,25.0611,43.9866,58.2112,42.5214,43.1319,32.8144,33.3028,33.486,30.4335,27.8083,27.8083,27.6252,27.9304,42.5214,42.5214,42.1551,42.2161,34.0965,33.9744,32.9976,34.2186,25.0611,25.3053,25.4274,25.3663,42.3993,42.5824,41.7277,43.4371,32.6923,33.3639,33.3028,32.8755,25.3663,25.6105,25.1832,29.7009,43.254,43.6203,42.6435,43.1319,15.6593,15.232,30.9829,15.4762,15.293,15.1099,38.9194,14.9878,16.0867,15.232,16.453,15.4151,35.3175,35.5006,36.0501,35.6838,97.2222,98.0769,97.2222,98.138,59.9817,59.188,60.1038,59.7375,59,59,59,59,59.6764,59.6764,59.6764,59.3712,5.7081800000000005,0.396825,0.763126,59.2491,44.6581,47.1612,37.0879,50.3358,13.7668,51.9231,2.77778,0.396825,1074.0,168.37,1445.24,0.0,1.0,1.0,1.0,1.0,0.0,0.07783949999999999,42.6297,42.1627,41.5919,42.1108,0.129731,14.6568,98.3718,92.1242,91.0218,98.27,0.0,8.104389999999999,62.9087,0.0,0.0,-52.5523,98.5763,95.1803,47.9055,309.699,51.683,273.13,287.825,51.0369,425.685,427.684,424.516,529.995,505.541,601.935,430.156,423.507,533.788,499.528,604.2330000000002,411.99300000000005,409.324,515.773,515.057,614.073,411.055,409.973,515.9630000000002,514.461,616.015,432.741,432.573,535.8580000000002,534.355,612.491,433.676,432.8130000000001,536.144,535.572,613.138,602.244,603.802,22.2589,405.244,1143.81
2020-11-22 07:32:55,96.8559,97.8938,97.6496,98.5653,80.7998,80.0672,80.9219,81.8987,38.8584,39.591,39.4689,39.9573,15.1099,14.8657,15.7814,15.7814,15.7814,14.6215,14.9878,14.8657,50.4518,21.2454,23.3944,35.6044,93.8217,130.452,89.9145,76.4347,59,59,59,59,58.9438,59.4933,59.2491,59.6764,59,59,59,59,11.4469,11.2027,11.2637,11.8742,10.8364,10.8974,11.0195,11.2027,11.8132,12.4847,12.4237,12.0574,54.4872,56.1355,55.2808,55.5861,26.4042,25.2442,26.0989,25.0611,43.9866,57.6618,42.5214,43.1319,32.8144,33.3028,33.486,30.4335,27.8083,27.8083,27.6252,27.9304,42.5214,42.5214,42.1551,41.6667,34.0965,33.9744,34.2796,34.2186,25.0611,25.3053,25.4274,25.3663,42.3993,42.5824,41.7277,42.7045,32.6923,33.3639,33.3028,32.8755,25.3663,25.6105,25.1832,29.7009,43.254,43.6203,42.6435,43.1319,15.6593,15.232,30.9829,15.4762,15.293,15.1099,38.9194,14.9878,16.0867,15.232,16.453,15.4151,35.3175,35.5006,36.0501,35.6838,97.2222,98.0769,97.2222,98.138,59.9817,59.188,60.1038,59.7375,59,59,59,59,59.6764,59.6764,59.6764,59.3712,5.7081800000000005,0.396825,0.763126,59.2491,44.6581,47.1612,37.0879,50.3358,13.7668,51.9231,2.77778,0.396825,1075.21,168.923,1440.86,0.0,1.0,1.0,1.0,1.0,0.0,0.07783949999999999,42.6297,42.1627,41.5919,42.1108,0.129731,14.6568,96.9504,92.1344,90.0715,96.9407,0.0,8.104389999999999,61.3271,0.0,0.0,-24.0609,98.5763,95.1803,47.2192,309.699,50.2827,274.145,287.825,51.0369,425.685,427.684,424.516,529.995,505.541,601.935,430.156,423.507,533.502,499.528,604.2330000000002,411.99300000000005,409.324,515.773,515.057,614.073,411.055,409.973,515.9630000000002,514.461,616.015,432.741,432.573,535.8580000000002,534.355,612.491,433.676,432.8130000000001,536.144,535.572,613.138,602.244,603.802,22.2589,404.715,1142.67
2020-11-22 07:33:00,96.8559,97.8938,97.6496,98.5653,80.7998,80.0672,80.9219,81.3492,38.8584,38.7363,38.9194,39.9573,15.1099,14.8657,15.7814,15.7814,15.7814,14.6215,14.9878,14.8657,49.5726,21.2454,23.3944,35.6044,93.8217,129.57299999999998,89.7192,75.3602,59,59,59,59,58.9438,59.4933,59.2491,59.6764,59,59,59,59,11.4469,11.2027,11.2637,11.8742,11.3858,10.8974,11.0195,11.2027,11.8132,12.4847,12.4237,12.0574,54.4872,56.1355,55.2808,55.5861,26.4042,25.2442,26.0989,25.0611,43.9866,57.6618,42.5214,43.1319,32.8144,33.3028,33.486,29.884,27.8083,27.8083,27.6252,27.9304,42.5214,42.5214,42.1551,41.6667,34.0965,33.9744,34.2796,34.2186,25.0611,25.3053,25.4274,25.3663,42.3993,42.5824,41.7277,42.7045,32.6923,33.3639,33.3028,32.8755,25.3663,25.6105,25.1832,29.7009,43.254,43.6203,42.6435,43.1319,15.6593,15.232,30.9829,15.4762,15.293,15.1099,38.9194,14.9878,16.0867,15.232,16.453,15.4151,35.3175,35.5006,36.0501,35.6838,97.2222,98.0769,97.2222,98.138,59.9817,59.188,60.1038,59.7375,59,59,59,59,59.6764,59.6764,59.6764,59.3712,5.7081800000000005,0.396825,0.763126,59.2491,44.6581,47.1612,37.0879,50.3358,15.5372,51.9231,2.77778,0.396825,1076.43,168.923,1440.64,0.0,1.0,1.0,1.0,1.0,0.0,0.07783949999999999,42.6297,42.1627,41.5919,42.1108,0.129731,15.3183,99.0533,90.869,91.161,97.8426,0.0,8.104389999999999,62.786,0.0,1.1374799999999998,-40.6621,98.5763,95.1803,47.2192,309.699,50.4255,274.655,287.825,51.0369,425.685,427.684,424.516,529.995,505.541,601.935,430.156,423.507,533.359,499.528,604.2330000000002,411.99300000000005,409.324,515.773,515.057,614.073,411.055,409.973,515.9630000000002,514.461,616.015,432.741,432.573,535.8580000000002,534.355,612.491,433.676,432.8130000000001,536.144,535.572,613.138,602.244,602.797,22.2589,405.244,1142.07
2020-11-22 07:33:05,96.8559,97.8938,97.6496,98.5653,80.7998,80.0672,80.9219,81.3492,37.6984,38.1868,37.8816,39.1636,15.1099,14.8657,15.7814,15.7814,15.7814,14.6215,14.9878,14.8657,47.7167,21.2454,23.3944,35.6044,90.7936,128.498,88.1563,74.0903,59,59,59,59,58.9438,59.4933,59.2491,59.6764,59,59,59,59,11.4469,11.2027,11.2637,11.8742,11.3858,10.8974,11.0195,11.2027,11.8132,12.4847,12.4237,12.0574,54.4872,56.1355,55.2808,55.5861,26.4042,25.2442,26.0989,25.0611,43.9866,57.6618,42.8877,43.1319,32.8144,33.3028,33.486,29.884,27.8083,27.8083,27.6252,27.9304,42.5214,42.5214,42.1551,42.2161,34.0965,33.9744,34.2796,34.2186,25.0611,25.3053,25.4274,25.3663,42.3993,42.5824,41.7277,42.7045,32.6923,33.3639,33.3028,32.8755,25.3663,25.6105,25.1832,29.7009,43.254,43.6203,42.094,43.1319,15.6593,15.232,30.9829,15.4762,15.293,15.1099,38.9194,14.9878,16.0867,15.232,16.453,15.4151,35.3175,35.5006,36.0501,35.6838,97.2222,98.0769,97.2222,98.138,59.9817,59.188,60.1038,59.7375,59,59,59,59,59.6764,59.6764,59.6764,59.3712,5.7081800000000005,0.396825,0.763126,59.2491,44.6581,47.1612,37.0879,50.3358,15.5372,51.9231,2.77778,0.396825,1076.43,168.923,1435.41,0.0,1.0,1.0,1.0,1.0,0.0,0.07783949999999999,42.6297,42.1627,41.5919,42.1108,0.129731,15.3183,97.3033,93.0488,90.5317,97.8426,0.0,8.104389999999999,62.1825,0.0,0.0,-30.9114,98.5763,95.1803,45.4608,310.2340000000001,51.1704,277.467,287.825,51.0369,425.685,427.684,424.516,529.995,505.541,601.935,430.156,423.507,533.359,499.528,603.2280000000002,411.99300000000005,409.324,515.773,515.057,614.073,411.055,409.973,515.9630000000002,514.461,616.015,432.741,432.573,535.8580000000002,534.355,612.491,433.676,432.8130000000001,536.144,535.572,613.138,601.217,602.797,22.2589,405.244,1141.53
2020-11-22 07:33:10,96.8559,97.8938,97.6496,98.5653,80.7998,80.0672,80.9219,81.3492,36.9658,36.7216,37.8816,37.6374,15.1099,14.8657,15.7814,15.7814,15.7814,14.6215,14.9878,14.8657,48.7912,21.2454,23.3944,35.6044,90.7936,127.228,87.2772,74.0903,59,59,59,59,58.9438,59.4933,59.2491,59.6764,59,59,59,59,11.4469,11.2027,11.2637,11.8742,10.6532,10.8974,11.0195,11.2027,11.8132,12.4847,12.4237,12.0574,54.4872,56.1355,55.2808,55.5861,26.4042,25.2442,26.0989,25.0611,43.9866,57.6618,42.8877,43.1319,32.8144,33.3028,33.486,32.5092,27.8083,27.8083,27.6252,27.9304,42.5214,42.5214,42.1551,42.2161,34.0965,33.9744,34.2796,34.2186,25.0611,25.3053,25.4274,25.3663,42.3993,42.5824,41.7277,42.7045,32.6923,33.3639,33.3028,32.8755,25.3663,25.6105,25.1832,29.7009,43.254,43.6203,42.094,43.1319,15.6593,15.232,30.9829,15.4762,15.293,15.1099,38.9194,14.9878,16.0867,15.232,16.453,15.4151,35.3175,35.5006,36.0501,35.6838,97.2222,98.0769,97.2222,98.138,59.9817,59.188,60.1038,59.7375,59,59,59,59,59.6764,59.6764,59.6764,59.3712,5.7081800000000005,0.396825,0.763126,59.2491,44.6581,47.1612,37.0879,50.3358,15.5372,51.9231,2.77778,0.396825,1076.49,168.923,1433.41,0.0,1.0,1.0,1.0,1.0,0.0,0.07783949999999999,42.6297,42.1627,41.5919,42.1108,0.129731,15.3183,97.3033,90.9763,91.4117,97.15,0.0,8.104389999999999,61.9518,0.0,0.0,-12.069,98.5763,95.1803,44.1177,309.266,52.8479,281.871,287.825,51.0369,425.685,427.684,424.516,529.995,506.543,601.935,430.156,423.507,533.216,499.528,603.2280000000002,411.99300000000005,409.324,515.773,515.057,614.073,411.055,409.973,515.9630000000002,514.461,616.015,432.741,432.573,535.8580000000002,535.357,612.491,433.676,432.8130000000001,536.144,535.572,613.138,601.217,602.797,22.2589,405.244,1140.99
2020-11-22 07:33:15,96.8559,97.8938,97.6496,98.5653,80.7998,80.0672,80.9219,81.3492,36.3553,36.0501,36.7216,37.6374,15.1099,14.8657,15.7814,15.7814,15.7814,14.6215,14.9878,14.8657,50.0611,21.2454,23.3944,34.1392,90.7936,127.228,85.81200000000003,74.0903,59,59,59,59,58.9438,59.4933,59.2491,59.6764,59,59,59,59,11.4469,11.2027,11.2637,11.8742,10.6532,10.8974,11.0195,11.2027,11.8132,12.4847,11.8742,12.0574,54.4872,56.1355,55.2808,55.5861,26.4042,25.2442,26.0989,25.0611,43.9866,57.6618,42.8877,43.1319,32.8144,33.3028,33.486,32.5092,27.8083,27.8083,27.6252,27.9304,42.5214,42.5214,42.1551,42.2161,34.0965,33.9744,33.7302,34.2186,25.0611,25.3053,25.4274,25.3663,41.8498,42.5824,41.7277,42.7045,32.6923,33.3639,33.3028,32.8755,25.3663,25.6105,25.1832,29.7009,42.7045,43.6203,42.094,43.1319,15.6593,15.232,30.9829,15.4762,15.293,15.1099,38.9194,14.9878,16.0867,15.232,16.453,15.4151,35.3175,35.5006,36.0501,35.6838,97.2222,98.0769,97.2222,98.138,59.9817,59.188,60.1038,59.7375,59,59,59,59,59.6764,59.6764,59.6764,59.3712,5.7081800000000005,0.396825,0.763126,59.2491,44.6581,47.1612,37.0879,50.3358,15.5372,51.9231,2.77778,0.396825,1076.57,168.923,1429.11,0.0,1.0,1.0,1.0,1.0,0.0,0.07783949999999999,42.6297,42.1627,41.5919,42.1108,0.129731,14.7156,97.3033,93.0016,89.6135,96.5297,0.0,8.104389999999999,62.415,0.0,0.0,-7.1264699999999985,98.5763,95.1803,43.4293,308.6690000000001,51.8173,284.259,287.825,51.0369,425.685,427.684,424.516,529.995,506.543,601.935,430.156,423.507,533.216,499.528,603.2280000000002,411.99300000000005,409.324,515.773,515.057,614.073,411.055,409.973,515.9630000000002,514.461,616.015,432.741,432.573,535.8580000000002,535.357,612.491,433.676,432.8130000000001,536.144,535.572,613.138,601.217,602.797,22.2589,404.715,1140.34
2020-11-22 07:33:20,96.8559,97.8938,97.6496,98.5653,80.7998,80.0672,80.9219,81.3492,35.5006,35.3785,35.5006,36.4164,15.1099,14.8657,15.7814,15.0488,15.7814,14.6215,14.9878,14.8657,50.0611,21.2454,22.5153,34.1392,90.7936,128.107,84.8352,74.0903,59,59,59,59,58.9438,59.4933,59.2491,59.6764,59,59,59,59,11.4469,11.2027,11.2637,11.8742,10.6532,11.5079,11.0195,11.2027,11.8132,12.4847,11.8742,12.0574,54.4872,56.1355,55.2808,55.5861,26.4042,25.2442,26.0989,25.0611,43.9866,57.6618,42.8877,43.1319,32.8144,33.3028,33.486,32.5092,27.8083,27.8083,27.6252,27.9304,42.5214,42.5214,42.1551,42.2161,34.0965,33.9744,33.1197,34.2186,25.0611,25.3053,25.4274,25.3663,41.8498,42.5824,41.7277,42.7045,32.6923,33.3639,33.3028,32.8755,25.3663,24.7558,25.1832,29.7009,42.7045,43.6203,42.094,43.1319,15.6593,15.232,30.9829,15.4762,15.293,15.1099,38.9194,14.9878,16.0867,15.232,16.453,15.4151,35.3175,35.5006,36.0501,35.6838,97.2222,98.0769,97.2222,98.138,59.9817,59.188,60.1038,59.7375,59,59,59,59,59.6764,59.6764,59.6764,59.3712,5.7081800000000005,0.396825,0.763126,59.2491,44.6581,47.1612,37.0879,50.3358,15.5372,51.9231,2.77778,0.396825,1077.77,168.923,1429.38,0.0,1.0,1.0,1.0,1.0,0.0,0.07783949999999999,42.6297,42.1627,41.5919,42.1108,0.129731,14.0687,96.4589,92.1683,90.2898,97.8087,0.0,8.104389999999999,58.6957,0.0,0.0,-3.26307,98.5763,95.1803,43.4441,308.6690000000001,50.5985,287.1740000000001,287.825,51.0369,425.685,427.684,424.516,529.995,506.543,601.935,430.156,423.507,533.216,499.528,603.2280000000002,411.99300000000005,409.324,515.773,515.057,614.073,411.055,409.973,515.9630000000002,514.461,616.015,432.741,432.573,535.8580000000002,535.357,612.491,433.676,432.8130000000001,536.144,535.572,613.138,601.217,602.797,22.2589,404.715,1140.34
2020-11-22 07:33:25,96.8559,97.8938,97.6496,98.5653,80.7998,80.0672,80.9219,81.3492,34.768,34.5849,34.5238,35.2564,15.1099,14.8657,15.7814,15.0488,15.7814,14.6215,14.9878,14.8657,50.0611,21.2454,22.5153,34.1392,91.6728,128.107,86.8864,74.0903,59,59,59,59,58.9438,59.4933,59.2491,59.6764,59,59,59,59,11.4469,11.2027,11.2637,11.8742,10.6532,11.0195,11.0195,11.2027,11.8132,12.4847,12.4237,12.0574,54.4872,56.1355,55.2808,55.5861,26.4042,25.2442,26.0989,25.0611,43.9866,57.6618,42.8877,43.1319,32.8144,33.3028,33.486,32.5092,27.8083,27.8083,27.6252,27.9304,42.5214,42.5214,42.1551,42.2161,34.0965,33.9744,32.4481,34.2186,25.0611,25.3053,25.4274,25.3663,41.8498,42.5824,41.7277,42.7045,32.6923,33.3639,33.3028,32.8755,25.3663,26.0379,25.1832,29.7009,42.7045,43.6203,42.094,43.1319,15.6593,15.232,30.9829,15.4762,15.293,15.1099,38.9194,14.9878,16.0867,15.232,16.453,15.4151,35.3175,35.5006,36.0501,35.6838,97.2222,98.0769,97.2222,98.138,59.9817,59.188,60.1038,59.7375,59,59,59,59,59.6764,59.6764,59.6764,59.3712,5.7081800000000005,0.396825,0.763126,59.2491,44.6581,47.1612,37.0879,50.3358,15.5372,51.9231,2.77778,0.396825,1078.98,168.923,1429.94,0.0,1.0,1.0,1.0,1.0,0.0,0.07783949999999999,42.6297,42.1627,41.5919,42.1108,0.129731,14.6862,97.603,91.8417,88.7838,97.8087,0.0,8.104389999999999,61.4069,0.0,0.0,-27.7122,98.5763,95.1803,43.4441,311.0370000000001,51.3001,288.219,287.825,51.0369,426.693,427.684,424.516,529.995,506.543,601.935,430.156,423.507,533.216,499.528,603.2280000000002,411.99300000000005,409.324,515.773,515.057,614.073,411.055,409.973,515.9630000000002,514.461,616.015,432.741,432.573,535.8580000000002,535.357,612.491,433.676,432.8130000000001,536.144,535.572,613.138,601.217,602.797,22.2589,405.772,1139.77
2020-11-22 07:33:30,96.8559,97.8938,97.6496,98.5653,80.7998,80.0672,80.9219,81.3492,33.9133,33.4249,34.5238,35.2564,15.1099,14.8657,15.7814,15.7814,15.7814,14.6215,14.9878,14.8657,50.0611,21.2454,22.5153,34.1392,91.6728,126.838,87.7656,74.0903,59,59,59,59,58.9438,59.4933,59.2491,59.6764,59,59,59,59,11.4469,11.2027,11.2637,11.8742,11.2027,11.0195,11.0195,11.2027,11.8132,12.4847,12.4237,12.0574,54.4872,56.1355,55.2808,55.5861,26.4042,25.2442,26.0989,25.0611,43.9866,57.6618,42.8877,43.1319,32.8144,33.3028,33.486,32.5092,27.8083,27.8083,27.6252,27.9304,42.5214,42.5214,42.1551,42.2161,34.0965,33.9744,32.4481,34.2186,25.0611,25.3053,25.4274,25.3663,41.8498,42.5824,41.7277,42.7045,32.6923,33.3639,33.3028,32.8755,25.3663,26.0379,25.1832,29.7009,42.7045,43.6203,42.7656,43.1319,15.6593,15.232,30.9829,15.4762,15.293,15.1099,38.9194,14.9878,16.0867,15.232,16.453,15.4151,35.3175,35.5006,36.0501,35.6838,97.2222,98.0769,97.2222,98.138,59.9817,59.188,60.1038,59.7375,59,59,59,59,59.6764,59.6764,59.6764,59.3712,5.7081800000000005,0.396825,0.763126,59.2491,44.6581,47.1612,38.8584,50.3358,17.1856,51.9231,2.77778,0.396825,1080.19,169.446,1433.99,0.0,1.0,1.0,1.0,1.0,0.0,0.07783949999999999,42.6297,42.1627,41.5919,42.1108,0.129731,14.6862,98.0459,92.0967,90.0159,97.8087,0.0,8.104389999999999,61.2142,0.0,0.0,-10.2458,98.5763,95.1803,43.9518,313.783,51.3995,288.741,287.825,51.0369,426.693,427.684,424.516,529.995,506.543,601.935,430.156,423.507,533.216,498.502,603.2280000000002,411.99300000000005,409.324,515.773,515.057,614.073,411.055,409.973,515.9630000000002,514.461,616.015,432.741,432.573,535.8580000000002,535.357,612.491,433.676,432.8130000000001,536.144,535.572,613.138,601.217,602.797,22.2589,405.244,1139.77
2020-11-22 07:33:35,96.8559,97.8938,97.6496,98.5653,80.7998,80.0672,80.9219,80.7387,33.9133,33.4249,33.9133,34.707,15.1099,14.8657,15.7814,15.7814,15.7814,14.6215,14.9878,14.8657,50.0611,20.3663,21.6361,32.967,91.6728,126.838,86.398,74.0903,59,59,59,59,58.9438,59.4933,59.2491,59.6764,59,59,59,59,11.4469,11.2027,11.2637,11.8742,11.2027,11.0195,11.0195,11.2027,11.8132,12.4847,12.4237,12.0574,54.4872,56.1355,55.2808,55.5861,25.3053,25.2442,26.0989,25.0611,43.9866,57.6618,42.8877,43.1319,32.8144,33.3028,33.486,32.5092,27.8083,27.8083,27.6252,27.9304,42.5214,42.5214,42.1551,42.2161,34.0965,33.9744,33.547,34.2186,25.0611,25.3053,25.4274,25.3663,41.8498,42.5824,41.7277,42.7045,32.6923,33.3639,33.3028,32.8755,25.3663,26.0379,25.1832,29.7009,42.7045,43.6203,42.7656,43.1319,15.6593,15.232,30.9829,15.4762,15.293,15.1099,38.9194,14.9878,16.0867,15.232,16.453,15.4151,35.3175,35.5006,36.0501,35.6838,97.2222,98.0769,97.2222,98.138,59.9817,59.188,60.1038,59.7375,59,59,59,59,59.6764,59.6764,59.6764,59.3712,5.7081800000000005,0.396825,0.763126,58.4554,44.6581,47.1612,38.8584,50.3358,22.9853,50.3968,2.77778,0.396825,1083.83,169.446,1428.13,0.0,1.0,1.0,1.0,1.0,0.0,0.07783949999999999,42.6297,42.1627,41.5919,42.1108,0.129731,15.3036,98.2251,91.9344,91.4237,98.4417,0.0,8.104389999999999,62.559,0.0,0.0,-3.13457,98.5763,95.1803,45.1897,315.641,51.3995,290.117,287.825,51.0369,426.693,427.684,424.516,529.995,506.543,601.935,430.156,423.507,533.216,498.502,603.2280000000002,411.99300000000005,409.324,515.773,515.057,614.073,411.055,409.973,515.9630000000002,514.461,616.015,432.741,432.573,535.8580000000002,535.357,612.491,433.676,432.8130000000001,536.144,535.572,613.138,601.217,602.797,22.2589,405.244,1139.77
2020-11-22 07:33:40,96.8559,97.8938,97.6496,98.5653,78.5409,80.0672,79.5177,79.82300000000002,33.9133,33.4249,33.9133,34.1575,15.1099,14.8657,15.7814,15.7814,15.7814,14.6215,14.9878,14.8657,50.0611,20.3663,21.6361,32.967,90.696,128.303,85.4212,71.9414,59,59,59,59,58.9438,59.4933,59.2491,59.6764,59,59,59,59,11.4469,11.2027,11.2637,11.8742,11.2027,11.0195,11.0195,11.2027,11.8132,12.4847,12.4237,12.0574,54.4872,56.1355,55.2808,55.5861,25.3053,25.2442,25.5495,25.0611,43.9866,57.6618,42.8877,43.1319,32.8144,33.3028,33.486,32.5092,27.8083,27.8083,27.6252,27.9304,42.5214,42.5214,42.1551,42.2161,34.0965,33.9744,33.547,34.2186,25.0611,25.3053,25.4274,25.3663,41.8498,42.5824,41.7277,42.7045,32.6923,33.3639,33.3028,32.8755,25.3663,24.7558,25.1832,29.7009,42.7045,43.6203,42.7656,43.1319,15.6593,15.232,30.9829,15.4762,15.293,15.1099,38.9194,14.9878,16.0867,15.232,16.453,15.4151,35.3175,35.5006,36.0501,35.6838,97.2222,98.0769,97.2222,98.138,59.9817,59.188,60.1038,59.7375,59,59,59,59,59.6764,59.6764,59.6764,59.3712,5.7081800000000005,0.396825,0.763126,58.4554,44.6581,47.1612,38.8584,50.3358,22.9853,50.3968,2.77778,0.396825,1079.01,169.446,1427.69,0.0,1.0,1.0,1.0,1.0,0.0,0.07783949999999999,42.6297,42.1627,41.5919,42.1108,0.129731,15.3036,97.3855,92.6605,90.8041,97.3311,0.0,8.104389999999999,62.4335,0.0,1.23117,-4.41383,98.5763,95.1803,45.6954,316.892,50.7878,287.994,287.825,51.0369,426.693,427.684,424.516,529.995,506.543,601.935,430.156,423.507,533.216,498.502,603.2280000000002,411.99300000000005,409.324,515.773,515.057,614.073,411.055,409.973,515.9630000000002,514.461,616.015,432.741,432.573,535.8580000000002,535.357,612.491,433.676,432.8130000000001,536.144,535.572,613.138,601.217,602.797,22.2589,404.715,1140.35
2020-11-22 07:33:45,96.8559,97.8938,97.6496,98.5653,78.5409,80.0672,79.5177,79.82300000000002,33.9133,33.4249,33.3639,34.1575,15.1099,14.8657,15.7814,15.7814,15.7814,14.6215,14.9878,14.8657,50.9402,20.3663,20.757,32.967,89.8168,128.303,85.4212,73.3089,59,59,59,59,58.9438,59.4933,59.2491,59.6764,59,59,59,59,11.4469,11.2027,11.2637,11.8742,11.2027,11.0195,11.0195,11.2027,11.8132,12.4847,12.4237,12.0574,54.4872,56.1355,55.2808,55.5861,25.3053,25.2442,25.5495,25.0611,43.9866,57.6618,42.8877,43.1319,32.8144,33.3028,33.486,32.5092,27.8083,27.8083,27.6252,27.9304,42.5214,42.5214,42.1551,42.2161,34.0965,33.9744,33.547,34.2186,25.0611,25.3053,25.4274,25.3663,42.1551,42.5824,41.7277,42.7045,32.6923,33.3639,33.3028,32.8755,25.3663,25.7936,25.1832,29.7009,42.7045,43.6203,42.7656,43.1319,15.6593,15.232,30.9829,15.4762,15.293,15.1099,38.9194,14.9878,16.0867,15.232,16.453,15.4151,35.3175,35.5006,36.0501,35.6838,97.2222,98.0769,97.2222,98.138,59.9817,59.188,60.1038,59.7375,59,59,59,59,59.6764,59.6764,59.6764,59.3712,5.7081800000000005,0.396825,0.763126,57.90600000000001,44.6581,47.1612,38.8584,50.3358,22.9853,50.3968,2.77778,0.396825,1079.09,169.446,1424.25,0.0,1.0,1.0,1.0,1.0,0.0,0.07783949999999999,42.6297,42.1627,41.5919,42.1108,0.129731,15.3036,97.3855,92.9159,91.5431,96.6589,0.0,8.104389999999999,62.5992,0.0,0.0,-17.6298,98.5763,95.1803,46.2531,317.396,51.3363,287.185,287.825,51.0369,426.693,427.684,424.516,529.995,506.543,601.935,430.156,423.507,533.359,498.502,603.2280000000002,411.99300000000005,409.324,515.773,515.057,614.073,411.055,409.973,515.9630000000002,514.461,616.015,432.741,432.573,535.8580000000002,535.357,612.491,433.676,432.8130000000001,536.144,535.572,613.138,601.217,602.797,22.2589,404.715,1140.35
2020-11-22 07:33:50,96.8559,97.8938,97.6496,98.5653,78.5409,77.0757,77.9304,79.0293,33.9133,33.4249,32.8144,33.6081,15.1099,14.8657,15.7814,14.9878,15.7814,14.6215,14.9878,14.8657,50.0611,20.3663,20.757,32.967,90.8913,126.935,87.7656,72.3321,59,59,59,59,58.9438,59.4933,59.2491,59.6764,59,59,59,59,11.4469,11.2027,11.2637,11.8742,11.2027,11.0195,11.0195,11.2027,11.8132,12.4847,12.4237,12.0574,54.4872,56.1355,55.2808,55.5861,25.3053,25.2442,25.0,25.0611,43.9866,57.6618,42.8877,43.1319,32.8144,33.3028,33.486,32.5092,27.8083,27.8083,27.6252,27.9304,42.5214,42.5214,42.1551,42.2161,34.0965,33.9744,33.547,34.2186,25.0611,25.3053,25.4274,25.3663,42.1551,42.5824,41.7277,42.7045,32.6923,33.3639,33.3028,32.8755,25.3663,25.7936,25.1832,29.7009,42.7045,43.6203,42.7656,43.1319,15.6593,15.232,30.9829,15.4762,15.293,15.1099,38.9194,14.9878,16.0867,15.232,16.453,15.4151,35.3175,35.5006,36.0501,35.6838,97.2222,98.0769,97.2222,98.138,59.9817,59.188,60.1038,59.7375,59,59,59,59,59.6764,59.6764,59.6764,59.3712,5.7081800000000005,0.396825,0.763126,57.90600000000001,44.6581,47.1612,38.8584,50.3358,22.9853,50.3968,2.77778,0.396825,1077.88,169.446,1427.79,0.0,1.0,1.0,1.0,1.0,0.0,0.07783949999999999,42.6297,42.1627,41.5919,42.1108,0.129731,15.3036,98.4,91.0105,91.3977,97.3921,0.0,8.104389999999999,62.0495,0.0,0.0,-15.9188,98.5763,95.1803,46.2531,318.673,49.8032,290.38,287.825,51.0369,426.693,427.684,424.516,529.995,506.543,601.935,430.156,423.507,533.359,498.502,603.2280000000002,411.99300000000005,409.324,515.773,515.057,614.073,411.055,409.973,515.9630000000002,514.461,616.015,432.741,432.573,535.8580000000002,535.357,612.491,433.676,432.8130000000001,536.144,535.572,613.138,601.217,602.797,22.2589,403.129,1140.35
2020-11-22 07:33:55,96.8559,97.8938,97.6496,98.5653,76.9536,77.0757,77.9304,78.1746,33.9133,33.4249,32.8144,33.6081,15.1099,14.8657,15.7814,14.9878,15.7814,14.6215,14.9878,14.8657,50.0611,20.3663,20.757,32.967,90.8913,126.935,89.0354,72.3321,59,59,59,59,58.9438,59.4933,59.2491,59.6764,59,59,59,59,11.4469,11.2027,11.2637,11.8742,11.2027,11.0195,11.0195,11.2027,11.8132,12.4847,11.8742,12.0574,54.4872,56.1355,55.2808,55.5861,25.3053,25.2442,25.0,25.0611,43.9866,57.6618,42.8877,43.1319,32.8144,33.3028,33.486,32.5092,27.8083,27.8083,27.6252,27.9304,42.5214,42.5214,42.1551,42.2161,34.0965,33.9744,33.547,34.2186,25.0611,25.3053,25.4274,25.3663,42.1551,42.5824,41.7277,42.7045,32.6923,33.3639,33.3028,32.8755,25.3663,25.7936,25.1832,29.7009,42.7045,43.6203,42.7656,43.1319,15.6593,15.232,30.9829,15.4762,15.293,15.1099,38.9194,14.9878,16.0867,15.232,16.453,15.4151,35.3175,35.5006,36.0501,35.6838,97.2222,98.0769,97.2222,98.138,59.9817,59.188,60.1038,59.7375,59,59,59,59,59.6764,59.6764,59.6764,59.3712,5.7081800000000005,0.396825,2.77778,57.90600000000001,44.6581,47.1612,38.8584,48.9927,22.9853,50.3968,2.77778,0.396825,1077.88,168.933,1426.14,0.0,1.0,1.0,1.0,1.0,0.0,0.07783949999999999,42.1627,42.1627,41.5919,42.1108,0.129731,15.3036,98.0564,90.8564,91.8785,97.3921,0.0,8.104389999999999,61.6364,0.0,0.0,-27.3453,98.5763,95.1803,46.1127,320.166,49.8032,294.707,287.825,51.0369,426.693,427.684,424.516,529.995,507.593,601.935,431.211,423.507,533.359,498.502,603.2280000000002,410.959,409.324,515.773,515.057,614.073,410.021,409.973,515.9630000000002,514.461,616.015,432.741,432.573,535.8580000000002,535.357,612.491,433.676,432.8130000000001,536.144,535.572,613.138,601.217,602.797,22.2589,404.186,1140.35
2020-11-22 07:34:00,96.8559,97.8938,97.6496,98.5653,76.9536,77.0757,77.9304,78.1746,33.9133,33.4249,32.8144,33.6081,15.1099,14.8657,15.7814,14.9878,15.7814,14.6215,14.9878,14.8657,50.0611,20.3663,20.757,33.8461,90.8913,127.814,89.9145,73.5043,59,59,59,59,58.9438,59.4933,59.2491,59.6764,59,59,59,59,11.4469,11.2027,11.2637,11.8742,11.2027,11.0195,11.0195,11.2027,11.8132,12.4847,11.8742,12.0574,54.4872,56.1355,55.2808,55.5861,25.3053,25.2442,25.0,25.0611,43.9866,57.6618,42.8877,43.1319,32.8144,33.3028,33.486,32.5092,27.8083,27.8083,27.6252,27.9304,42.5214,42.5214,42.1551,42.2161,34.0965,33.9744,33.547,34.2186,25.0611,25.3053,25.4274,25.3663,42.1551,42.5824,41.7277,42.7045,32.6923,33.3639,33.3028,32.8755,25.3663,24.6337,25.1832,29.7009,42.7045,43.6203,42.7656,43.1319,15.6593,15.232,30.9829,15.4762,15.293,15.1099,38.9194,14.9878,16.0867,15.232,16.453,15.4151,35.3175,35.5006,36.0501,35.6838,97.2222,98.0769,97.2222,98.138,59.9817,59.188,60.1038,59.7375,59,59,59,59,59.6764,59.6764,59.6764,59.3712,5.7081800000000005,0.396825,2.77778,57.90600000000001,44.6581,47.1612,38.8584,48.9927,22.9853,48.4432,2.77778,0.396825,1071.83,168.40200000000004,1424.35,0.0,1.0,1.0,1.0,1.0,0.0,0.07783949999999999,42.1627,42.1627,41.5919,42.1108,0.129731,15.3036,98.925,92.9644,91.2765,95.7938,0.0,8.104389999999999,62.7363,0.0,0.0,-52.6555,98.5763,95.1803,47.1795,322.127,49.8032,295.538,287.825,51.0369,426.693,427.684,424.516,529.995,507.593,601.935,431.211,423.507,533.502,498.502,603.2280000000002,410.959,409.324,515.773,515.057,614.073,410.021,409.973,515.9630000000002,514.461,616.015,432.741,432.573,535.8580000000002,535.357,612.491,433.676,432.8130000000001,536.144,535.572,613.138,601.217,602.797,22.2589,405.772,1140.35
2020-11-22 07:34:05,96.8559,97.8938,97.6496,98.5653,76.9536,77.0757,77.381,77.381,33.9133,33.4249,34.707,33.6081,15.1099,14.8657,15.7814,14.9878,15.7814,14.6215,14.9878,14.8657,50.0611,20.3663,21.6361,33.8461,91.7704,127.814,90.8913,74.5788,59,59,59,59,58.9438,59.4933,59.2491,59.6764,59,59,59,59,11.4469,11.2027,11.2637,11.8742,11.2027,11.0195,11.0195,11.2027,11.8132,12.4847,11.8742,12.0574,54.4872,56.1355,55.2808,55.5861,25.3053,25.2442,25.0,25.0611,43.9866,57.6618,42.8877,43.1319,32.8144,33.3028,33.486,32.5092,27.8083,27.8083,27.6252,27.9304,42.5214,42.5214,42.1551,42.2161,34.0965,33.9744,33.547,34.2186,25.0611,25.3053,25.4274,25.3663,42.1551,42.5824,41.7277,42.7045,32.6923,33.3639,33.3028,32.8755,25.3663,25.9158,25.1832,29.7009,42.7045,43.6203,42.7656,43.1319,15.6593,15.232,30.9829,15.4762,15.293,15.1099,38.9194,14.9878,16.0867,15.232,16.453,15.4151,35.3175,35.5006,36.0501,35.6838,97.2222,98.0769,97.2222,98.138,59.9817,59.188,60.1038,59.7375,59,59,59,59,59.6764,59.6764,59.6764,59.3712,5.7081800000000005,0.396825,2.77778,57.90600000000001,44.6581,45.9402,38.8584,48.9927,24.5727,48.4432,2.77778,0.396825,1071.8,168.40200000000004,1417.37,0.0,1.0,1.0,1.0,1.0,0.0,0.07783949999999999,42.1627,42.1627,41.5919,42.1108,0.129731,15.9651,98.739,92.6219,91.9486,96.5136,0.0,8.104389999999999,61.5279,0.0,0.0,-73.9343,98.5763,95.1803,47.1795,322.724,50.5179,295.538,287.825,51.0369,426.693,427.684,424.516,529.995,507.593,601.935,431.211,423.507,533.645,498.502,603.2280000000002,410.959,409.324,515.773,515.057,614.073,410.021,409.973,515.9630000000002,514.461,616.015,432.741,432.573,535.8580000000002,535.357,612.491,433.676,432.8130000000001,536.144,535.572,613.138,601.217,602.797,22.2589,405.772,1139.16
2020-11-22 07:34:10,96.8559,97.8938,97.6496,98.5653,76.4042,77.0757,77.381,77.381,33.9133,33.4249,34.707,33.0586,15.1099,14.8657,15.7814,14.9878,15.7814,14.6215,14.9878,14.8657,48.9866,19.3895,22.5153,33.8461,91.7704,127.814,90.8913,73.602,59,59,59,59,58.9438,59.4933,59.2491,59.6764,59,59,59,59,11.4469,11.2027,11.2637,11.8742,11.2027,11.0195,11.0195,11.2027,11.8132,12.4847,11.8742,12.0574,54.4872,56.1355,55.2808,55.5861,25.3053,25.2442,25.0,25.0611,43.9866,57.6618,42.8877,43.1319,32.8144,33.3028,33.486,32.5092,27.8083,27.8083,27.6252,27.9304,42.5214,42.5214,42.1551,42.2161,34.0965,33.9744,33.547,34.2186,25.0611,25.3053,25.4274,25.3663,42.1551,42.5824,41.7277,42.7045,32.6923,33.3639,33.3028,32.8755,25.3663,25.9158,25.1832,29.7009,42.7045,43.6203,42.7656,43.1319,15.6593,15.232,30.9829,15.4762,15.293,15.1099,38.9194,14.9878,16.0867,15.232,16.453,15.4151,35.3175,35.5006,36.0501,35.6838,97.2222,98.0769,97.2222,98.138,59.9817,59.188,60.1038,59.7375,59,59,59,59,59.6764,59.6764,59.6764,59.3712,5.7081800000000005,0.396825,2.77778,57.90600000000001,44.6581,45.9402,38.8584,48.9927,24.5727,48.4432,2.77778,0.396825,1073.02,168.40200000000004,1426.22,0.0,1.0,1.0,1.0,1.0,0.0,0.07783949999999999,42.1627,42.1627,41.5919,42.1108,0.129731,15.9651,97.5899,91.6425,90.2268,96.5136,0.0,8.104389999999999,59.6852,0.0,0.0,-51.7234,98.5763,95.1803,47.1795,322.08,49.0655,296.8,287.825,51.0369,426.693,427.684,424.516,529.995,507.593,601.935,431.211,423.507,533.788,498.502,603.2280000000002,410.959,409.324,515.773,515.057,614.073,410.021,408.939,515.9630000000002,514.461,616.015,432.741,432.573,535.8580000000002,535.357,612.491,433.676,432.8130000000001,536.144,535.572,613.138,601.217,602.797,22.2589,405.244,1138.65
2020-11-22 07:34:15,96.8559,97.8938,97.6496,98.5653,76.4042,77.0757,76.5873,77.381,33.9133,33.4249,33.0586,33.0586,15.1099,14.8657,15.7814,14.9878,15.7814,14.6215,14.9878,14.8657,48.9866,19.3895,22.5153,33.8461,90.8913,127.814,90.8913,73.602,59,59,59,59,58.9438,59.4933,59.2491,59.6764,59,59,59,59,11.4469,11.2027,11.2637,11.8742,11.2027,11.0195,11.0195,11.2027,11.8132,12.4847,11.8742,12.0574,54.4872,56.1355,55.2808,55.5861,25.3053,25.2442,25.0,25.0611,43.9866,57.6618,42.8877,43.1319,32.8144,33.3028,33.486,32.5092,27.8083,27.8083,27.6252,27.9304,42.5214,42.5214,42.1551,42.2161,34.0965,33.9744,33.547,34.2186,25.0611,25.3053,25.4274,25.3663,42.1551,42.5824,41.7277,42.7045,32.6923,33.3639,33.3028,32.8755,25.3663,24.9389,25.1832,29.7009,42.7045,43.6203,42.7656,43.1319,15.6593,15.232,30.9829,15.4762,15.293,15.1099,38.9194,14.9878,16.0867,15.232,16.453,15.4151,35.3175,35.5006,36.0501,35.6838,97.2222,98.0769,97.2222,98.138,59.9817,59.188,60.1038,59.7375,59,59,59,59,59.6764,59.6764,59.6764,59.3712,5.7081800000000005,0.396825,2.77778,57.90600000000001,44.6581,45.9402,38.8584,48.9927,24.5727,48.4432,2.77778,0.396825,1076.67,168.916,1424.23,0.0,1.0,1.0,1.0,1.0,0.0,0.07783949999999999,42.1627,42.1627,41.5919,42.1108,0.129731,15.9651,99.7388,90.7637,91.3617,95.8855,0.0,8.104389999999999,62.7458,0.0,0.0,-39.8314,98.5763,95.1803,48.327,321.394,49.0655,298.098,287.825,51.0369,426.693,427.684,424.516,529.995,507.593,601.935,431.211,423.507,533.788,498.502,603.2280000000002,410.959,408.289,515.773,515.057,614.073,410.021,408.939,515.9630000000002,514.461,616.015,432.741,432.573,535.8580000000002,535.357,612.491,433.676,432.8130000000001,536.144,535.572,613.138,601.217,602.797,22.2589,405.772,1138.12
2020-11-22 07:34:20,96.8559,97.8938,97.6496,98.5653,76.4042,77.0757,76.5873,77.381,33.9133,33.4249,33.0586,33.0586,15.1099,14.8657,15.7814,14.9878,15.7814,14.6215,14.9878,14.8657,49.9634,19.3895,22.5153,33.8461,90.8913,126.935,90.8913,74.4811,59,59,59,59,58.9438,59.4933,59.2491,59.6764,59,59,59,59,11.4469,11.2027,11.2637,11.8742,11.2027,11.0195,11.0195,11.2027,11.8132,12.4847,11.8742,12.0574,54.4872,56.1355,55.2808,55.5861,25.3053,25.2442,25.0,25.0611,43.9866,57.6618,42.2772,43.1319,32.8144,33.3028,33.486,32.5092,27.8083,27.8083,27.6252,27.9304,42.5214,42.5214,42.1551,42.2161,34.0965,33.9744,33.547,34.2186,25.0611,25.3053,25.4274,25.3663,42.1551,42.5824,41.7277,42.7045,32.6923,33.3639,33.3028,32.8755,25.3663,25.7936,25.1832,29.7009,42.7045,43.6203,42.7656,43.1319,15.6593,15.232,30.9829,15.4762,15.293,15.1099,38.9194,14.9878,16.0867,15.232,16.453,15.4151,35.3175,35.5006,36.0501,35.6838,97.2222,98.0769,97.2222,98.138,59.9817,59.188,60.1038,59.7375,59,59,59,59,59.6764,59.6764,59.6764,59.3712,5.7081800000000005,0.396825,2.77778,57.90600000000001,44.6581,45.9402,38.8584,48.9927,26.7705,48.4432,2.77778,0.396825,1077.87,168.916,1422.09,0.0,1.0,1.0,1.0,1.0,0.0,0.07783949999999999,42.1627,42.1627,41.5919,42.1108,0.129731,15.3624,98.456,91.6317,91.1282,95.8855,0.0,8.104389999999999,60.1673,0.0,0.0,-30.5493,98.5763,95.1803,47.6665,322.03,48.619,297.507,287.825,51.0369,426.693,427.684,424.516,529.995,507.593,601.935,431.211,423.507,533.788,498.502,603.2280000000002,410.959,408.289,515.773,515.057,614.073,410.021,408.939,515.9630000000002,514.461,616.015,432.741,432.573,535.8580000000002,535.357,612.491,433.676,432.8130000000001,536.144,535.572,613.138,601.217,601.7909999999998,22.2589,405.244,1138.12
2020-11-22 07:34:25,96.8559,97.8938,97.6496,98.5653,76.4042,76.5263,76.0379,76.5263,33.9133,33.4249,33.0586,33.0586,15.1099,14.8657,15.7814,14.9878,15.7814,14.6215,14.9878,14.8657,49.9634,19.3895,23.5897,32.674,91.9658,127.814,90.8913,74.4811,59,59,59,59,58.9438,59.4933,59.2491,59.6764,59,59,59,59,11.4469,11.2027,11.2637,11.8742,11.2027,11.0195,11.0195,11.2027,11.8132,12.4847,11.8742,12.0574,54.4872,56.1355,55.7692,55.5861,25.3053,25.2442,25.0,25.0611,43.9866,57.6618,43.1929,43.1319,32.8144,33.3028,33.486,32.5092,27.8083,27.8083,27.6252,27.9304,42.5214,42.5214,42.1551,42.2161,34.0965,33.9744,33.547,34.2186,25.0611,25.3053,25.4274,25.3663,42.1551,42.5824,41.7277,42.7045,32.6923,33.3639,33.3028,32.8755,25.3663,25.7936,25.1832,29.7009,42.7045,43.6203,42.7656,43.1319,15.6593,15.232,30.9829,15.4762,15.293,15.1099,38.9194,14.9878,16.0867,15.232,16.453,15.4151,35.3175,35.5006,36.0501,35.6838,97.2222,98.0769,97.2222,98.138,59.9817,59.188,60.1038,59.7375,59,59,59,59,59.6764,59.6764,59.6764,59.3712,5.7081800000000005,0.396825,2.77778,57.90600000000001,44.6581,45.9402,38.8584,48.9927,26.7705,48.4432,2.77778,0.396825,1083.9,168.916,1422.37,0.0,1.0,1.0,1.0,1.0,0.0,0.07783949999999999,42.1627,42.1627,41.5919,42.1108,0.129731,15.3624,96.2198,90.8321,91.2638,95.6433,0.0,8.104389999999999,63.0071,0.0,0.0,-26.3081,98.5763,95.1803,46.8832,322.6140000000001,49.0655,296.818,287.825,51.0369,426.693,427.684,424.516,529.995,507.593,601.935,431.211,423.507,533.931,498.502,602.222,410.959,408.289,515.773,515.057,614.073,410.021,408.939,515.9630000000002,514.461,616.015,432.741,432.573,535.8580000000002,535.357,612.491,433.676,432.8130000000001,536.144,535.572,613.138,601.217,601.7909999999998,22.2589,406.301,1138.64
2020-11-22 07:34:30,96.8559,97.8938,97.6496,98.5653,74.6948,76.5263,76.0379,76.5263,33.9133,33.4249,32.3871,33.0586,15.1099,14.8657,15.7814,14.9878,15.7814,14.6215,14.9878,14.8657,49.9634,20.2686,23.5897,32.674,92.9426,128.889,91.7704,74.4811,59,59,59,59,58.9438,59.4933,59.2491,59.6764,59,59,59,59,11.4469,11.2027,11.2637,11.8742,10.6532,11.0195,11.0195,11.2027,11.8132,12.4847,11.8742,12.0574,54.4872,56.1355,55.2198,55.5861,25.3053,24.6948,25.5495,25.0611,43.9866,57.6618,43.1929,43.1319,32.8144,33.3028,33.486,32.5092,27.8083,27.8083,27.6252,27.9304,42.5214,42.5214,42.1551,42.2161,34.0965,33.9744,33.547,34.2186,25.0611,25.3053,25.4274,25.3663,42.1551,42.5824,41.7277,42.7045,32.6923,33.3639,33.3028,32.8755,25.3663,25.7936,25.1832,29.7009,42.7045,43.6203,42.7656,43.1319,15.6593,15.232,30.9829,15.4762,15.293,15.1099,38.9194,14.9878,16.0867,15.232,16.453,15.4151,35.3175,35.5006,36.0501,35.6838,97.2222,98.0769,97.2222,98.138,59.9817,59.188,60.1038,59.7375,59,59,59,59,59.6764,59.6764,59.6764,59.3712,5.7081800000000005,0.396825,2.77778,57.90600000000001,44.6581,45.9402,38.8584,48.9927,26.7705,48.4432,2.77778,0.396825,1088.71,168.916,1424.87,0.0,1.0,1.0,1.0,1.0,0.0,0.07783949999999999,42.6297,42.6297,41.5919,42.1108,0.129731,15.3624,96.2198,92.5437,91.7132,95.9642,0.0,8.104389999999999,64.1285,0.0,0.0,-16.6239,98.5763,95.1803,46.3365,322.6140000000001,49.0655,293.24,287.825,51.0369,426.693,427.684,424.516,529.995,507.593,601.935,431.211,423.507,533.931,498.502,602.222,410.959,408.289,515.773,515.057,614.073,410.021,408.939,515.9630000000002,514.461,616.015,432.741,432.573,535.8580000000002,535.357,612.491,433.676,432.8130000000001,536.144,535.572,613.138,601.217,601.7909999999998,22.2589,405.772,1140.12
2020-11-22 07:34:35,96.8559,97.8938,97.6496,98.5653,74.6948,76.5263,76.0379,76.5263,34.4628,33.4249,32.3871,33.0586,15.1099,14.8657,15.7814,15.5983,15.7814,14.6215,14.9878,14.8657,50.9402,20.2686,22.6129,32.674,92.9426,128.01,90.0122,74.4811,59,59,59,59,58.9438,59.4933,59.2491,59.6764,59,59,59,59,11.4469,11.2027,11.2637,11.8742,10.6532,11.63,11.0195,11.2027,11.8132,12.4847,11.8742,12.0574,54.4872,56.1355,55.8913,55.5861,25.3053,24.6948,25.5495,25.0611,43.9866,57.6618,43.1929,43.1319,32.8144,33.3028,33.486,32.5092,27.8083,27.8083,27.6252,27.9304,42.5214,42.5214,42.1551,42.2161,34.0965,33.9744,33.547,34.2186,25.0611,25.3053,25.4274,25.3663,42.1551,42.5824,41.7277,42.7045,32.6923,33.3639,33.3028,32.8755,25.3663,24.5727,25.1832,29.7009,42.7045,43.6203,42.7656,43.1319,15.6593,15.232,30.9829,15.4762,15.293,15.1099,38.9194,14.9878,16.0867,15.232,16.453,15.4151,35.3175,35.5006,36.0501,35.6838,97.2222,98.0769,97.2222,98.138,59.9817,59.188,60.1038,59.7375,59,59,59,59,59.6764,59.6764,59.6764,59.3712,5.7081800000000005,0.396825,4.30403,57.90600000000001,44.6581,45.9402,38.8584,48.9927,28.4188,48.4432,2.77778,0.396825,1093.58,169.51,1418.97,0.0,1.0,1.0,1.0,1.0,0.0,0.07783949999999999,42.6297,42.6297,42.0589,42.6816,0.129731,15.3624,97.6363,92.1777,91.7132,94.4231,0.0,8.104389999999999,62.901,0.0,0.0,-20.7208,98.5763,95.1803,46.3365,324.145,49.0939,291.871,287.825,51.0369,426.693,427.684,424.516,529.995,507.593,601.935,431.211,423.507,533.931,498.502,602.222,410.959,408.289,515.773,515.057,614.073,410.021,408.939,515.9630000000002,514.461,616.015,432.741,432.573,535.8580000000002,535.357,612.491,433.676,432.8130000000001,536.144,535.572,613.138,601.217,601.7909999999998,22.2589,405.244,1141.85
2020-11-22 07:34:40,96.8559,97.8938,97.6496,98.5653,74.6948,76.5263,75.0611,75.4884,34.4628,33.4249,33.9133,33.0586,15.1099,14.8657,15.7814,15.5983,15.7814,14.6215,14.9878,14.8657,50.9402,20.2686,22.6129,32.674,93.8217,128.01,90.0122,74.4811,59,59,59,59,58.9438,59.4933,59.2491,59.6764,59,59,59,59,11.4469,11.2027,11.2637,11.8742,10.6532,10.8974,11.0195,11.2027,11.8132,12.4847,11.8742,12.0574,54.4872,56.1355,55.8913,55.5861,25.3053,24.6948,25.5495,25.0611,43.9866,57.6618,43.1929,43.1319,32.8144,33.3028,33.486,32.5092,27.8083,27.8083,27.6252,27.9304,42.5214,43.0708,42.1551,42.2161,34.0965,33.9744,33.547,34.2186,25.0611,25.3053,25.4274,25.3663,42.1551,42.5824,41.7277,42.7045,32.6923,33.3639,33.3028,32.8755,25.3663,25.7326,25.1832,29.7009,42.7045,43.6203,42.7656,43.1319,15.6593,15.232,30.9829,15.4762,15.293,15.1099,38.9194,14.9878,16.0867,15.232,16.453,15.4151,35.3175,35.5006,36.0501,35.6838,97.2222,98.0769,97.2222,98.138,59.9817,59.188,60.1038,59.7375,59,59,59,59,59.6764,59.6764,59.6764,59.3712,5.7081800000000005,0.396825,4.30403,57.90600000000001,44.6581,45.9402,38.8584,48.9927,28.4188,48.4432,2.77778,0.396825,1095.97,169.51,1424.49,0.0,1.0,1.0,1.0,1.0,0.0,0.07783949999999999,42.6297,42.6297,42.0589,42.6816,0.129731,15.3624,99.7211,94.2997,90.3118,95.059,0.0,8.104389999999999,58.7001,0.0,0.0,-34.9312,98.5763,95.1803,46.9638,325.523,50.6087,293.397,287.825,51.0369,426.693,427.684,424.516,529.995,507.593,601.935,431.211,423.507,533.931,498.502,602.222,410.959,408.289,515.773,515.057,614.073,410.021,408.939,515.9630000000002,514.461,616.015,432.741,432.573,535.8580000000002,535.357,612.491,433.676,432.8130000000001,536.144,535.572,613.138,601.217,601.7909999999998,22.2589,405.244,1144.02
2020-11-22 07:34:45,96.8559,97.8938,97.6496,98.5653,74.6948,76.5263,75.0611,75.4884,34.4628,33.4249,33.9133,33.0586,15.1099,14.8657,15.7814,15.5983,15.7814,14.6215,14.9878,14.8657,50.9402,20.2686,23.5897,32.674,92.8449,128.01,90.0122,74.4811,59,59,59,59,58.9438,59.4933,59.2491,59.6764,59,59,59,59,11.4469,11.2027,11.2637,11.8742,10.6532,10.8974,11.0195,11.2027,11.8132,12.4847,11.8742,12.0574,54.4872,56.1355,55.2198,55.5861,25.3053,24.6948,25.5495,25.0611,43.9866,57.6618,43.1929,43.1319,32.8144,33.3028,33.486,32.5092,27.8083,27.8083,27.6252,27.9304,42.5214,43.0708,42.1551,42.2161,34.0965,33.9744,33.547,34.2186,25.0611,25.3053,25.4274,25.3663,42.1551,42.5824,41.7277,42.7045,32.6923,33.3639,33.3028,32.8755,25.3663,25.7326,25.1832,29.7009,42.7045,43.6203,42.7656,43.1319,15.6593,15.232,30.9829,15.4762,15.293,15.1099,38.9194,14.9878,16.0867,15.232,16.453,15.4151,35.3175,35.5006,36.0501,35.6838,97.2222,98.0769,97.2222,98.138,59.9817,59.188,60.1038,59.7375,59,59,59,59,59.6764,59.6764,59.6764,59.3712,5.7081800000000005,0.396825,4.30403,57.90600000000001,42.8877,45.9402,38.8584,48.9927,28.4188,48.4432,2.77778,0.396825,1100.73,169.51,1418.09,0.0,1.0,1.0,1.0,1.0,0.0,0.07783949999999999,42.6297,42.6297,42.0589,42.6816,0.129731,15.3624,96.7543,93.6758,91.9658,95.059,0.0,8.104389999999999,61.0343,0.0,0.0,-53.6404,98.5763,95.1803,47.6354,329.603,50.0411,297.154,287.825,51.0369,426.693,427.684,424.516,529.995,507.593,601.935,431.211,423.507,533.931,498.502,602.222,410.959,408.289,515.773,515.057,614.073,410.021,408.939,515.9630000000002,514.461,616.015,432.741,432.573,535.8580000000002,535.357,612.491,433.676,432.8130000000001,536.144,535.572,613.138,601.217,601.7909999999998,22.2589,405.244,1146.82
2020-11-22 07:34:50,96.8559,97.8938,97.6496,98.5653,74.6948,76.5263,75.0611,75.4884,34.4628,33.4249,33.9133,33.0586,15.1099,14.8657,15.7814,15.5983,15.7814,14.6215,14.9878,14.8657,50.9402,20.2686,23.5897,32.674,93.8217,128.01,91.9658,73.3089,59,59,59,59,58.9438,59.4933,59.2491,59.6764,59,59,59,59,11.4469,11.2027,11.2637,11.8742,10.6532,10.8974,11.0195,11.2027,11.8132,12.4847,12.4237,12.0574,54.4872,56.1355,55.2198,55.5861,25.3053,24.6948,25.5495,25.0611,43.9866,57.6618,43.1929,43.1319,32.8144,33.3028,33.486,31.9597,27.8083,27.8083,27.6252,27.9304,42.5214,43.0708,42.1551,42.2161,34.0965,33.9744,32.9976,34.2186,25.0611,25.3053,25.4274,25.3663,42.1551,42.5824,41.7277,42.7045,32.6923,33.3639,33.3028,32.8755,25.3663,24.6337,25.1832,29.7009,42.7045,43.6203,42.7656,43.1319,15.6593,15.232,30.9829,15.4762,15.293,15.1099,38.9194,14.9878,16.0867,15.232,16.453,15.4151,35.3175,35.5006,36.0501,35.6838,97.2222,98.0769,97.2222,98.138,59.9817,59.188,60.1038,59.7375,59,59,59,59,59.6764,59.6764,59.6764,59.3712,5.7081800000000005,0.396825,4.30403,57.90600000000001,42.8877,45.9402,38.8584,48.9927,28.4188,48.4432,2.77778,0.396825,1103.12,169.51,1422.21,0.0,1.0,1.0,1.0,1.0,0.0,0.07783949999999999,42.6297,42.6297,42.0589,42.6816,0.129731,15.3624,95.6596,90.8742,91.9658,95.9372,0.0,8.104389999999999,60.8572,0.0,0.0,-40.7674,98.5763,95.1803,47.6354,331.301,49.2612,298.232,287.825,51.0369,426.693,427.684,424.516,529.995,507.593,601.935,431.211,423.507,534.0740000000002,498.502,602.222,410.959,408.289,515.773,515.057,614.073,410.021,408.939,515.9630000000002,514.461,616.015,432.741,432.573,535.8580000000002,535.357,612.491,433.676,432.8130000000001,536.144,535.572,613.138,601.217,601.7909999999998,22.2589,404.715,1148.6
2020-11-22 07:34:55,96.8559,97.8938,97.6496,98.5653,74.6948,76.5263,75.0611,75.4884,34.4628,33.4249,33.9133,33.0586,15.1099,14.8657,15.7814,15.5983,15.7814,14.6215,14.9878,14.8657,51.917,19.3895,24.5665,33.7485,93.8217,128.01,91.9658,74.188,59,59,59,59,58.9438,59.4933,59.2491,59.6764,59,59,59,59,11.4469,11.2027,11.2637,11.8742,10.0427,10.8974,11.0195,11.2027,11.8132,12.4847,12.4237,12.0574,54.4872,56.1355,56.1966,55.5861,25.3053,24.6948,25.5495,25.0611,43.9866,57.6618,43.1929,43.1319,32.8144,33.3028,33.486,31.9597,27.8083,27.8083,27.6252,27.9304,42.5214,43.0708,42.1551,42.2161,34.0965,33.9744,32.9976,34.2186,25.0611,25.3053,25.4274,25.3663,42.1551,42.5824,41.7277,42.7045,32.6923,33.3639,33.3028,32.8755,25.3663,25.7326,25.1832,29.7009,42.7045,43.6203,42.7656,43.1319,15.6593,15.232,30.9829,15.4762,15.293,15.1099,38.9194,14.9878,16.0867,15.232,16.453,15.4151,35.3175,35.5006,36.0501,35.6838,97.2222,98.0769,97.2222,98.138,59.9817,59.188,60.1038,59.7375,59,59,59,59,59.6764,59.6764,59.6764,59.3712,5.7081800000000005,0.396825,4.30403,57.90600000000001,42.8877,45.9402,38.8584,48.9927,28.4188,48.4432,2.77778,0.396825,1100.76,169.51,1423.25,0.0,1.0,1.0,1.0,1.0,0.0,0.07783949999999999,42.6297,42.6297,42.0589,42.6816,0.129731,15.3624,99.0685,94.1145,92.6869,95.232,0.0,8.104389999999999,59.8297,0.0,0.0,-33.9226,98.5763,95.1803,47.1345,331.301,48.7413,295.583,287.825,51.0369,426.693,427.684,424.516,529.995,507.593,601.935,431.211,423.507,534.0740000000002,499.504,602.222,410.959,408.289,515.773,515.057,614.073,410.021,408.939,515.9630000000002,514.461,616.015,432.741,432.573,535.8580000000002,535.357,612.491,433.676,432.8130000000001,536.144,535.572,613.138,601.217,601.7909999999998,22.2589,404.715,1151.08
2020-11-22 07:35:00,96.8559,97.8938,97.6496,98.5653,74.6948,74.7558,74.5116,75.4884,34.4628,33.4249,33.9133,33.0586,15.1099,14.8657,15.7814,15.5983,15.7814,14.6215,14.9878,14.8657,50.8425,19.3895,25.4457,34.6276,92.0635,129.768,93.0403,75.2625,59,59,59,59,58.9438,59.4933,59.2491,59.6764,59,59,59,59,11.4469,11.2027,11.2637,11.8742,10.7143,10.8974,11.0195,11.2027,11.8132,12.4847,12.4237,12.0574,54.4872,56.1355,56.1966,55.5861,25.3053,24.6948,25.5495,25.0611,43.9866,57.6618,43.1929,43.1319,32.8144,33.3028,33.486,31.9597,27.8083,27.8083,27.6252,27.9304,43.0708,43.0708,42.1551,42.2161,34.0965,33.9744,32.9976,34.2186,25.0611,25.3053,25.4274,25.3663,42.1551,42.5824,41.7277,42.7045,32.6923,33.3639,33.3028,32.8755,25.3663,25.7326,25.1832,29.7009,42.7045,43.6203,42.7656,43.1319,15.6593,15.232,30.9829,15.4762,15.293,15.1099,38.9194,14.9878,16.0867,15.232,16.453,15.4151,35.3175,35.5006,36.0501,35.6838,97.2222,98.0769,97.2222,98.138,59.9817,59.188,60.1038,59.7375,59,59,59,59,59.6764,59.6764,59.6764,59.3712,5.7081800000000005,0.396825,4.30403,57.90600000000001,42.8877,45.9402,38.8584,48.9927,30.4335,48.4432,2.77778,0.396825,1101.86,169.51,1423.59,0.0,1.0,1.0,1.0,1.0,0.0,0.07783949999999999,42.6297,42.6297,42.0589,42.6816,0.129731,14.6568,97.4716,91.2088,91.8333,95.232,0.0,8.104389999999999,60.5199,0.0,0.0,-45.6982,98.5763,95.1803,47.6614,331.301,50.7112,294.513,287.825,51.0369,426.693,427.684,424.516,529.995,508.595,601.935,431.211,423.507,534.0740000000002,499.504,602.222,410.959,408.289,515.773,515.057,614.073,410.021,408.939,515.9630000000002,514.461,616.015,432.741,432.573,535.8580000000002,535.357,612.491,433.676,432.8130000000001,536.144,535.572,613.138,601.217,601.7909999999998,22.2589,405.244,1152.36
2020-11-22 07:35:05,96.8559,97.8938,97.6496,98.5653,74.6948,74.7558,74.5116,74.939,34.4628,33.4249,33.9133,33.0586,15.1099,14.8657,15.7814,15.5983,15.7814,14.6215,14.9878,14.8657,50.8425,19.3895,25.4457,33.6508,91.0867,129.768,90.0122,74.3834,59,59,59,59,58.9438,59.4933,59.2491,59.6764,59,59,59,59,11.4469,11.2027,11.2637,11.8742,10.7143,10.8974,11.0195,11.2027,11.8132,12.4847,12.4237,12.0574,54.4872,56.1355,56.1966,55.5861,25.3053,24.6948,25.5495,25.0611,43.9866,57.6618,43.1929,43.1319,32.8144,33.3028,33.486,31.4103,27.8083,27.8083,27.6252,27.9304,43.0708,43.0708,42.1551,42.2161,34.0965,33.9744,32.4481,34.2186,25.0611,25.3053,25.4274,25.3663,42.1551,42.5824,41.7277,42.7045,32.6923,33.3639,33.3028,32.8755,25.3663,25.7326,25.1832,29.7009,42.7045,43.6203,42.7656,43.1319,15.6593,15.232,30.9829,15.4762,15.293,15.1099,38.9194,14.9878,16.0867,15.232,16.453,15.4151,35.3175,35.5006,36.0501,35.6838,97.2222,98.0769,97.2222,98.138,59.9817,59.188,60.1038,59.7375,59,59,59,59,59.6764,59.6764,59.6764,59.3712,5.7081800000000005,0.396825,4.30403,57.90600000000001,42.8877,45.9402,38.8584,48.9927,30.4335,48.4432,2.77778,0.396825,1099.5,168.988,1423.42,0.0,1.0,1.0,1.0,1.0,0.0,0.07783949999999999,42.6297,42.6297,42.0589,42.2146,0.129731,14.6568,99.9081,91.888,92.5393,96.2846,0.0,8.104389999999999,60.855,0.0,0.0,-56.5635,98.5763,95.1803,47.6614,333.824,51.2689,293.481,287.825,51.0369,426.693,427.684,424.516,529.995,508.595,601.935,431.211,423.507,533.931,499.504,602.222,410.959,408.289,515.773,515.057,614.073,410.021,408.939,515.9630000000002,514.461,616.015,432.741,432.573,535.8580000000002,535.357,612.491,433.676,432.8130000000001,536.144,535.572,613.138,601.217,601.7909999999998,22.2589,405.244,1153.59
2020-11-22 07:35:10,96.8559,97.8938,97.6496,98.5653,74.6948,74.7558,74.5116,74.939,34.4628,33.4249,33.9133,33.0586,15.1099,14.8657,15.7814,15.5983,15.7814,14.6215,14.9878,14.8657,50.8425,19.3895,25.4457,33.6508,91.0867,129.768,90.0122,73.5043,59,59,59,59,58.9438,59.4933,59.2491,59.6764,59,59,59,59,11.4469,11.2027,11.2637,11.8742,10.7143,10.8974,11.0195,11.2027,11.8132,12.4847,12.4237,12.0574,55.0366,56.1355,56.1966,55.5861,25.3053,24.6948,25.5495,25.0611,43.9866,57.6618,43.1929,43.1319,32.8144,33.3028,33.486,31.4103,27.8083,27.8083,27.6252,27.9304,42.5214,43.0708,42.1551,42.2161,34.0965,33.9744,32.4481,34.2186,25.0611,25.3053,25.4274,25.3663,42.1551,42.5824,41.7277,42.7045,32.6923,33.3639,33.3028,32.8755,25.3663,24.8779,25.1832,29.7009,42.7045,43.6203,42.7656,43.1319,15.6593,15.232,30.9829,15.4762,15.293,15.1099,38.9194,14.9878,16.0867,15.232,16.453,15.4151,35.3175,35.5006,36.0501,35.6838,97.2222,98.0769,97.2222,98.138,59.9817,59.188,60.1038,59.7375,59,59,59,59,59.6764,59.6764,59.6764,59.3712,5.7081800000000005,0.396825,4.30403,56.4408,42.8877,45.9402,38.8584,48.9927,30.4335,47.1001,2.77778,0.396825,1098.33,168.988,1422.76,0.0,1.0,1.0,1.0,1.0,0.0,0.07783949999999999,42.6297,42.6297,42.0589,42.2146,0.129731,14.6568,96.4396,91.4079,91.8636,95.6422,0.0,8.104389999999999,61.2852,0.0,0.0,-55.0983,98.5763,95.1803,47.6614,336.171,48.8543,293.481,287.825,51.0369,426.693,427.684,424.516,529.995,508.595,601.935,431.211,423.507,533.788,499.504,602.222,410.959,408.289,515.773,515.057,614.073,410.021,408.939,515.9630000000002,514.461,616.015,432.741,432.573,535.8580000000002,535.357,612.491,433.676,432.8130000000001,536.144,535.572,613.138,601.217,601.7909999999998,22.2589,405.772,1154.74
2020-11-22 07:35:15,96.8559,97.8938,97.6496,98.5653,74.1453,74.7558,74.5116,74.939,34.4628,33.4249,33.9133,33.0586,15.1099,14.8657,15.7814,15.5983,15.7814,14.6215,14.9878,14.8657,50.8425,19.3895,25.4457,33.6508,91.0867,129.768,90.8913,73.5043,59,59,59,59,58.9438,59.4933,59.2491,59.6764,59,59,59,59,11.4469,11.2027,11.2637,11.8742,10.7143,10.8974,11.0195,11.2027,11.8132,12.4847,12.4237,12.0574,55.0366,56.1355,56.1966,55.5861,25.3053,24.6948,25.5495,25.0611,43.9866,57.6618,43.1929,43.1319,32.8144,33.3028,33.486,31.4103,27.8083,27.8083,27.6252,27.9304,42.5214,43.0708,42.1551,42.2161,34.0965,33.9744,32.4481,34.2186,25.0611,24.7558,25.4274,25.3663,42.1551,42.5824,41.7277,42.7045,32.6923,33.3639,33.3028,32.8755,25.3663,26.0989,25.1832,29.7009,42.7045,43.6203,42.7656,43.1319,15.6593,15.232,30.9829,15.4762,15.293,15.1099,38.9194,14.9878,16.0867,15.232,16.453,15.4151,35.3175,35.5006,36.0501,35.6838,97.2222,98.0769,97.2222,98.138,59.9817,59.188,60.1038,59.7375,59,59,59,59,59.6764,59.6764,59.6764,59.3712,5.7081800000000005,0.396825,4.30403,56.4408,42.8877,45.9402,38.8584,48.9927,30.4335,47.1001,2.77778,0.396825,1096.11,168.47099999999998,1425.84,0.0,1.0,1.0,1.0,1.0,0.0,0.07783949999999999,42.1627,42.6297,41.5919,42.2146,0.129731,14.6568,97.5607,90.4452,90.9856,96.0618,0.0,8.104389999999999,60.8838,0.0,0.0,-70.4187,98.5763,95.1803,47.1418,334.936,49.3868,292.707,287.825,51.0369,426.693,427.684,424.516,529.995,508.595,601.935,431.211,423.507,533.645,499.504,602.222,410.959,408.289,515.773,515.057,613.067,410.021,408.939,515.9630000000002,514.461,616.015,432.741,432.573,535.8580000000002,535.357,612.491,433.676,432.8130000000001,536.144,535.572,613.138,601.217,601.7909999999998,22.2589,405.244,1155.37
2020-11-22 07:35:20,96.8559,97.8938,97.6496,98.5653,74.1453,74.7558,74.5116,74.939,34.4628,33.4249,33.9133,33.0586,15.1099,14.8657,15.7814,15.0488,15.7814,14.6215,14.9878,14.8657,49.768,19.3895,25.4457,31.6972,90.0122,128.107,90.8913,73.5043,59,59,59,59,58.9438,59.4933,59.2491,59.6764,59,59,59,59,11.4469,11.2027,11.2637,11.8742,10.7143,10.8974,11.0195,11.2027,11.8132,12.4847,12.4237,12.0574,55.0366,56.1355,56.1966,55.5861,25.3053,24.6948,25.5495,25.0611,43.9866,57.6618,43.1929,43.1319,32.8144,33.3028,33.486,30.7998,27.8083,27.8083,27.6252,27.9304,42.5214,43.0708,42.1551,42.2161,34.0965,33.9744,31.8987,34.2186,25.0611,24.7558,25.4274,25.3663,42.1551,42.5824,41.7277,42.7045,32.6923,33.3639,33.3028,32.326,25.3663,26.0989,25.1832,29.7009,42.7045,43.6203,42.7656,43.1319,15.6593,15.232,30.9829,15.4762,15.293,15.1099,38.9194,14.9878,16.0867,15.232,16.453,15.4151,35.3175,35.5006,36.0501,35.6838,97.2222,98.0769,97.2222,98.138,59.9817,59.188,60.1038,59.7375,59,59,59,59,59.6764,59.6764,59.6764,59.3712,5.7081800000000005,0.396825,4.30403,56.4408,42.8877,45.9402,38.8584,48.9927,32.326,47.1001,2.77778,0.396825,1094.92,168.47099999999998,1420.56,0.0,1.0,1.0,1.0,1.0,0.0,0.07783949999999999,42.1627,42.1627,41.5919,42.2146,0.129731,14.6568,97.1339,89.4522,91.7535,96.0618,0.0,8.104389999999999,60.2824,0.0,0.0,-69.0285,98.5763,95.1803,47.7649,331.939,50.2574,292.707,287.825,51.0369,426.693,427.684,424.516,529.995,508.595,601.935,431.211,423.507,533.502,499.504,602.222,410.959,408.289,515.773,515.057,613.067,410.021,408.939,515.9630000000002,514.461,616.015,432.741,432.573,535.8580000000002,535.357,612.491,433.676,432.8130000000001,536.144,535.572,612.132,601.217,601.7909999999998,22.2589,405.772,1155.37
2020-11-22 07:35:25,96.8559,97.8938,97.6496,98.5653,74.1453,74.7558,74.5116,74.939,34.4628,33.4249,33.9133,33.0586,15.1099,14.8657,15.7814,15.5983,15.7814,14.6215,14.9878,14.8657,49.768,19.3895,25.4457,31.6972,91.1844,128.107,90.989,72.5275,59,59,59,59,58.9438,59.4933,59.2491,59.6764,59,59,59,59,11.4469,11.2027,11.2637,11.8742,11.3248,10.8974,11.0195,11.2027,11.8132,12.4847,12.4237,12.0574,55.0366,56.1355,56.1966,55.5861,25.3053,24.6948,25.5495,25.0611,43.9866,57.6618,43.1929,43.1319,32.8144,33.3028,33.486,30.7998,27.8083,27.8083,27.6252,27.9304,42.5214,43.0708,42.1551,42.2161,34.0965,33.9744,31.8987,34.2186,25.0611,24.7558,25.4274,25.3663,42.1551,42.5824,41.7277,42.7045,32.6923,33.3639,33.3028,32.326,25.3663,25.3663,25.1832,29.7009,42.7045,43.6203,42.7656,43.1319,15.6593,15.232,30.9829,15.4762,15.293,15.1099,38.9194,14.9878,16.0867,15.232,16.453,15.4151,35.3175,35.5006,36.0501,35.6838,97.2222,98.0769,97.2222,98.138,59.9817,59.188,60.1038,59.7375,59,59,59,59,59.6764,59.6764,59.6764,59.3712,5.7081800000000005,0.396825,6.19658,56.4408,42.8877,45.9402,38.8584,48.9927,32.326,47.1001,2.77778,0.396825,1093.75,167.94299999999996,1424.68,0.0,1.0,1.0,1.0,1.0,0.0,0.07783949999999999,42.1627,42.1627,41.5919,42.2146,0.129731,14.6568,95.9023,92.508,91.7535,96.0618,0.0,8.104389999999999,60.1634,0.0,0.0,-56.3414,98.5763,95.1803,48.8412,330.155,50.7112,292.128,287.825,51.0369,426.693,427.684,424.516,529.995,508.595,601.935,431.211,423.507,533.216,499.504,602.222,410.959,408.289,515.773,515.057,613.067,410.021,408.939,515.9630000000002,514.461,616.015,432.741,432.573,535.8580000000002,535.357,612.491,433.676,432.8130000000001,536.144,535.572,612.132,601.217,601.7909999999998,22.2589,405.772,1155.37
2020-11-22 07:35:30,96.8559,97.8938,97.6496,98.5653,74.1453,74.7558,74.5116,74.939,34.4628,33.4249,33.9133,33.0586,15.1099,14.8657,15.7814,15.5983,15.7814,14.6215,14.9878,14.8657,49.768,19.3895,25.4457,32.5763,90.0122,129.084,90.989,72.5275,59,59,59,59,58.9438,59.4933,59.2491,59.6764,59,59,59,59,11.4469,11.2027,11.2637,11.8742,11.3248,10.8974,11.0195,11.2027,11.8132,12.4847,11.8742,12.0574,55.0366,56.1355,56.1966,55.5861,25.3053,24.6948,25.5495,25.0611,43.9866,57.6618,43.1929,43.1319,32.8144,33.3028,33.486,30.2503,27.8083,27.8083,27.6252,27.9304,42.5214,43.0708,42.1551,42.2161,34.0965,33.9744,31.8987,34.2186,25.0611,24.7558,25.4274,25.3663,42.1551,42.5824,41.7277,42.7045,32.6923,33.3639,33.3028,32.326,25.3663,25.9158,25.1832,29.7009,42.7045,43.6203,42.7656,43.1319,15.6593,15.232,30.9829,15.4762,15.293,15.1099,38.9194,14.9878,16.0867,15.232,16.453,15.4151,35.3175,35.5006,36.0501,35.6838,97.2222,98.0769,97.2222,98.138,59.9817,59.188,60.1038,59.7375,59,59,59,59,59.6764,59.6764,59.6764,59.3712,5.7081800000000005,0.396825,6.19658,56.4408,42.8877,45.9402,38.8584,48.9927,32.326,47.1001,2.77778,0.396825,1091.36,167.94299999999996,1423.22,0.0,1.0,1.0,1.0,1.0,0.0,0.07783949999999999,42.1627,42.1627,41.5919,42.2146,0.129731,14.6568,97.3093,89.8075,92.438,96.6788,0.0,8.104389999999999,59.4421,0.0,0.0,-57.8097,98.5763,95.1803,49.9905,330.155,50.0407,291.599,287.825,51.0369,426.693,427.684,424.516,529.995,508.595,601.935,431.211,423.507,533.072,499.504,601.217,410.959,408.289,515.773,515.057,613.067,410.021,408.939,515.9630000000002,514.461,616.015,432.741,432.573,535.8580000000002,535.357,612.491,433.676,432.8130000000001,536.144,535.572,612.132,601.217,600.786,22.2589,405.772,1155.37
2020-11-22 07:35:35,96.8559,97.8938,97.6496,98.5653,74.1453,74.7558,74.5116,74.939,34.4628,33.4249,33.9133,33.0586,15.1099,14.8657,15.7814,15.5983,15.7814,14.6215,14.9878,14.8657,49.768,19.3895,25.4457,32.5763,90.0122,130.159,90.989,73.4066,59,59,59,59,58.9438,59.4933,59.2491,59.6764,59,59,59,59,11.4469,11.2027,11.2637,11.8742,11.3248,10.8974,11.0195,11.2027,11.8132,12.4847,11.8742,11.4469,55.0366,56.1355,56.1966,55.5861,25.3053,24.6948,25.5495,25.0611,43.9866,57.6618,43.1929,43.1319,32.8144,33.3028,33.486,30.2503,27.8083,27.2589,27.6252,27.9304,42.5214,43.0708,42.1551,42.2161,34.0965,33.9744,33.3639,34.2186,25.0611,24.7558,25.4274,25.3663,42.1551,42.5824,41.7277,42.7045,32.6923,33.3639,33.3028,32.326,25.3663,25.9158,25.1832,29.7009,42.7045,43.6203,42.7656,43.1319,15.6593,15.232,30.9829,15.4762,15.293,15.1099,38.9194,14.9878,16.0867,15.232,16.453,15.4151,35.3175,35.5006,36.0501,35.6838,97.2222,98.0769,97.2222,98.138,59.9817,59.188,60.1038,59.7375,59,59,59,59,59.6764,59.6764,59.6764,59.3712,5.7081800000000005,0.396825,6.19658,56.4408,42.8877,45.9402,38.8584,48.9927,32.326,47.1001,2.77778,0.396825,1090.16,167.94299999999996,1421.33,0.0,1.0,1.0,1.0,1.0,0.0,0.07783949999999999,42.1627,42.1627,41.5919,42.2146,0.129731,14.054,96.3921,92.8202,92.438,95.9683,0.0,8.104389999999999,58.5669,0.0,0.0,-31.8344,98.5763,95.1803,49.9905,329.5680000000001,49.1589,291.599,287.825,51.0369,426.693,427.684,424.516,529.995,508.595,601.935,431.211,423.507,532.786,499.504,601.217,410.959,408.289,515.773,515.057,613.067,410.021,408.939,515.9630000000002,514.461,616.015,432.741,432.573,535.8580000000002,535.357,612.491,433.676,432.8130000000001,536.144,535.572,612.132,601.217,600.786,22.2589,405.244,1154.2
2020-11-22 07:35:40,96.8559,97.8938,97.6496,98.5653,74.1453,74.7558,74.5116,74.939,34.4628,33.4249,33.9133,33.0586,15.1099,14.8657,15.7814,15.5983,15.7814,14.6215,14.9878,14.8657,49.768,19.3895,25.4457,33.4554,89.1331,131.03799999999998,91.8681,73.4066,59,59,59,59,58.9438,59.4933,59.2491,59.6764,59,59,59,59,11.4469,11.2027,11.2637,11.8742,11.3248,10.8974,11.0195,11.2027,11.8132,12.4847,12.4237,12.1795,55.0366,56.1355,55.6471,55.5861,25.3053,24.6948,25.5495,25.0611,43.9866,57.6618,43.1929,43.1319,32.8144,33.3028,33.486,30.2503,27.8083,27.8083,27.6252,27.9304,42.5214,43.0708,42.1551,42.2161,34.0965,33.9744,33.3639,34.2186,25.0611,24.7558,25.4274,25.3663,42.1551,42.5824,41.7277,42.7045,32.6923,33.3639,33.3028,32.326,25.3663,24.6948,25.1832,29.7009,42.7045,43.6203,42.7656,43.1319,15.6593,15.232,30.9829,15.4762,15.293,15.1099,38.9194,14.9878,16.0867,15.232,16.453,15.4151,35.3175,35.5006,36.0501,35.6838,97.2222,98.0769,97.2222,98.138,59.9817,59.188,60.1038,59.7375,59,59,59,59,59.6764,59.6764,59.6764,59.3712,5.7081800000000005,0.396825,6.19658,56.4408,42.8877,45.9402,38.8584,48.9927,32.326,47.1001,2.77778,0.396825,1090.08,167.94299999999996,1422.57,0.0,1.0,1.0,1.0,1.0,0.0,0.07783949999999999,42.1627,42.1627,41.5919,42.2146,0.129731,14.054,95.7263,92.0636,90.9198,95.9683,0.0,8.104389999999999,59.7433,0.0,0.0,-23.7786,98.5763,95.1803,49.9905,327.654,48.5573,294.844,287.825,51.0369,426.693,427.684,424.516,529.995,508.595,601.935,431.211,423.507,532.643,499.504,601.217,410.959,408.289,515.773,515.057,613.067,410.021,408.939,515.9630000000002,514.461,616.015,432.741,432.573,535.8580000000002,535.357,612.491,433.676,432.8130000000001,536.144,535.572,612.132,601.217,600.786,22.2589,405.772,1153.67
2020-11-22 07:35:45,96.8559,97.8938,97.6496,98.5653,74.1453,74.7558,74.5116,74.939,34.4628,33.4249,33.9133,33.0586,15.1099,14.8657,15.7814,15.5983,15.7814,14.6215,14.9878,14.8657,49.768,20.2686,25.4457,33.4554,90.8913,131.03799999999998,91.8681,73.4066,59,59,59,59,58.9438,59.4933,59.2491,59.6764,59,59,59,59,11.4469,11.2027,11.2637,11.8742,11.3248,10.8974,11.0195,11.2027,11.8132,12.4847,12.4237,12.1795,55.0366,56.1355,55.0366,55.5861,25.3053,24.6948,25.5495,25.0611,43.9866,57.6618,43.1929,42.5824,32.8144,33.3028,33.486,35.3175,27.8083,27.8083,27.6252,27.9304,42.5214,43.0708,42.1551,42.2161,34.0965,33.9744,33.3639,34.2186,25.0611,24.7558,25.4274,25.3663,42.1551,42.5824,41.7277,42.7045,32.6923,33.3639,33.3028,32.326,25.3663,25.5495,25.1832,29.7009,42.7045,43.6203,42.7656,43.1319,15.6593,15.232,30.9829,15.4762,15.293,15.1099,38.9194,14.9878,16.0867,15.232,16.453,15.4151,35.3175,35.5006,36.0501,35.6838,97.2222,98.0769,97.2222,98.138,59.9817,59.188,60.1038,59.7375,59,59,59,59,59.6764,59.6764,59.6764,59.3712,5.7081800000000005,0.396825,6.19658,56.4408,42.8877,45.9402,38.8584,48.9927,32.9976,47.1001,2.77778,0.396825,1093.67,167.428,1419.85,0.0,1.0,1.0,1.0,1.0,0.0,0.07783949999999999,42.1627,42.1627,41.5919,42.2146,0.129731,14.054,95.2187,90.6169,90.3899,95.9683,0.0,8.104389999999999,58.0928,0.0,0.0,-21.9298,98.5763,95.1803,49.9905,325.377,48.5573,300.495,287.825,51.0369,426.693,427.684,424.516,529.995,508.595,601.935,431.211,423.507,532.357,499.504,601.217,410.959,408.289,515.773,515.057,613.067,410.021,408.939,515.9630000000002,514.461,616.015,432.741,432.573,535.8580000000002,535.357,612.491,433.676,432.8130000000001,536.144,535.572,612.132,601.217,600.786,22.2589,405.772,1153.16
2020-11-22 07:35:50,96.8559,97.8938,97.6496,98.5653,74.1453,74.7558,74.5116,74.939,34.4628,33.4249,33.9133,33.0586,15.1099,14.8657,15.7814,15.5983,15.7814,14.6215,14.9878,14.8657,48.5958,20.2686,25.4457,34.3346,90.8913,130.159,91.8681,72.3321,59,59,59,59,58.9438,59.4933,59.2491,59.6764,59,59,59,59,11.4469,11.2027,11.2637,11.8742,11.3248,10.8974,11.0195,11.2027,11.8132,12.4847,12.4237,12.1795,55.0366,56.1355,55.0366,55.5861,25.3053,24.6948,25.5495,25.0611,43.9866,57.6618,43.1929,42.5824,32.8144,33.3028,33.486,35.3175,27.8083,27.8083,27.6252,27.9304,42.5214,43.0708,42.1551,42.2161,33.3028,33.9744,33.3639,34.2186,25.0611,24.7558,25.4274,25.3663,42.1551,42.5824,41.7277,42.7045,32.6923,33.3639,33.3028,32.326,25.3663,25.5495,25.1832,29.7009,42.7045,43.6203,42.7656,42.5824,15.6593,15.232,30.9829,15.4762,15.293,15.1099,38.9194,14.9878,16.0867,15.232,16.453,15.4151,35.3175,35.5006,36.0501,35.6838,97.2222,98.0769,97.2222,98.138,59.9817,59.188,60.1038,59.7375,59,59,59,59,59.6764,59.6764,59.6764,59.3712,5.7081800000000005,0.396825,6.19658,56.4408,42.8877,45.9402,38.8584,48.9927,34.0965,47.1001,2.77778,0.396825,1091.36,167.428,1424.48,0.0,1.0,1.0,1.0,1.0,0.0,0.07783949999999999,42.1627,42.1627,41.5919,42.2146,0.129731,14.054,99.5799,92.5551,91.0329,95.3623,0.0,8.104389999999999,54.9396,0.0,0.0,-33.742,98.5763,95.1803,51.25100000000001,322.053,48.5573,306.155,287.825,51.0369,426.693,427.684,424.516,529.995,508.595,601.935,431.211,423.507,532.214,499.504,601.217,410.959,408.289,515.773,515.057,613.067,410.021,408.939,515.9630000000002,514.461,615.008,432.741,432.573,535.8580000000002,535.357,612.491,433.676,432.8130000000001,536.144,535.572,612.132,601.217,600.786,22.2589,405.244,1152.63
2020-11-22 07:35:55,96.8559,97.8938,97.6496,98.5653,74.1453,74.7558,74.5116,74.939,34.4628,33.4249,33.9133,33.0586,15.1099,14.8657,15.7814,15.5983,15.7814,14.6215,14.9878,14.8657,48.5958,20.2686,25.4457,34.3346,91.7704,128.791,91.8681,72.3321,59,59,59,59,58.9438,59.4933,59.2491,59.6764,59,59,59,59,11.4469,11.2027,11.2637,11.8742,11.3248,10.8974,11.0195,11.2027,11.8132,12.4847,12.4237,12.1795,55.0366,56.1355,55.7692,55.5861,25.3053,24.6948,25.5495,25.0611,43.9866,57.6618,43.1929,42.5824,32.8144,33.3028,32.4481,35.3175,27.8083,27.8083,27.6252,27.9304,42.5214,43.0708,42.1551,42.2161,33.3028,33.9744,33.3639,34.2186,25.0611,24.7558,25.4274,25.3663,42.1551,42.5824,41.7277,42.7045,32.6923,33.3639,33.3028,32.326,25.3663,25.5495,25.1832,29.7009,42.7045,43.6203,42.7656,42.5824,15.6593,15.232,30.9829,15.4762,15.293,15.1099,38.9194,14.9878,16.0867,15.232,16.453,15.4151,35.3175,35.5006,36.0501,35.6838,97.2222,98.0769,97.2222,98.138,59.9817,59.188,60.1038,59.7375,59,59,59,59,59.6764,59.6764,59.6764,59.3712,5.7081800000000005,0.396825,6.19658,56.4408,42.8877,45.9402,38.8584,48.9927,34.0965,47.1001,2.77778,0.396825,1091.36,167.428,1424.42,0.0,1.0,1.0,1.0,1.0,0.0,0.07783949999999999,42.1627,42.1627,41.5919,41.7476,0.129731,14.054,96.8217,89.9273,90.6211,97.4078,0.0,8.104389999999999,54.7939,0.0,0.0,-21.4136,98.5763,95.1803,51.25100000000001,319.277,49.4346,309.931,287.825,51.0369,427.701,427.684,424.516,529.995,508.595,601.935,431.211,424.516,531.927,499.504,601.217,410.959,408.289,515.773,515.057,613.067,410.021,408.939,515.9630000000002,514.461,615.008,432.741,432.573,535.8580000000002,535.357,612.491,433.676,432.8130000000001,536.144,535.572,612.132,601.217,600.786,22.2589,405.244,1151.39
2020-11-22 07:36:00,96.8559,97.8938,97.6496,98.5653,74.1453,74.7558,74.5116,74.939,34.4628,33.4249,33.9133,33.0586,15.1099,14.8657,15.7814,15.5983,15.7814,14.6215,14.9878,14.8657,48.5958,20.2686,25.4457,33.3578,93.0403,128.791,92.9426,73.2112,59,59,59,59,58.9438,59.4933,59.2491,59.6764,59,59,59,59,11.4469,11.2027,11.2637,11.8742,11.3248,10.8974,11.0195,11.2027,11.8132,12.4847,12.4237,12.1795,55.0366,56.1355,55.7692,55.5861,25.3053,24.6948,25.5495,25.0611,43.9866,57.6618,42.6435,42.5824,32.8144,33.3028,32.6923,34.6459,27.8083,27.8083,27.6252,27.9304,42.5214,43.0708,42.1551,42.2161,33.3028,33.9744,33.3639,34.2186,25.0611,24.7558,25.4274,25.3663,42.1551,42.5824,41.7277,42.7045,32.6923,33.3639,33.3028,32.326,25.3663,24.9389,25.1832,29.7009,42.7045,43.6203,42.7656,42.5824,15.6593,15.232,30.9829,15.4762,15.293,15.1099,38.9194,14.9878,16.0867,15.232,16.453,15.4151,35.3175,35.5006,36.0501,35.6838,97.2222,98.0769,97.2222,98.138,59.9817,59.188,60.1038,59.7375,59,59,59,59,59.6764,59.6764,59.6764,59.3712,5.7081800000000005,0.396825,6.19658,56.4408,42.8877,45.9402,38.8584,48.0159,34.0965,45.757,2.77778,0.396825,1091.36,167.428,1418.6,0.0,1.0,1.0,1.0,1.0,0.0,0.07783949999999999,42.1627,42.1627,41.5919,41.7476,0.129731,14.054,96.6107,88.9599,90.3658,96.7822,0.0,8.104389999999999,53.6069,0.0,0.0,-33.0548,98.5763,95.1803,50.7104,319.499,50.7671,312.039,287.825,51.0369,427.701,427.684,424.516,529.995,508.595,601.935,431.211,424.516,531.927,499.504,601.217,410.959,408.289,515.773,515.057,613.067,410.021,408.939,515.9630000000002,514.461,615.008,432.741,432.573,535.8580000000002,535.357,612.491,433.676,432.8130000000001,536.144,535.572,612.132,601.217,600.786,22.2589,404.715,1150.82
2020-11-22 07:36:05,96.8559,97.8938,97.6496,98.5653,74.1453,74.7558,74.5116,74.939,34.4628,33.4249,33.9133,33.0586,15.1099,14.8657,15.7814,15.5983,15.7814,14.6215,14.9878,14.8657,48.5958,20.2686,25.4457,32.1856,92.0635,128.791,94.0171,73.2112,59,59,59,59,58.9438,59.4933,59.2491,59.6764,59,59,59,59,11.4469,11.2027,11.2637,11.8742,11.3248,11.4469,11.0195,11.2027,11.8132,12.4847,12.4237,12.1795,55.0366,56.1355,55.7692,55.5861,25.3053,24.6948,25.5495,25.0611,43.9866,57.6618,42.6435,42.5824,32.8144,33.3028,32.6923,34.0965,27.8083,27.8083,27.6252,27.9304,42.5214,43.0708,42.1551,42.2161,33.3028,33.9744,33.3639,34.2186,25.0611,24.7558,25.4274,25.3663,42.1551,42.5824,41.7277,42.7045,32.6923,33.3639,33.3028,32.326,25.3663,25.5495,25.1832,29.7009,42.7045,43.6203,42.2161,42.5824,15.6593,15.232,30.9829,15.4762,15.293,15.1099,38.9194,14.9878,16.0867,15.232,16.453,15.4151,35.3175,35.5006,36.0501,35.6838,97.2222,98.0769,97.2222,98.138,59.9817,59.188,60.1038,59.7375,59,59,59,59,59.6764,59.6764,59.6764,59.3712,5.7081800000000005,0.396825,6.19658,56.4408,42.8877,45.9402,38.8584,48.0159,34.0965,45.757,2.77778,0.396825,1091.36,166.888,1421.16,0.0,1.0,1.0,1.0,1.0,0.0,0.07783949999999999,42.1627,42.1627,41.1248,41.7476,0.129731,14.054,97.8787,92.5769,91.6947,96.0063,0.0,8.104389999999999,54.74800000000001,0.0,0.0,-58.872,98.5763,95.1803,50.7104,321.833,51.6165,309.407,287.825,51.0369,427.701,427.684,424.516,528.993,508.595,601.935,431.211,424.516,531.784,499.504,601.217,410.959,408.289,515.773,515.057,613.067,410.021,408.939,515.9630000000002,514.461,615.008,432.741,432.573,535.8580000000002,535.357,612.491,433.676,432.8130000000001,536.144,535.572,612.132,601.217,600.786,22.2589,405.772,1149.56
2020-11-22 07:36:10,96.8559,97.8938,97.6496,98.5653,74.1453,74.7558,74.5116,74.3895,34.4628,33.4249,33.9133,33.0586,15.1099,14.8657,15.7814,14.9878,15.7814,14.6215,14.9878,14.8657,47.619,20.2686,26.5201,33.0647,92.0635,129.768,94.0171,73.2112,59,59,59,59,58.9438,59.4933,59.2491,59.6764,59,59,59,59,11.4469,11.2027,11.2637,11.8742,11.3248,11.2027,11.0195,11.2027,11.8132,12.4847,12.4237,12.1795,54.4872,56.1355,55.7692,55.5861,25.3053,24.6948,25.5495,25.0611,43.315,57.6618,42.094,42.5824,32.8144,33.3028,32.6923,33.3028,27.8083,27.8083,27.6252,27.9304,42.5214,42.2772,42.1551,42.2161,33.3028,33.9744,33.3639,34.2186,25.0611,24.7558,25.4274,25.3663,42.1551,42.5824,41.7277,42.7045,32.6923,33.3639,33.3028,32.326,25.3663,25.5495,25.1832,29.7009,42.7045,43.6203,42.2161,42.5824,15.6593,15.232,30.9829,15.4762,15.293,15.1099,38.9194,14.9878,16.0867,15.232,16.453,15.4151,35.3175,35.5006,36.0501,35.6838,97.2222,98.0769,97.2222,98.138,59.9817,59.188,60.1038,59.7375,59,59,59,59,59.6764,59.6764,59.6764,59.3712,5.7081800000000005,0.396825,8.15018,56.4408,42.8877,45.9402,40.812,48.0159,34.0965,45.757,2.77778,0.396825,1091.36,166.888,1415.48,0.0,1.0,1.0,1.0,1.0,0.0,0.07783949999999999,42.1627,42.1627,41.1248,41.7476,0.129731,14.054,96.4557,91.9091,90.8887,95.5427,0.0,8.104389999999999,51.7127,0.0,0.0,-101.161,98.5763,95.1803,49.2367,324.9890000000001,50.5006,307.456,287.825,51.0369,427.701,427.684,424.516,528.993,508.595,601.935,431.211,424.516,531.641,499.504,601.217,410.959,408.289,515.773,515.057,613.067,410.021,408.939,515.9630000000002,514.461,615.008,432.741,432.573,535.8580000000002,535.357,612.491,433.676,432.8130000000001,536.144,535.572,612.132,601.217,600.786,22.2589,405.244,1149.02
2020-11-22 07:36:15,96.8559,97.8938,97.6496,98.5653,74.1453,74.7558,74.5116,74.3895,34.4628,33.4249,33.9133,33.0586,15.1099,14.8657,15.7814,15.7814,15.7814,14.6215,14.9878,14.8657,48.5958,20.2686,26.5201,32.0879,91.1844,129.377,94.0171,73.2112,59,59,59,59,58.9438,59.4933,59.2491,59.6764,59,59,59,59,11.4469,11.2027,11.2637,11.8742,11.3248,11.2027,11.0195,11.2027,11.8132,12.4847,11.8742,12.1795,54.4872,56.1355,55.7692,55.5861,25.3053,24.6948,25.0,25.0611,43.315,57.6618,42.094,42.5824,32.8144,33.3028,32.6923,33.3028,27.8083,27.8083,27.6252,27.9304,42.5214,42.2772,42.1551,42.2161,33.3028,33.9744,33.3639,34.2186,25.0611,24.7558,25.4274,25.3663,42.1551,41.9109,41.7277,42.7045,32.6923,33.3639,33.3028,32.326,25.3663,25.5495,25.1832,29.7009,42.7045,43.6203,42.2161,42.5824,15.6593,15.232,30.9829,15.4762,15.293,15.1099,38.9194,14.9878,16.0867,15.232,16.453,15.4151,35.3175,35.5006,36.0501,35.6838,97.2222,98.0769,97.2222,98.138,59.9817,59.188,60.1038,59.7375,59,59,59,59,59.6764,59.6764,59.6764,59.3712,5.7081800000000005,0.396825,8.15018,56.4408,42.8877,45.9402,40.812,48.0159,35.0122,45.757,2.77778,0.396825,1090.16,166.888,1411.84,0.0,1.0,1.0,1.0,1.0,0.0,0.07783949999999999,42.1627,42.1627,41.1248,41.7476,0.129731,14.054,95.4186,90.1681,91.0574,95.5427,0.0,8.104389999999999,53.7668,0.0,0.0,-69.1895,98.5763,95.1803,48.5877,325.522,49.2635,306.875,287.825,51.0369,427.701,427.684,424.516,528.993,508.595,601.935,431.211,424.516,531.641,499.504,601.217,410.959,408.289,515.773,515.057,613.067,410.021,408.939,515.9630000000002,514.461,615.008,432.741,432.573,535.8580000000002,535.357,612.491,433.676,432.8130000000001,536.144,535.572,612.132,601.217,600.786,22.2589,405.244,1147.86
2020-11-22 07:36:20,96.8559,97.8938,97.6496,98.5653,74.1453,74.7558,73.9011,73.7179,34.4628,33.4249,33.9133,33.0586,15.1099,14.8657,15.7814,15.7814,15.7814,14.6215,14.9878,14.8657,49.6703,20.2686,26.5201,31.1111,91.1844,128.4,93.138,72.2344,59,59,59,59,58.9438,59.4933,59.2491,59.6764,59,59,59,59,11.4469,11.2027,11.2637,11.8742,11.3248,11.2027,11.0195,11.2027,11.8132,12.4847,11.8742,12.1795,54.4872,56.1355,55.7692,55.5861,25.3053,24.6948,25.0,25.0611,43.315,57.6618,41.5446,42.5824,32.8144,33.3028,32.6923,32.6923,27.8083,27.8083,27.6252,27.9304,42.5214,42.8266,42.1551,42.2161,33.3028,33.9744,33.3639,34.2186,25.0611,24.7558,25.4274,25.3663,42.1551,41.9109,41.7277,42.7045,32.6923,33.3639,33.3028,32.326,25.3663,25.5495,25.1832,29.7009,42.7045,43.6203,42.2161,42.5824,15.6593,15.232,30.9829,15.4762,15.293,15.1099,38.9194,14.9878,16.0867,15.232,16.453,15.4151,35.3175,35.5006,36.0501,35.6838,97.2222,98.0769,97.2222,98.138,59.9817,59.188,60.1038,59.7375,59,59,59,59,59.6764,59.6764,59.6764,59.3712,5.7081800000000005,0.396825,8.15018,56.4408,42.8877,45.9402,40.812,48.0159,35.98900000000001,45.757,2.77778,0.396825,1090.16,166.888,1418.92,0.0,1.0,1.0,1.0,1.0,0.0,0.07783949999999999,42.1627,42.1627,41.1248,41.7476,0.129731,14.054,96.1392,91.8672,92.3048,95.5427,0.0,8.104389999999999,53.1187,0.0,0.0,-64.6826,98.5763,95.1803,49.1971,324.9890000000001,50.1131,309.443,287.825,51.0369,427.701,427.684,424.516,528.993,508.595,601.935,431.211,424.516,531.498,499.504,601.217,410.959,408.289,515.773,515.057,613.067,410.021,408.939,515.9630000000002,514.461,615.008,432.741,432.573,535.8580000000002,535.357,612.491,433.676,432.8130000000001,536.144,535.572,612.132,601.217,599.781,22.2589,404.715,1147.32
2020-11-22 07:36:25,96.8559,97.8938,97.6496,98.5653,73.5348,74.7558,73.9011,73.7179,34.4628,33.4249,33.9133,33.0586,15.1099,14.8657,15.7814,15.7814,15.7814,14.6215,14.9878,14.8657,49.6703,20.2686,26.5201,31.1111,89.3284,128.4,93.0403,72.2344,59,59,59,59,58.9438,59.4933,59.2491,59.6764,59,59,59,59,11.4469,11.2027,11.2637,11.8742,11.3248,11.2027,11.0195,11.2027,11.8132,12.4847,12.4237,12.1795,54.4872,56.1355,55.7692,55.5861,25.3053,24.6948,25.0,25.0611,43.315,57.6618,43.0708,42.5824,32.8144,33.3028,32.6923,32.6923,27.8083,27.8083,27.6252,27.9304,42.5214,42.8266,42.1551,42.2161,33.3028,33.9744,33.3639,34.2186,25.0611,24.7558,25.4274,25.3663,42.1551,41.9109,41.7277,42.7045,32.6923,33.3639,33.3028,32.326,25.3663,25.5495,25.1832,29.7009,42.7045,43.6203,42.2161,42.5824,15.6593,15.232,30.9829,15.4762,15.293,15.1099,38.9194,14.9878,16.0867,15.232,16.453,15.4151,35.3175,35.5006,36.0501,35.6838,97.2222,98.0769,97.2222,98.138,59.9817,59.188,60.1038,59.7375,59,59,59,59,59.6764,59.6764,59.6764,59.3712,5.7081800000000005,0.396825,8.15018,56.4408,42.8877,45.9402,40.812,48.0159,35.98900000000001,45.757,2.77778,0.396825,1093.72,166.888,1416.25,0.0,1.0,1.0,1.0,1.0,0.0,0.07783949999999999,42.1627,42.1627,41.1248,41.7476,0.129731,14.054,95.8531,92.6856,93.0443,96.3504,0.0,8.104389999999999,54.0743,0.0,0.0,-98.7946,98.5763,95.1803,50.6601,326.153,48.8241,313.221,287.825,51.0369,427.701,427.684,424.516,528.993,508.595,601.935,431.211,424.516,531.498,499.504,600.211,410.959,408.289,515.773,515.057,613.067,410.021,408.939,515.9630000000002,514.461,615.008,432.741,432.573,535.8580000000002,535.357,612.491,433.676,432.8130000000001,536.144,535.572,612.132,601.217,599.781,22.2589,405.244,1146.78
2020-11-22 07:36:30,96.8559,97.8938,97.6496,98.5653,72.9853,74.7558,73.9011,73.7179,34.4628,33.4249,33.9133,33.0586,15.1099,14.8657,15.7814,15.7814,15.7814,14.6215,14.9878,14.8657,49.6703,20.2686,26.5201,31.1111,89.3284,128.4,91.9658,72.2344,59,59,59,59,58.9438,59.4933,59.2491,59.6764,59,59,59,59,11.4469,11.2027,11.2637,11.8742,10.7753,11.2027,11.0195,11.2027,11.8132,12.4847,12.4237,12.1795,54.4872,56.1355,55.7692,55.5861,25.3053,24.6948,25.1221,25.0611,43.315,57.6618,43.0708,42.5824,32.8144,33.3028,32.0818,32.0208,27.8083,27.8083,27.6252,27.9304,42.5214,42.8266,42.1551,42.2161,33.3028,33.9744,33.3639,34.2186,25.0611,24.7558,25.4274,25.3663,42.1551,41.9109,41.7277,42.7045,32.6923,33.3639,33.3028,32.326,25.3663,24.6337,25.1832,29.7009,42.7045,43.6203,42.2161,42.5824,15.6593,15.232,30.9829,15.4762,15.293,15.1099,38.9194,14.9878,16.0867,15.232,16.453,15.4151,35.3175,35.5006,36.0501,35.6838,97.2222,98.0769,97.2222,98.138,59.9817,59.188,60.1038,59.7375,59,59,59,59,59.6764,59.6764,59.6764,59.3712,5.7081800000000005,0.396825,8.15018,56.4408,42.8877,45.9402,40.812,48.0159,35.98900000000001,45.757,2.77778,0.396825,1091.33,166.888,1415.09,0.0,1.0,1.0,1.0,1.0,0.0,0.07783949999999999,42.1627,42.1627,41.1248,41.7476,0.129731,14.054,96.8929,89.0977,92.3683,95.7233,0.0,8.104389999999999,51.5043,0.0,0.0,-100.715,98.5763,95.1803,50.6601,329.836,47.754,317.713,287.825,51.0369,427.701,427.684,424.516,528.993,508.595,601.935,431.211,424.516,531.355,499.504,600.211,410.959,408.289,515.773,515.057,613.067,410.021,408.939,515.9630000000002,514.461,615.008,432.741,432.573,535.8580000000002,535.357,612.491,433.676,432.8130000000001,536.144,535.572,612.132,601.217,599.781,22.2589,405.244,1146.21
2020-11-22 07:36:35,96.8559,97.8938,97.6496,98.5653,72.9853,71.7033,73.9011,73.1685,34.4628,33.4249,33.9133,33.0586,15.1099,14.8657,15.7814,15.7814,15.7814,14.6215,14.9878,14.8657,49.6703,20.2686,25.5433,32.1856,89.3284,128.4,90.989,72.2344,59,59,59,59,58.9438,59.4933,59.2491,59.6764,59,59,59,59,11.4469,11.2027,11.2637,11.8742,10.7753,11.2027,11.0195,11.2027,11.8132,12.4847,12.4237,12.1795,54.4872,56.1355,55.7692,55.5861,25.3053,24.6948,25.1221,25.0611,43.315,57.6618,43.0708,42.5824,32.8144,33.3028,32.0818,32.0208,27.8083,27.8083,27.6252,27.9304,42.5214,42.8266,42.1551,42.2161,33.3028,33.9744,33.3639,34.2186,25.0611,24.7558,25.4274,25.3663,42.1551,41.9109,41.7277,42.7045,32.6923,33.3639,33.3028,32.326,25.3663,25.5495,25.1832,29.7009,42.7045,43.6203,42.2161,42.5824,15.6593,15.232,30.9829,15.4762,15.293,15.1099,38.9194,14.9878,16.0867,15.232,16.453,15.4151,35.3175,35.5006,36.0501,35.6838,97.2222,98.0769,97.2222,98.138,59.9817,59.188,60.1038,59.7375,59,59,59,59,59.6764,59.6764,59.6764,59.3712,5.7081800000000005,0.396825,8.15018,56.4408,42.8877,45.9402,40.812,48.0159,35.98900000000001,45.757,2.77778,0.396825,1092.53,166.888,1423.85,0.0,1.0,1.0,1.0,1.0,0.0,0.07783949999999999,42.1627,42.1627,41.1248,41.7476,0.129731,14.6568,97.1693,90.9863,91.5247,97.1617,0.0,8.104389999999999,52.3846,0.0,0.0,-93.4921,98.5763,95.1803,51.2189,332.36800000000005,48.33600000000001,319.721,287.825,51.0369,427.701,427.684,424.516,528.993,508.595,601.935,431.211,424.516,531.355,499.504,600.211,410.959,408.289,515.773,515.057,613.067,410.021,408.939,515.9630000000002,514.461,615.008,432.741,432.573,535.8580000000002,535.357,612.491,433.676,432.8130000000001,536.144,535.572,612.132,601.217,599.781,22.2589,404.715,1146.21
2020-11-22 07:36:40,96.8559,97.8938,97.6496,98.5653,72.9853,74.0232,73.9011,73.1685,34.4628,33.4249,33.9133,33.0586,15.1099,14.8657,15.7814,15.7814,15.7814,14.6215,14.9878,14.8657,48.7912,20.2686,25.5433,32.1856,89.3284,129.377,90.1099,72.2344,59,59,59,59,58.9438,59.4933,59.2491,59.6764,59,59,59,59,11.4469,11.2027,11.2637,11.8742,10.7753,11.2027,11.0195,11.2027,11.8132,12.4847,12.4237,12.1795,54.4872,56.1355,55.7692,55.5861,25.3053,24.6948,25.1221,25.0611,43.315,57.6618,43.0708,42.5824,32.8144,33.3028,33.0586,32.0208,27.8083,27.8083,27.6252,27.9304,42.5214,42.8266,42.1551,41.6667,33.3028,33.9744,33.3639,34.2186,25.0611,24.7558,25.4274,25.3663,42.1551,41.9109,41.7277,42.7045,32.6923,33.3639,33.3028,32.326,25.3663,25.5495,25.1832,29.7009,42.7045,43.6203,42.2161,42.5824,15.6593,15.232,30.9829,15.4762,15.293,15.1099,38.9194,14.9878,16.0867,15.232,16.453,15.4151,35.3175,35.5006,36.0501,35.6838,97.2222,98.0769,97.2222,98.138,59.9817,59.188,60.1038,59.7375,59,59,59,59,59.6764,59.6764,59.6764,59.3712,5.7081800000000005,0.396825,8.15018,56.4408,42.8877,45.9402,40.812,48.0159,35.98900000000001,45.757,2.77778,0.396825,1092.5,166.888,1415.01,0.0,1.0,1.0,1.0,1.0,0.0,0.07783949999999999,42.1627,42.1627,41.1248,41.7476,0.129731,15.3036,96.0214,91.7646,92.9652,95.6657,0.0,8.00549,53.4693,0.0,1.2009,-112.701,98.5763,95.1803,51.2189,334.8769999999999,47.754,319.721,287.825,51.0369,427.701,426.676,424.516,528.993,508.595,601.935,431.211,424.516,531.212,499.504,600.211,410.959,408.289,515.773,515.057,613.067,410.021,408.939,515.9630000000002,514.461,615.008,432.741,432.573,535.8580000000002,535.357,612.491,433.676,432.8130000000001,536.144,535.572,612.132,601.217,599.781,22.2589,404.715,1146.21
2020-11-22 07:36:45,96.8559,97.8938,97.6496,98.5653,72.9853,74.0232,73.9011,73.1685,34.4628,33.4249,33.9133,33.0586,15.1099,14.8657,15.7814,15.7814,15.7814,14.6215,14.9878,14.8657,48.7912,20.2686,24.4689,32.1856,88.25399999999998,128.4,88.7424,72.2344,59,59,59,59,58.9438,59.4933,59.2491,59.6764,59,59,59,59,11.4469,11.2027,11.2637,11.8742,10.7753,11.2027,11.0195,11.2027,11.8132,12.4847,12.4237,12.1795,54.4872,56.1355,55.7692,55.5861,25.3053,24.6948,25.1221,25.0611,43.315,57.6618,43.0708,42.5824,32.265,33.3028,33.0586,31.4713,27.8083,27.8083,27.6252,27.9304,42.5214,42.8266,42.1551,41.6667,33.3028,33.9744,33.3639,34.2186,25.0611,24.7558,25.4274,25.3663,42.1551,41.9109,41.7277,42.7045,32.6923,33.3639,33.3028,32.326,25.3663,25.5495,25.1832,29.7009,42.7045,43.6203,42.2161,42.5824,15.6593,15.232,30.9829,15.4762,15.293,15.1099,38.9194,14.9878,16.0867,15.232,16.453,15.4151,35.3175,35.5006,36.0501,35.6838,97.2222,98.0769,97.2222,98.138,59.9817,59.188,60.1038,59.7375,59,59,59,59,59.6764,59.6764,59.6764,59.3712,5.7081800000000005,0.396825,8.15018,56.4408,42.8877,45.9402,40.812,48.0159,35.98900000000001,45.757,2.77778,0.396825,1092.42,166.888,1424.02,0.0,1.0,1.0,1.0,1.0,0.0,0.07783949999999999,42.1627,42.1627,41.1248,41.7476,0.129731,15.3036,97.8911,89.3535,91.0902,96.4601,0.0,8.00549,52.5467,0.0,0.0,-97.4674,98.5763,95.1803,51.2189,338.571,49.2915,319.055,287.825,51.0369,427.701,426.676,424.516,528.993,508.595,601.935,431.211,424.516,531.069,499.504,600.211,410.959,408.289,515.773,515.057,613.067,410.021,408.939,515.9630000000002,514.461,615.008,432.741,432.573,535.8580000000002,535.357,612.491,433.676,432.8130000000001,536.144,535.572,612.132,601.217,599.781,22.2589,404.715,1146.21
2020-11-22 07:36:50,96.8559,97.8938,97.6496,98.5653,72.9853,74.0232,73.9011,73.1685,34.4628,33.4249,33.9133,33.0586,15.1099,14.8657,15.7814,15.7814,15.7814,14.6215,14.9878,14.8657,48.7912,20.2686,24.4689,31.1111,88.25399999999998,129.377,87.6679,72.2344,59,59,59,59,58.9438,59.4933,59.2491,59.6764,59,59,59,59,11.4469,11.2027,11.2637,11.8742,10.7753,11.2027,11.0195,11.2027,11.8132,12.4847,12.4237,12.1795,54.4872,56.1355,55.7692,55.5861,25.3053,24.6948,25.1221,25.0611,43.315,57.6618,43.0708,42.5824,32.265,33.3028,33.0586,31.4713,27.8083,27.8083,27.6252,27.9304,42.5214,42.2772,42.1551,41.6667,33.3028,33.9744,33.3639,34.2186,25.0611,24.7558,25.4274,25.3663,42.1551,41.9109,41.7277,42.7045,32.6923,33.3639,33.3028,32.326,25.3663,25.4274,25.1832,29.7009,42.7045,43.6203,42.2161,42.5824,15.6593,15.232,30.9829,15.4762,15.293,15.1099,38.9194,14.9878,16.0867,15.232,16.453,15.4151,35.3175,35.5006,36.0501,35.6838,97.2222,98.0769,97.2222,98.138,59.9817,59.188,60.1038,59.7375,59,59,59,59,59.6764,59.6764,59.6764,59.3712,5.7081800000000005,0.396825,8.15018,56.4408,42.8877,45.9402,40.812,48.0159,35.98900000000001,45.757,2.77778,0.396825,1098.38,167.403,1411.51,0.0,1.0,1.0,1.0,1.0,0.0,0.07783949999999999,42.1627,42.1627,41.1248,41.7476,0.129731,15.3036,97.2916,92.9,92.0948,96.4601,0.0,8.00549,51.4679,0.0,0.0,-88.163,98.5763,95.1803,51.2189,340.4840000000001,49.2915,319.055,287.825,50.0283,427.701,426.676,424.516,528.993,508.595,601.935,431.211,424.516,530.925,500.506,600.211,410.959,408.289,515.773,515.057,613.067,410.021,408.939,515.9630000000002,514.461,615.008,432.741,432.573,535.8580000000002,535.357,612.491,433.676,432.8130000000001,536.144,535.572,611.101,601.217,599.781,22.2589,404.715,1145.67
2020-11-22 07:36:55,96.8559,97.8938,97.6496,98.5653,72.9853,74.0232,73.1074,73.1685,34.4628,33.4249,33.9133,33.0586,15.1099,14.8657,15.7814,15.7814,15.7814,14.6215,14.9878,14.8657,48.7912,20.2686,24.4689,31.1111,87.3748,128.4,88.9377,73.2112,59,59,59,59,58.9438,59.4933,59.2491,59.6764,59,59,59,59,11.4469,11.2027,11.2637,11.8742,10.7753,11.2027,11.0195,11.2027,11.8132,12.4847,12.4237,12.1795,54.4872,56.1355,55.7692,55.5861,25.3053,24.6948,25.1221,25.0611,43.315,57.6618,43.0708,42.5824,32.265,33.3028,32.5092,30.9219,27.8083,27.8083,27.6252,27.9304,42.5214,42.2772,42.1551,41.6667,33.3028,33.9744,33.3639,34.2186,25.0611,24.7558,25.4274,25.3663,42.1551,41.9109,41.1783,42.7045,32.6923,33.3639,33.3028,32.326,25.3663,25.4274,25.1832,29.7009,42.7045,43.6203,41.6667,42.5824,15.6593,15.232,30.9829,15.4762,15.293,15.1099,38.9194,14.9878,16.0867,15.232,16.453,15.4151,35.3175,35.5006,36.0501,35.6838,97.2222,98.0769,97.2222,98.138,59.9817,59.188,60.1038,59.7375,59,59,59,59,59.6764,59.6764,59.6764,59.3712,5.7081800000000005,0.396825,9.12698,56.4408,42.8877,45.9402,40.812,48.0159,35.98900000000001,45.757,2.77778,0.396825,1099.54,167.403,1413.49,0.0,1.0,1.0,1.0,1.0,0.0,0.07783949999999999,42.1627,42.1627,41.1248,41.7476,0.129731,15.3036,96.5705,90.5612,91.1803,96.3105,0.0,8.00549,51.6617,0.0,0.0,-102.78,98.5763,95.1803,49.9399,341.1740000000001,49.2527,319.711,287.825,50.0283,427.701,426.676,423.507,528.993,508.595,601.935,430.203,424.516,530.7819999999998,500.506,600.211,410.959,408.289,515.773,515.057,613.067,410.021,408.939,515.9630000000002,514.461,615.008,432.741,432.573,535.8580000000002,535.357,612.491,433.676,432.8130000000001,536.144,535.572,611.101,601.217,599.781,22.2589,404.186,1145.67
2020-11-22 07:37:00,96.8559,97.8938,97.6496,98.5653,72.9853,74.0232,73.1074,73.1685,34.4628,33.4249,33.9133,33.0586,15.1099,14.8657,15.7814,15.7814,15.7814,14.6215,14.9878,14.8657,48.7912,19.2918,23.5897,31.1111,87.3748,126.545,87.9609,73.2112,59,59,59,59,58.9438,59.4933,59.2491,59.6764,59,59,59,59,11.4469,11.2027,11.2637,11.8742,10.7753,11.2027,11.0195,11.2027,11.8132,12.4847,11.8742,12.1795,54.4872,56.1355,55.2198,55.5861,25.3053,24.6948,25.1221,25.0611,43.315,57.6618,43.0708,42.5824,32.265,33.3028,31.9597,30.9219,27.8083,27.8083,27.6252,27.9304,42.5214,42.2772,42.1551,41.6667,33.3028,33.9744,33.3639,34.2186,25.0611,24.7558,25.4274,25.3663,42.1551,41.9109,41.1783,42.7045,32.6923,33.3639,33.3028,32.326,25.3663,25.4274,25.1832,29.7009,42.7045,43.6203,41.6667,42.5824,15.6593,15.232,30.9829,15.4762,15.293,15.1099,38.9194,14.9878,16.0867,15.232,16.453,15.4151,35.3175,35.5006,36.0501,35.6838,97.2222,98.0769,97.2222,98.138,59.9817,59.188,60.1038,59.7375,59,59,59,59,59.6764,59.6764,59.6764,59.3712,5.7081800000000005,0.396825,9.92064,56.4408,42.8877,45.9402,40.812,48.0159,35.98900000000001,45.757,2.77778,0.396825,1100.65,167.403,1410.32,0.0,1.0,1.0,1.0,1.0,0.0,0.07783949999999999,42.1627,42.1627,41.1248,41.7476,0.129731,15.9357,96.5705,91.4687,91.4819,96.3886,0.0,8.00549,50.9677,0.0,0.0,-88.5409,98.5763,95.1803,49.9399,338.6380000000001,49.2527,319.711,287.825,50.0283,427.701,426.676,423.507,528.993,508.595,601.935,430.203,424.516,530.639,500.506,600.211,410.959,408.289,515.773,515.057,613.067,410.021,408.939,515.9630000000002,514.461,615.008,432.741,432.573,535.8580000000002,535.357,612.491,433.676,432.8130000000001,536.144,535.572,611.101,601.217,599.781,22.2589,404.715,1146.2
2020-11-22 07:37:05,96.8559,97.8938,97.6496,98.5653,72.9853,74.0232,72.558,73.1685,34.4628,33.4249,33.9133,33.0586,15.1099,14.8657,15.7814,15.9035,15.7814,14.6215,14.9878,14.8657,47.5214,19.2918,23.5897,31.9902,87.3748,126.545,88.84,72.2344,59,59,59,59,58.9438,59.4933,59.2491,59.6764,59,59,59,59,11.4469,11.2027,11.2637,11.8742,10.7753,11.2027,11.0195,11.2027,11.8132,12.4847,11.8742,12.1795,54.4872,56.1355,55.2198,55.5861,25.3053,24.6948,25.6716,25.0611,43.315,57.6618,43.0708,42.5824,32.265,33.3028,33.1197,30.3724,27.8083,27.8083,27.6252,27.9304,42.5214,42.2772,42.1551,41.6667,33.3028,33.9744,33.3639,34.2186,25.0611,24.7558,25.4274,25.3663,42.1551,41.9109,41.1783,42.7045,32.6923,33.3639,33.3028,32.326,25.3663,24.7558,25.1832,29.7009,42.7045,43.6203,41.6667,42.5824,15.6593,15.232,30.9829,15.4762,15.293,15.1099,38.9194,14.9878,16.0867,15.232,16.453,15.4151,35.3175,35.5006,36.0501,35.6838,97.2222,98.0769,97.2222,98.138,59.9817,59.188,60.1038,59.7375,59,59,59,59,59.6764,59.6764,59.6764,59.3712,5.7081800000000005,0.396825,9.92064,56.4408,42.8877,45.9402,40.812,48.0159,35.98900000000001,45.757,2.77778,0.396825,1099.46,167.403,1408.78,0.0,1.0,1.0,1.0,1.0,0.0,0.07783949999999999,42.1627,42.1627,41.1248,41.7476,0.129731,15.9357,95.8782,92.042,91.2444,97.2393,0.0,8.00549,50.285,0.0,0.0,-79.4255,98.5763,95.1803,49.9399,338.6380000000001,48.6969,318.874,287.825,50.0283,427.701,426.676,423.507,527.991,508.595,601.935,430.203,424.516,530.639,500.506,600.211,410.959,408.289,515.773,515.057,613.067,410.021,408.939,515.9630000000002,514.461,615.008,432.741,432.573,535.8580000000002,535.357,612.491,433.676,432.8130000000001,536.144,535.572,611.101,601.217,599.781,22.2589,404.715,1147.43
2020-11-22 07:37:10,96.8559,97.8938,97.6496,98.5653,70.9707,70.9707,71.8254,72.1917,34.4628,33.4249,33.9133,33.0586,15.1099,14.8657,15.7814,15.9035,15.7814,14.6215,14.9878,14.8657,47.5214,19.2918,23.5897,31.9902,86.4957,126.545,89.8168,72.2344,59,59,59,59,58.9438,59.4933,59.2491,59.6764,59,59,59,59,11.4469,11.2027,11.2637,11.8742,10.7753,11.2027,11.0195,11.2027,11.8132,12.4847,12.6068,12.1795,54.4872,56.1355,55.2198,55.5861,25.3053,24.6948,25.6716,25.0611,43.315,57.6618,43.0708,42.5824,32.265,33.3028,32.3871,32.0818,27.8083,27.8083,27.6252,27.9304,42.5214,42.2772,42.1551,41.6667,33.3028,33.9744,33.3639,34.2186,25.0611,24.7558,25.4274,25.3663,42.1551,41.9109,41.1783,42.1551,32.6923,33.3639,33.3028,32.326,25.3663,25.5495,25.1832,29.7009,42.7045,43.6203,41.6667,42.5824,15.6593,15.232,30.9829,15.4762,15.293,15.1099,38.9194,14.9878,16.0867,15.232,16.453,15.4151,35.3175,35.5006,36.0501,35.6838,97.2222,98.0769,97.2222,98.138,59.9817,59.188,60.1038,59.7375,59,59,59,59,59.6764,59.6764,59.6764,59.3712,5.7081800000000005,0.396825,9.92064,56.4408,42.8877,45.9402,40.812,48.0159,35.98900000000001,45.757,2.77778,0.396825,1097.07,167.403,1401.24,0.0,1.0,1.0,1.0,1.0,0.0,0.07783949999999999,42.1627,42.1627,41.1248,41.7476,0.129731,15.9357,97.1072,90.9028,92.1792,97.2393,0.0,8.104389999999999,50.3902,0.0,0.0,-60.9857,98.5763,95.1803,51.1676,337.6790000000001,48.6969,316.715,287.825,50.0283,427.701,425.668,423.507,527.991,508.595,601.935,430.203,424.516,530.496,500.506,600.211,410.959,408.289,515.773,515.057,613.067,410.021,408.939,515.9630000000002,514.461,613.977,432.741,432.573,535.8580000000002,535.357,612.491,433.676,432.8130000000001,536.144,535.572,611.101,601.217,599.781,22.2589,405.244,1147.94
2020-11-22 07:37:15,96.8559,97.8938,97.6496,98.5653,70.9707,70.4212,71.8254,71.5812,34.4628,33.4249,33.9133,33.0586,15.1099,14.8657,15.7814,15.9035,15.7814,14.6215,14.9878,14.8657,47.5214,19.2918,23.5897,31.9902,87.4725,126.545,88.84,71.3553,59,59,59,59,58.9438,59.4933,59.2491,59.6764,59,59,59,59,11.4469,11.2027,11.2637,11.8742,10.7753,11.2027,11.0195,11.2027,11.8132,12.4847,12.6068,12.1795,54.4872,56.1355,55.2198,55.5861,25.3053,24.6948,25.6716,25.0611,43.315,57.6618,43.0708,42.5824,32.265,33.3028,31.7766,32.0818,27.8083,27.8083,27.6252,27.9304,42.5214,42.2772,42.1551,41.6667,33.3028,33.9744,33.3639,34.2186,25.0611,24.7558,25.4274,25.3663,42.1551,41.9109,41.1783,42.1551,32.6923,33.3639,33.3028,32.326,25.3663,25.5495,25.1832,29.7009,42.7045,43.6203,41.6667,42.5824,15.6593,15.232,30.9829,15.4762,15.293,15.1099,38.9194,14.9878,16.0867,15.232,16.453,15.4151,35.3175,35.5006,36.0501,35.6838,97.2222,98.0769,97.2222,98.138,59.9817,59.188,60.1038,59.7375,59,59,59,59,59.6764,59.6764,59.6764,59.3712,5.7081800000000005,0.396825,9.92064,56.4408,42.8877,45.9402,40.812,48.0159,35.98900000000001,45.757,2.77778,0.396825,1098.24,167.403,1395.39,0.0,1.0,1.0,1.0,1.0,0.0,0.07783949999999999,42.1627,42.1627,41.1248,41.7476,0.129731,15.3036,97.7717,88.9262,90.1595,95.7549,0.0,8.104389999999999,51.0801,0.0,0.0,-43.4011,98.5763,95.1803,51.7023,336.476,49.4618,314.9,287.825,50.0283,427.701,425.668,423.507,527.991,508.595,601.935,430.203,424.516,530.3530000000002,500.506,599.206,410.959,408.289,515.773,515.057,613.067,410.021,408.939,515.9630000000002,514.461,613.977,432.741,432.573,535.8580000000002,535.357,612.491,433.676,432.8130000000001,536.144,535.572,611.101,601.217,598.775,22.2589,404.715,1147.94
2020-11-22 07:37:20,96.8559,97.8938,97.6496,98.5653,70.9707,70.4212,70.5434,71.0317,34.4628,33.4249,33.9133,33.0586,15.1099,14.8657,15.7814,15.9035,15.7814,14.6215,14.9878,14.8657,46.2515,19.2918,23.5897,32.967,86.2027,126.545,89.8168,71.3553,59,59,59,59,58.9438,59.4933,59.2491,59.6764,59,59,59,59,11.4469,11.2027,11.2637,11.8742,10.7753,11.2027,11.0195,11.2027,11.8132,12.4847,11.9963,12.1795,54.4872,56.1355,55.2198,55.5861,25.3053,24.6948,25.6716,25.0611,43.315,57.6618,43.0708,42.5824,32.265,33.3028,33.547,32.0818,27.8083,27.8083,27.6252,27.9304,42.5214,42.2772,42.1551,41.6667,33.3028,33.9744,33.3639,34.2186,25.0611,24.7558,25.4274,25.3663,42.1551,41.9109,41.1783,42.1551,32.6923,33.3639,33.3028,32.326,25.3663,25.0,25.1832,29.7009,42.7045,43.6203,41.6667,42.5824,15.6593,15.232,30.9829,15.4762,15.293,15.1099,38.9194,14.9878,16.0867,15.232,16.453,15.4151,35.3175,35.5006,36.0501,35.6838,97.2222,98.0769,97.2222,98.138,59.9817,59.188,60.1038,59.7375,59,59,59,59,59.6764,59.6764,59.6764,59.3712,5.7081800000000005,0.396825,9.92064,55.525,42.8877,45.9402,40.812,48.0159,35.98900000000001,45.757,2.77778,0.396825,1098.24,167.403,1402.03,0.0,1.0,1.0,1.0,1.0,0.0,0.07783949999999999,42.1627,42.1627,41.1248,41.7476,0.129731,15.3036,95.1752,90.4301,91.7266,96.3802,0.0,8.104389999999999,49.0479,0.0,0.0,-72.1155,98.5763,95.1803,51.7023,337.105,49.4618,314.37,287.825,50.0283,427.701,425.668,423.507,527.991,508.595,601.935,430.203,424.516,530.21,500.506,599.206,410.959,408.289,515.773,515.057,613.067,410.021,408.939,515.9630000000002,514.461,613.977,432.741,432.573,535.8580000000002,535.357,612.491,433.676,432.8130000000001,536.144,535.572,611.101,601.217,598.775,22.2589,404.715,1147.94
2020-11-22 07:37:25,96.8559,97.8938,97.6496,98.5653,69.9328,69.2613,69.5666,70.0549,34.4628,33.4249,33.9133,32.5092,15.1099,14.8657,15.7814,15.9035,15.7814,14.6215,14.9878,14.8657,46.2515,18.4127,23.5897,33.8461,86.2027,127.619,89.8168,70.2808,59,59,59,59,58.9438,59.4933,59.2491,59.6764,59,59,59,59,11.4469,11.2027,11.2637,11.8742,10.7753,11.2027,11.0195,11.2027,11.8132,12.4847,11.9963,12.1795,54.4872,56.1355,55.2198,55.5861,25.3053,24.6948,25.6716,25.0611,43.315,57.6618,43.0708,42.5824,32.265,33.3028,33.547,32.0818,27.8083,27.8083,27.6252,27.9304,42.5214,42.2772,42.1551,41.6667,33.3028,33.9744,33.3639,34.2186,25.0611,24.7558,25.4274,25.3663,42.1551,41.9109,41.1783,42.1551,32.6923,33.3639,33.3028,32.326,25.3663,25.5495,25.1832,29.7009,42.7045,43.6203,41.6667,42.5824,15.6593,15.232,30.9829,15.4762,15.293,15.1099,38.9194,14.9878,16.0867,15.232,16.453,15.4151,35.3175,35.5006,36.0501,35.6838,97.2222,98.0769,97.2222,98.138,59.9817,59.188,60.1038,59.7375,59,59,59,59,59.6764,59.6764,59.6764,59.3712,5.7081800000000005,0.396825,9.92064,55.525,42.8877,45.9402,40.812,48.0159,35.98900000000001,45.757,2.77778,0.396825,1101.81,167.403,1395.91,0.0,1.0,1.0,1.0,1.0,0.0,0.07783949999999999,42.1627,42.1627,41.5919,41.7476,0.129731,14.495,96.3727,89.7866,90.9678,95.7215,0.0,8.104389999999999,50.803,0.0,0.0,-78.5881,98.5763,95.1803,51.1676,339.17800000000005,50.01600000000001,312.672,287.825,50.0283,427.701,425.668,423.507,527.991,507.593,601.935,430.203,424.516,530.21,500.506,599.206,410.959,408.289,515.773,515.057,613.067,410.021,408.939,515.9630000000002,514.461,613.977,432.741,432.573,535.8580000000002,535.357,612.491,433.676,432.8130000000001,536.144,535.572,611.101,601.217,598.775,22.2589,404.715,1147.94
2020-11-22 07:37:30,96.8559,97.8938,97.6496,98.5653,68.4676,68.7118,68.3455,68.895,34.4628,33.4249,33.9133,32.5092,15.1099,14.8657,15.7814,14.9878,15.7814,14.6215,14.9878,14.8657,46.2515,19.2918,23.5897,31.9902,87.1795,126.447,88.6447,70.2808,59,59,59,59,58.9438,59.4933,59.2491,59.6764,59,59,59,59,11.4469,11.2027,11.2637,11.8742,11.3858,11.2027,11.0195,11.2027,11.8132,12.4847,11.9963,12.1795,54.4872,56.1355,55.9524,55.5861,25.3053,24.6948,25.6716,25.0611,43.315,57.6618,43.0708,42.5824,32.265,33.3028,33.547,32.0818,27.8083,27.8083,27.6252,27.9304,42.5214,42.2772,42.1551,41.6667,33.3028,33.9744,33.3639,34.2186,25.0611,24.7558,25.4274,24.8168,42.1551,41.9109,41.1783,42.1551,32.6923,33.3639,33.3028,32.326,25.3663,25.5495,25.1832,29.7009,42.7045,43.6203,41.6667,42.5824,15.6593,15.232,30.9829,15.4762,15.293,15.1099,38.9194,14.9878,16.0867,15.232,16.453,15.4151,35.3175,35.5006,36.0501,35.6838,97.2222,98.0769,97.2222,98.138,59.9817,59.188,60.1038,59.7375,59,59,59,59,59.6764,59.6764,59.6764,59.3712,5.7081800000000005,0.396825,9.92064,55.525,42.8877,45.9402,40.812,48.0159,35.98900000000001,45.757,2.77778,0.396825,1104.18,167.90900000000005,1392.78,0.0,1.0,1.0,1.0,1.0,0.0,0.07783949999999999,42.1627,42.1627,41.5919,41.7476,0.129731,13.8482,97.1346,91.683,93.5617,96.671,0.0,8.104389999999999,49.6742,0.0,0.0,-68.5405,98.5763,95.1803,51.1676,340.514,48.7936,311.969,287.825,50.0283,427.701,425.668,422.499,527.991,507.593,601.935,430.203,423.507,530.067,500.506,599.206,409.924,408.289,515.773,515.057,613.067,410.021,408.939,515.9630000000002,514.461,613.977,432.741,432.573,535.8580000000002,535.357,612.491,433.676,432.8130000000001,536.144,535.572,611.101,601.217,598.775,22.2589,404.715,1148.49
2020-11-22 07:37:35,96.8559,97.1612,97.6496,98.5653,68.4676,68.7118,68.3455,68.895,34.4628,33.4249,33.9133,32.5092,15.1099,14.8657,15.7814,14.9878,15.7814,14.6215,14.9878,14.8657,46.2515,19.2918,23.5897,31.0134,87.1795,125.079,88.6447,70.2808,59,59,59,59,58.9438,59.4933,59.2491,59.6764,59,59,59,59,11.4469,11.2027,11.2637,11.8742,10.7143,11.2027,11.0195,11.2027,11.8132,12.4847,11.9963,12.1795,54.4872,56.1355,55.9524,55.5861,25.3053,24.6948,25.6716,25.0611,43.315,57.6618,43.0708,42.5824,32.265,33.3028,33.547,32.0818,27.8083,27.8083,27.6252,27.9304,42.5214,42.2772,42.1551,41.6667,33.3028,33.9744,33.3639,34.2186,25.0611,24.7558,25.4274,24.8168,42.1551,41.9109,41.1783,42.1551,32.6923,33.3639,33.3028,32.326,25.3663,25.5495,25.1832,29.7009,42.7045,43.6203,41.6667,42.5824,15.6593,15.232,30.9829,15.4762,15.293,15.1099,38.9194,14.9878,16.0867,15.232,16.453,15.4151,35.3175,35.5006,36.0501,35.6838,97.2222,98.0769,97.2222,98.138,59.9817,59.188,60.1038,59.7375,59,59,59,59,59.6764,59.6764,59.6764,59.3712,5.7081800000000005,0.396825,9.92064,55.525,42.8877,45.9402,40.812,48.0159,35.98900000000001,45.757,2.77778,0.396825,1104.15,167.90900000000005,1393.83,0.0,1.0,1.0,1.0,1.0,0.0,0.07783949999999999,42.1627,42.1627,41.5919,41.7476,0.129731,13.8482,97.761,91.9038,91.6508,97.5322,0.0,8.104389999999999,46.5705,0.0,0.0,-63.3315,98.5763,95.1803,50.0141,341.936,47.8116,310.6140000000001,287.825,48.9982,427.701,425.668,422.499,527.991,507.593,601.935,429.196,423.507,530.067,500.506,599.206,409.924,408.289,515.773,515.057,612.036,408.986,408.939,515.9630000000002,514.461,613.977,432.741,432.573,535.8580000000002,535.357,612.491,433.676,432.8130000000001,536.144,535.572,611.101,601.217,598.775,22.2589,404.715,1149.61
2020-11-22 07:37:40,96.8559,97.1612,97.6496,98.5653,67.8571,68.1624,67.4908,66.7582,34.4628,33.4249,33.9133,32.5092,15.1099,14.8657,15.7814,14.9878,15.7814,14.6215,14.9878,14.8657,47.1306,20.1709,22.7106,30.0366,86.105,123.907,86.3004,71.453,59,59,59,59,58.9438,59.4933,59.2491,59.6764,59,59,59,59,11.4469,11.2027,11.2637,11.8742,10.7143,11.8132,11.0195,11.2027,11.8132,12.4847,11.9963,12.1795,54.4872,56.1355,55.9524,55.5861,25.3053,24.6948,25.6716,25.0611,43.315,57.6618,43.0708,42.5824,32.265,33.3028,33.547,32.0818,27.8083,27.8083,27.6252,27.9304,42.5214,42.2772,42.1551,41.6667,33.3028,33.9744,33.3639,34.2186,25.0611,24.7558,25.4274,24.8168,42.1551,41.9109,41.1783,42.1551,32.6923,33.3639,33.3028,32.326,25.3663,25.4884,25.1832,29.1514,42.7045,43.6203,41.6667,42.5824,15.6593,15.232,30.9829,15.4762,15.293,15.1099,38.9194,14.9878,16.0867,15.232,16.453,15.4151,35.3175,35.5006,36.0501,35.6838,97.2222,98.0769,97.2222,98.138,59.9817,59.188,60.1038,59.7375,59,59,59,59,59.6764,59.6764,59.6764,59.3712,5.7081800000000005,0.396825,9.92064,55.525,42.8877,45.9402,40.812,46.4896,35.98900000000001,45.757,2.77778,0.396825,1100.67,167.90900000000005,1392.57,0.0,1.0,1.0,1.0,1.0,0.0,0.07783949999999999,42.1627,42.1627,41.5919,41.7476,0.129731,13.8482,96.4424,91.2312,92.1095,96.2277,0.0,8.104389999999999,49.5956,0.0,0.0,-95.8116,98.5763,95.1803,50.5652,339.972,48.8412,313.15,287.825,48.9982,427.701,425.668,422.499,527.991,507.593,601.935,429.196,423.507,530.067,500.506,599.206,409.924,407.254,515.773,515.057,612.036,408.986,407.904,515.9630000000002,514.461,613.977,432.741,432.573,535.8580000000002,535.357,612.491,433.676,432.8130000000001,536.144,535.572,611.101,601.217,598.775,22.2589,403.657,1149.61
2020-11-22 07:37:45,96.3065,97.1612,97.6496,98.5653,65.0488,67.5519,66.5751,66.2088,34.4628,33.4249,33.9133,32.5092,15.1099,14.8657,15.7814,14.9878,15.7814,14.6215,14.9878,14.8657,48.1074,20.1709,22.7106,30.0366,86.105,122.93,85.3236,70.4762,59,59,59,59,58.9438,59.4933,59.2491,59.6764,59,59,59,59,11.4469,11.2027,11.2637,11.8742,10.7143,10.8974,11.0195,11.2027,11.8132,12.4847,11.9963,12.1795,54.4872,56.1355,55.9524,55.5861,25.3053,24.6948,25.6716,25.0611,43.315,57.6618,43.0708,42.5824,32.265,33.3028,33.547,32.0818,27.8083,27.8083,27.6252,27.9304,42.5214,42.2772,42.1551,41.6667,33.3028,33.9744,32.8144,34.2186,25.0611,24.7558,25.4274,24.8168,42.1551,41.9109,41.1783,42.1551,32.6923,33.3639,33.3028,32.326,25.3663,25.4884,25.1832,29.1514,42.7045,43.6203,41.6667,42.5824,15.6593,15.232,30.9829,15.4762,15.293,15.1099,38.9194,14.9878,16.0867,15.232,16.453,15.4151,35.3175,35.5006,36.0501,35.6838,97.2222,98.0769,97.2222,98.138,59.9817,59.188,60.1038,59.7375,59,59,59,59,59.6764,59.6764,59.6764,59.3712,5.7081800000000005,0.396825,9.92064,55.525,42.8877,45.9402,40.812,46.4896,35.98900000000001,45.757,2.77778,0.396825,1098.21,167.90900000000005,1391.33,0.0,1.0,1.0,1.0,1.0,0.0,0.07783949999999999,42.1627,42.1627,41.5919,41.7476,0.129731,13.8482,96.4529,89.6397,91.5991,96.2277,0.0,8.104389999999999,49.5047,0.0,0.0,-92.7974,98.5763,95.1803,51.2189,338.615,47.6512,316.728,287.825,48.9982,427.701,424.66,422.499,526.99,507.593,601.935,429.196,423.507,530.067,500.506,599.206,409.924,407.254,515.773,515.057,612.036,408.986,407.904,515.9630000000002,514.461,613.977,432.741,432.573,535.8580000000002,535.357,612.491,433.676,432.8130000000001,536.144,535.572,611.101,601.217,598.775,22.2589,405.244,1149.61
2020-11-22 07:37:50,96.3065,97.1612,97.6496,98.5653,65.0488,67.5519,65.5983,66.2088,34.4628,33.4249,33.9133,32.5092,15.1099,14.8657,15.7814,14.9878,15.7814,14.6215,14.9878,14.8657,48.1074,20.1709,22.7106,30.9158,87.4725,122.93,86.6911,70.4762,59,59,59,59,58.9438,59.4933,59.2491,59.6764,59,59,59,59,11.4469,11.2027,11.2637,11.8742,10.7143,10.8974,11.0195,11.2027,11.8132,12.4847,11.9963,12.1795,54.4872,56.1355,55.9524,55.5861,25.3053,24.6948,25.1221,25.0611,43.315,57.6618,43.0708,42.5824,32.265,33.3028,32.0818,32.0818,27.8083,27.8083,27.6252,27.9304,42.5214,42.2772,42.1551,41.6667,33.3028,33.9744,32.8144,34.2186,25.0611,24.7558,25.4274,24.8168,42.1551,41.9109,41.1783,42.1551,32.6923,33.3639,33.3028,32.326,25.3663,25.4884,25.1832,29.1514,42.7045,43.6203,41.6667,42.5824,15.6593,15.232,30.9829,15.4762,15.293,15.1099,38.9194,14.9878,16.0867,15.232,16.453,15.4151,35.3175,35.5006,36.0501,35.6838,97.2222,98.0769,97.2222,98.138,59.9817,59.188,60.1038,59.7375,59,59,59,59,59.6764,59.6764,59.6764,59.3712,5.7081800000000005,0.396825,9.92064,55.525,42.8877,45.9402,40.812,46.4896,35.98900000000001,45.757,2.77778,0.396825,1098.21,167.90900000000005,1390.01,0.0,1.0,1.0,1.0,1.0,0.0,0.07783949999999999,42.1627,42.1627,41.5919,41.7476,0.129731,13.8482,96.0789,91.4979,91.616,96.2277,0.0,8.104389999999999,49.1127,0.0,0.0,-104.811,98.5763,95.1803,51.2189,338.011,47.6512,319.73,287.825,48.9982,427.701,424.66,422.499,526.99,507.593,601.935,429.196,423.507,530.067,500.506,599.206,409.924,407.254,515.773,515.057,612.036,408.986,407.904,515.9630000000002,514.461,613.977,432.741,432.573,535.8580000000002,535.357,612.491,433.676,432.8130000000001,536.144,535.572,611.101,601.217,598.775,22.2589,404.715,1149.61
2020-11-22 07:37:55,96.3065,97.1612,96.978,97.7717,65.0488,67.0024,65.5983,65.3541,34.4628,33.4249,33.9133,32.5092,15.1099,14.8657,15.7814,14.9878,15.7814,14.6215,14.9878,14.8657,48.9866,20.1709,22.7106,30.9158,87.4725,122.93,88.3516,70.4762,59,59,59,59,58.9438,59.4933,59.2491,59.6764,59,59,59,59,11.4469,11.2027,11.2637,11.8742,10.7143,10.8974,11.0195,11.2027,11.8132,12.4847,11.9963,12.1795,54.4872,56.1355,55.9524,55.5861,25.3053,24.6948,25.1221,25.0611,43.315,57.6618,42.5214,42.5824,32.265,33.3028,31.3492,32.0818,27.8083,27.8083,27.6252,27.9304,42.5214,42.2772,42.1551,41.6667,33.3028,33.9744,32.8144,34.2186,25.0611,24.7558,25.4274,24.8168,42.1551,41.9109,41.1783,42.1551,32.6923,33.3639,33.3028,32.326,25.3663,24.9389,25.1832,29.1514,42.7045,43.6203,41.6667,42.5824,15.6593,15.232,30.9829,15.4762,15.293,15.1099,38.9194,14.9878,16.0867,15.232,16.453,15.4151,35.3175,35.5006,36.0501,35.6838,97.2222,98.0769,97.2222,98.138,59.9817,59.188,60.1038,59.7375,59,59,59,59,59.6764,59.6764,59.6764,59.3712,5.7081800000000005,0.396825,9.92064,55.525,42.8877,45.9402,40.812,46.4896,35.98900000000001,45.757,2.77778,0.396825,1098.21,167.90900000000005,1389.8,0.0,1.0,1.0,1.0,1.0,0.0,0.07783949999999999,42.1627,42.1627,41.5919,41.7476,0.129731,13.8482,97.6324,91.8157,91.4054,95.5742,0.0,8.104389999999999,49.7585,0.0,0.0,-89.8618,98.5763,95.1803,52.7051,337.469,48.2615,318.86,287.825,48.9982,427.701,424.66,422.499,526.99,507.593,601.935,429.196,423.507,530.067,501.508,599.206,409.924,407.254,515.773,515.057,612.036,408.986,407.904,515.9630000000002,514.461,613.977,432.741,432.573,535.8580000000002,535.357,612.491,433.676,432.8130000000001,536.144,535.572,610.095,601.217,598.775,22.2589,405.244,1149.1
2020-11-22 07:38:00,96.3065,97.1612,96.978,97.7717,65.0488,66.453,64.5604,65.3541,34.4628,33.4249,33.9133,32.5092,15.1099,14.8657,15.7814,14.9878,15.7814,14.6215,14.9878,14.8657,48.9866,19.2918,21.7338,30.9158,87.4725,122.93,88.3516,69.4017,59,59,59,59,58.9438,59.4933,59.2491,59.6764,59,59,59,59,11.4469,11.2027,11.2637,11.8742,10.7143,10.8974,11.0195,11.7521,11.8132,12.4847,11.9963,12.1795,54.4872,56.1355,55.9524,55.5861,25.3053,24.6948,25.1221,25.0611,43.315,57.6618,42.5214,42.5824,32.265,33.3028,33.6691,32.0818,27.8083,27.8083,27.6252,27.9304,42.5214,42.2772,42.1551,41.6667,33.3028,33.9744,32.8144,34.2186,25.0611,24.7558,24.8779,24.8168,42.1551,41.9109,41.1783,42.1551,32.6923,33.3639,33.3028,32.326,25.3663,25.5495,25.1832,29.1514,42.7045,43.6203,41.6667,42.5824,15.6593,15.232,30.9829,15.4762,15.293,14.5604,38.9194,14.9878,16.0867,15.232,16.453,15.4151,35.3175,35.5006,36.0501,35.6838,97.2222,98.0769,97.2222,98.138,59.9817,59.188,60.1038,59.7375,59,59,59,59,59.6764,59.6764,59.6764,59.3712,5.7081800000000005,0.396825,9.92064,55.525,42.8877,45.9402,40.812,46.4896,35.98900000000001,45.757,2.77778,0.396825,1099.45,167.90900000000005,1384.96,0.0,1.0,1.0,1.0,1.0,0.0,0.07783949999999999,42.1627,42.1627,41.5919,41.7476,0.129731,13.8482,96.8837,91.619,92.0848,96.5894,0.0,8.00549,49.325,0.0,0.0,-105.679,98.5763,95.1803,54.5819,336.867,48.8843,317.25,287.825,48.9982,427.701,424.66,422.499,526.99,507.593,601.935,429.196,423.507,530.067,501.508,599.206,409.924,407.254,515.773,515.057,612.036,408.986,407.904,515.9630000000002,514.461,613.977,432.741,432.573,535.8580000000002,535.357,612.491,433.676,432.8130000000001,536.144,535.572,610.095,601.217,598.775,22.2589,405.244,1149.1
2020-11-22 07:38:05,95.696,96.6117,96.978,97.2222,65.0488,64.9878,64.5604,64.3773,34.4628,33.4249,33.9133,32.5092,15.1099,14.8657,15.7814,14.9878,15.7814,14.6215,14.9878,14.8657,48.9866,19.2918,22.7106,31.8926,88.84,122.051,89.4261,69.4017,59,59,59,59,58.9438,59.4933,59.2491,59.6764,59,59,59,59,11.4469,11.2027,11.2637,11.8742,10.7143,10.8974,11.0195,11.7521,11.8132,12.4847,11.9963,12.1795,54.4872,56.1355,55.9524,55.5861,25.3053,24.6948,25.1221,25.0611,43.315,57.1123,41.9719,42.5824,32.265,33.3028,33.6691,32.0818,27.8083,27.8083,27.6252,27.9304,42.5214,42.2772,42.1551,41.6667,33.3028,33.9744,32.8144,34.2186,25.0611,24.7558,24.8779,24.8168,42.1551,41.9109,41.1783,42.1551,32.6923,33.3639,33.3028,32.326,25.3663,25.5495,25.1832,29.1514,42.7045,43.6203,41.6667,42.5824,15.6593,15.232,30.9829,15.4762,15.293,14.5604,38.9194,14.9878,16.0867,15.232,16.453,15.4151,35.3175,35.5006,36.0501,35.6838,97.2222,98.0769,97.2222,98.138,59.9817,59.188,60.1038,59.7375,59,59,59,59,59.6764,59.6764,59.6764,59.3712,5.7081800000000005,0.396825,9.92064,55.525,42.8877,45.9402,40.812,46.4896,35.98900000000001,45.757,2.77778,0.396825,1097.07,167.90900000000005,1393.45,0.0,1.0,1.0,1.0,1.0,0.0,0.07783949999999999,42.1627,42.1627,41.5919,41.7476,0.129731,13.8482,96.02,90.0321,92.9799,95.8234,0.0,8.00549,49.0044,0.0,0.0,-104.023,98.5763,95.1803,55.2523,338.55300000000005,49.6051,319.594,287.825,48.9982,427.701,424.66,422.499,526.99,507.593,601.935,429.196,423.507,530.21,501.508,599.206,409.924,407.254,515.773,515.057,612.036,408.986,407.904,515.9630000000002,514.461,613.977,432.741,432.573,535.8580000000002,535.357,612.491,433.676,432.8130000000001,536.144,535.572,610.095,601.217,598.775,22.2589,405.244,1148.56
2020-11-22 07:38:10,95.696,96.6117,96.978,97.2222,63.0952,64.9878,64.5604,64.3773,34.4628,33.4249,33.9133,32.5092,15.1099,14.8657,15.7814,14.9878,15.7814,14.6215,14.9878,14.8657,48.0098,19.2918,23.5897,30.9158,87.9609,120.879,90.5983,70.2808,59,59,59,59,58.9438,59.4933,59.2491,59.6764,59,59,59,59,11.4469,11.2027,11.2637,11.8742,10.7143,10.8974,11.0195,11.7521,11.8132,12.4847,11.9963,12.1795,54.4872,56.1355,55.9524,55.5861,25.3053,24.6948,25.1221,25.0611,43.315,57.1123,41.9719,42.5824,32.265,33.3028,33.6691,32.0818,27.8083,27.8083,27.6252,27.9304,42.5214,42.2772,42.1551,41.6667,33.3028,33.9744,32.8144,34.2186,25.0611,24.7558,24.8779,24.8168,42.1551,41.9109,41.1783,42.1551,32.6923,33.3639,33.3028,32.326,25.3663,25.5495,25.1832,29.1514,42.7045,43.6203,41.6667,42.5824,15.6593,15.232,30.9829,15.4762,15.293,14.5604,38.9194,14.9878,16.0867,15.232,16.453,15.4151,35.3175,35.5006,36.0501,35.6838,97.2222,98.0769,97.2222,98.138,59.9817,59.188,60.1038,59.7375,59,59,59,59,59.6764,59.6764,59.6764,59.3712,5.7081800000000005,0.396825,11.63,55.525,42.8877,45.9402,40.812,46.4896,35.98900000000001,45.757,2.77778,0.396825,1101.83,167.90900000000005,1387.65,0.0,1.0,1.0,1.0,1.0,0.0,0.07783949999999999,42.1627,42.1627,41.5919,41.7476,0.129731,14.5538,95.9685,89.9857,91.813,96.0751,0.0,8.00549,46.6543,0.0,0.0,-91.0884,98.5763,95.1803,54.5267,341.121,50.3771,323.4240000000001,287.825,48.9982,427.701,424.66,421.49,526.99,507.593,601.935,428.1880000000001,422.499,530.21,501.508,598.201,409.924,407.254,515.773,515.057,612.036,408.986,407.904,515.9630000000002,514.461,613.977,432.741,432.573,535.8580000000002,535.357,612.491,433.676,432.8130000000001,536.144,535.572,610.095,601.217,597.77,22.2589,404.715,1148.56
2020-11-22 07:38:15,95.696,96.6117,96.3675,97.2222,63.0952,64.9878,63.5836,64.3773,34.4628,33.4249,33.9133,32.5092,15.1099,14.8657,15.7814,15.5983,15.7814,14.6215,14.9878,14.8657,48.0098,20.2686,23.5897,31.7949,87.0818,119.707,90.5983,70.2808,59,59,59,59,58.9438,59.4933,59.2491,59.6764,59,59,59,59,11.4469,11.2027,11.2637,11.8742,10.7143,10.8974,11.0195,11.7521,11.8132,12.4847,11.9963,12.1795,54.4872,56.1355,55.9524,55.5861,25.3053,24.6948,25.1221,25.0611,43.315,57.1123,41.9719,42.5824,32.265,33.3028,33.6691,32.0818,27.8083,27.8083,27.6252,27.9304,42.5214,42.2772,42.1551,41.6667,33.3028,33.9744,32.8144,34.2186,25.0611,24.7558,24.8779,24.8168,42.1551,41.9109,41.1783,42.1551,32.6923,33.3639,33.3028,32.326,25.3663,24.5727,25.1832,29.1514,42.7045,43.6203,41.6667,42.5824,15.6593,15.232,30.9829,15.4762,15.293,14.5604,38.9194,14.9878,16.0867,15.232,16.453,15.4151,35.3175,35.5006,36.0501,35.6838,97.2222,98.0769,97.2222,98.138,59.9817,59.188,60.1038,59.7375,59,59,59,59,59.6764,59.6764,59.6764,59.3712,5.7081800000000005,0.396825,11.63,55.525,42.8877,45.9402,40.812,46.4896,35.98900000000001,45.757,2.77778,0.396825,1101.8,167.90900000000005,1391.24,0.0,1.0,1.0,1.0,1.0,0.0,0.07783949999999999,42.1627,42.1627,41.5919,42.2146,0.129731,14.5538,97.6075,89.9708,89.6862,96.0751,0.0,8.00549,48.8604,0.0,0.0,-65.9354,98.5763,95.1803,52.9286,344.787,49.7527,326.371,287.825,47.986,427.701,424.66,421.49,526.99,507.593,601.935,428.1880000000001,422.499,530.21,501.508,598.201,409.924,407.254,515.773,515.057,612.036,408.986,407.904,515.9630000000002,514.461,613.977,432.741,432.573,535.8580000000002,535.357,612.491,433.676,432.8130000000001,536.144,535.572,610.095,601.217,597.77,22.2589,404.715,1148.56
2020-11-22 07:38:20,95.696,96.6117,96.3675,97.2222,63.0952,64.9878,63.5836,63.4615,34.4628,33.4249,33.9133,32.5092,15.1099,14.8657,15.7814,15.5983,15.7814,14.6215,14.9878,14.8657,48.9866,19.3895,23.5897,31.7949,88.0586,121.661,89.6215,70.2808,59,59,59,59,58.9438,59.4933,59.2491,59.6764,59,59,59,59,11.4469,11.2027,11.2637,11.8742,10.7143,10.8974,11.0195,11.7521,11.8132,12.4847,11.9963,12.1795,54.4872,56.1355,55.9524,55.5861,25.3053,24.6948,25.1221,25.0611,43.315,57.1123,42.7656,42.5824,32.265,33.3028,33.6691,32.0818,27.8083,27.2589,27.6252,27.9304,42.5214,42.2772,42.1551,41.6667,33.3028,33.9744,32.265,34.2186,25.0611,24.7558,24.8779,24.8168,42.1551,41.9109,41.1783,42.1551,32.6923,33.3639,33.3028,32.326,25.3663,25.5495,25.1832,29.1514,42.7045,43.6203,41.6667,42.5824,15.6593,15.232,30.9829,15.4762,15.293,14.5604,38.9194,14.9878,16.0867,15.232,16.453,15.4151,35.3175,35.5006,36.0501,35.6838,97.2222,98.0769,97.2222,98.138,59.9817,59.188,60.1038,59.7375,59,59,59,59,59.6764,59.6764,59.6764,59.3712,5.7081800000000005,0.396825,11.63,55.525,42.8877,45.9402,40.812,46.4896,35.98900000000001,45.757,2.77778,0.396825,1104.17,167.90900000000005,1388.44,0.0,1.0,1.0,1.0,1.0,0.0,0.07783949999999999,42.1627,42.1627,41.5919,42.2146,0.129731,14.5538,95.1899,90.5848,92.8791,97.4068,0.0,8.00549,48.9081,0.0,0.0,-50.0132,98.5763,95.1803,52.9286,342.75,50.3996,326.954,287.825,47.986,427.701,423.651,421.49,526.99,507.593,601.935,428.1880000000001,422.499,530.21,501.508,598.201,409.924,407.254,515.773,515.057,612.036,408.986,407.904,514.937,514.461,612.97,432.741,432.573,535.8580000000002,535.357,612.491,433.676,432.8130000000001,536.144,535.572,610.095,601.217,597.77,22.0879,404.715,1148.56
2020-11-22 07:38:25,95.696,96.6117,96.3675,97.2222,63.0952,61.7521,63.0342,63.4615,34.4628,33.4249,33.9133,32.5092,15.1099,14.8657,15.7814,15.5983,15.7814,14.6215,14.9878,14.8657,48.9866,19.3895,23.5897,33.6508,89.0354,123.028,88.7424,69.1087,59,59,59,59,58.9438,59.4933,59.2491,59.6764,59,59,59,59,11.4469,11.2027,11.2637,11.8742,10.7143,10.8974,11.0195,11.7521,11.8132,12.4847,11.9963,12.1795,55.0366,56.1355,55.9524,55.5861,25.3053,24.6948,25.1221,25.0611,43.315,57.1123,42.7656,42.5824,32.265,33.3028,33.6691,32.0818,27.8083,27.8083,27.6252,27.9304,41.9719,42.2772,42.1551,41.6667,33.3028,33.9744,32.265,34.2186,25.0611,24.7558,24.8779,24.8168,42.1551,41.9109,41.1783,42.1551,32.6923,33.3639,33.3028,32.326,25.3663,25.5495,25.1832,29.1514,42.7045,43.6203,41.6667,42.5824,15.6593,15.232,30.9829,15.4762,15.293,15.1099,38.9194,14.9878,16.0867,15.232,16.453,15.4151,35.3175,35.5006,36.0501,35.6838,97.2222,98.0769,97.2222,98.138,59.9817,59.188,60.1038,59.7375,59,59,59,59,59.6764,59.6764,59.6764,59.3712,5.7081800000000005,0.396825,11.63,55.525,42.8877,45.9402,40.812,46.4896,35.98900000000001,45.757,2.77778,0.396825,1106.45,167.90900000000005,1386.51,0.0,1.0,1.0,1.0,1.0,0.0,0.07783949999999999,42.1627,42.1627,41.5919,42.2146,0.129731,14.5538,96.0056,92.651,88.7237,97.5257,0.0,8.104389999999999,48.3643,0.0,0.0,-23.5984,98.5763,95.1803,52.337,342.141,49.7781,323.736,287.825,47.986,427.701,423.651,421.49,526.99,507.593,601.935,428.1880000000001,422.499,530.21,501.508,598.201,409.924,407.254,515.773,515.057,612.036,408.986,407.904,514.937,514.461,612.97,432.741,432.573,535.8580000000002,535.357,612.491,433.676,432.8130000000001,536.144,535.572,610.095,601.217,597.77,22.0879,404.715,1149.78
2020-11-22 07:38:30,95.696,96.6117,96.3675,97.2222,61.569,61.2027,62.3626,63.4615,34.4628,33.4249,33.9133,32.5092,15.1099,14.8657,15.7814,15.5983,15.7814,14.6215,14.9878,14.8657,48.9866,20.3663,23.5897,33.6508,88.1563,123.028,89.6215,69.1087,59,59,59,59,58.9438,59.4933,59.2491,59.6764,59,59,59,59,11.4469,11.2027,11.2637,11.8742,10.7143,10.8974,11.0195,11.2027,11.8132,12.4847,11.9963,12.1795,55.0366,56.1355,55.9524,55.5861,25.3053,24.6948,25.1221,25.0611,43.315,57.1123,42.7656,42.5824,32.265,33.3028,33.6691,32.0818,27.8083,27.8083,27.6252,27.9304,41.9719,42.2772,42.1551,41.6667,33.3028,33.9744,32.265,34.2186,25.0611,24.7558,24.8779,24.8168,42.1551,41.9109,41.1783,42.1551,32.6923,33.3639,33.3028,32.326,25.3663,24.6337,25.1832,29.1514,42.7045,43.6203,41.6667,42.5824,15.6593,15.232,30.9829,15.4762,15.293,15.1099,38.9194,14.9878,16.0867,15.232,16.453,15.4151,35.3175,35.5006,36.0501,35.6838,97.2222,98.0769,97.2222,98.138,59.9817,59.188,60.1038,59.7375,59,59,59,59,59.6764,59.6764,59.6764,59.3712,5.7081800000000005,0.396825,11.63,55.525,42.8877,45.9402,42.8266,46.4896,35.98900000000001,45.757,2.77778,0.396825,1100.61,167.90900000000005,1390.58,0.0,1.0,1.0,1.0,1.0,0.0,0.07783949999999999,42.1627,42.1627,41.5919,42.2146,0.129731,14.5538,97.2633,90.854,90.9677,95.9679,0.0,8.104389999999999,47.5116,0.0,0.0,-5.98175,98.5763,95.1803,52.9393,340.992,48.5883,319.814,287.825,47.986,427.701,423.651,421.49,525.988,507.593,601.935,428.1880000000001,422.499,530.21,502.63,598.201,409.924,407.254,515.773,515.057,612.036,408.986,407.904,514.937,514.461,612.97,432.741,432.573,535.8580000000002,535.357,612.491,433.676,432.8130000000001,536.144,535.572,610.095,601.217,597.77,22.0879,404.186,1149.78
2020-11-22 07:38:35,95.696,96.6117,96.3675,97.2222,61.569,61.2027,62.3626,62.6068,34.4628,33.4249,33.9133,32.5092,15.1099,14.8657,15.7814,15.5983,15.7814,14.6215,14.9878,14.8657,48.9866,20.3663,23.5897,34.6276,88.1563,121.465,89.6215,67.8388,59,59,59,59,58.9438,59.4933,59.2491,59.6764,59,59,59,59,11.4469,11.2027,11.2637,11.8742,10.7143,10.8974,11.0195,11.2027,11.8132,12.4847,12.5458,12.1795,55.0366,56.1355,55.9524,55.5861,25.3053,24.6948,25.1221,25.0611,43.315,57.1123,42.7656,42.5824,32.265,33.3028,33.6691,32.0818,27.8083,27.8083,27.6252,27.9304,41.9719,42.2772,42.1551,41.6667,33.3028,33.9744,32.265,34.2186,25.0611,24.7558,24.8779,24.8168,42.1551,41.9109,41.1783,42.1551,32.6923,33.3639,33.3028,32.326,25.3663,25.2442,25.1832,29.1514,42.7045,43.6203,41.6667,42.5824,15.6593,15.232,30.9829,15.4762,15.293,15.1099,38.9194,14.9878,16.0867,15.232,16.453,15.4151,35.3175,35.5006,36.0501,35.6838,97.2222,98.0769,97.2222,98.138,59.9817,59.188,60.1038,59.7375,59,59,59,59,59.6764,59.6764,59.6764,59.3712,5.7081800000000005,0.396825,11.63,55.525,40.9341,45.9402,42.8266,46.4896,35.98900000000001,45.757,2.77778,0.396825,1099.51,167.90900000000005,1386.32,0.0,1.0,1.0,1.0,1.0,0.0,0.07783949999999999,42.1627,42.1627,41.5919,42.2146,0.129731,15.186,96.0981,89.2458,90.9677,95.9679,0.0,8.104389999999999,48.159,0.0,0.0,-1.08815,98.5763,95.1803,53.5428,339.63699999999994,47.3237,319.205,287.825,47.986,427.701,423.651,421.49,525.988,507.593,601.935,428.1880000000001,422.499,530.21,502.63,598.201,409.924,407.254,515.773,515.057,612.036,408.986,407.904,514.937,514.461,612.97,432.741,432.573,535.8580000000002,535.357,612.491,433.676,432.8130000000001,536.144,535.572,610.095,601.217,597.77,22.0879,405.244,1149.78
2020-11-22 07:38:40,95.696,95.9402,96.3675,97.2222,61.569,60.8974,62.3626,62.0574,34.4628,33.4249,33.9133,32.5092,15.1099,14.8657,15.7814,15.5983,15.7814,14.6215,14.9878,14.8657,48.9866,19.2918,23.5897,34.6276,86.0073,122.54,89.6215,68.7179,59,59,59,59,58.9438,59.4933,59.2491,59.6764,59,59,59,59,11.4469,11.2027,11.2637,11.8742,10.7143,10.8974,11.0195,11.2027,11.8132,12.4847,12.5458,12.1795,55.0366,56.1355,55.9524,55.5861,25.3053,24.6948,25.1221,25.0611,43.315,57.1123,42.7656,42.5824,32.265,33.3028,33.1197,32.0818,27.8083,27.8083,27.6252,27.9304,41.9719,42.2772,42.1551,41.6667,33.3028,33.9744,32.265,34.2186,25.0611,24.7558,24.8779,24.8168,42.1551,41.9109,41.1783,42.1551,32.6923,33.3639,33.3028,32.326,25.3663,25.7936,25.1832,29.1514,42.7045,43.6203,41.6667,42.5824,15.6593,15.232,30.9829,15.4762,15.293,15.1099,38.9194,14.9878,16.0867,15.232,16.453,15.4151,35.3175,35.5006,36.0501,35.6838,97.2222,98.0769,97.2222,98.138,59.9817,59.188,60.1038,59.7375,59,59,59,59,59.6764,59.6764,59.6764,59.3712,5.7081800000000005,0.396825,11.63,55.525,40.9341,45.9402,42.8266,46.4896,35.98900000000001,45.757,2.77778,0.396825,1099.49,167.90900000000005,1381.77,0.0,1.0,1.0,1.0,1.0,0.0,0.07783949999999999,42.1627,42.1627,41.5919,42.2146,0.129731,15.7887,95.1893,89.7528,92.3412,95.5772,0.0,8.104389999999999,45.103,0.0,0.0,0.185527,98.5763,95.1803,53.5428,338.615,48.6346,322.178,287.825,47.986,427.701,423.651,421.49,525.988,507.593,601.935,427.18,422.499,530.21,502.63,598.201,409.924,407.254,515.773,515.057,612.036,408.986,407.904,514.937,514.461,612.97,432.741,432.573,535.8580000000002,535.357,612.491,433.676,432.8130000000001,536.144,535.572,610.095,601.217,597.77,22.0879,404.186,1149.78
2020-11-22 07:38:45,95.696,95.9402,95.8181,97.2222,61.569,61.4469,61.3248,61.2027,34.4628,33.4249,33.9133,32.5092,15.1099,14.8657,15.7814,15.5983,15.7814,14.6215,14.9878,14.8657,48.9866,20.2686,23.5897,34.6276,84.9328,122.54,88.7424,68.7179,59,59,59,59,58.9438,59.4933,59.2491,59.6764,59,59,59,59,11.4469,11.2027,11.2637,11.8742,10.7143,10.8974,11.0195,11.2027,11.8132,12.4847,12.5458,12.1795,55.0366,56.1355,55.9524,55.5861,25.3053,24.6948,25.1221,25.0611,43.315,57.1123,42.7656,42.5824,32.265,33.3028,32.5092,32.0818,27.8083,27.8083,27.6252,27.9304,41.9719,42.2772,42.1551,41.6667,33.3028,33.9744,32.8144,34.2186,25.0611,24.7558,24.8779,24.8168,42.1551,41.9109,41.1783,42.1551,32.6923,33.3639,33.3028,32.326,25.3663,25.7936,25.1832,29.1514,42.7045,43.6203,41.6667,42.5824,15.6593,15.232,30.9829,15.4762,15.293,15.1099,38.9194,14.9878,16.0867,15.232,16.453,15.4151,35.3175,35.5006,36.0501,35.6838,97.2222,98.0769,97.2222,98.138,59.9817,59.188,60.1038,59.7375,59,59,59,59,59.6764,59.6764,59.6764,59.3712,5.7081800000000005,0.396825,11.63,55.525,40.9341,45.9402,42.8266,46.4896,35.98900000000001,45.757,2.77778,0.396825,1100.58,167.90900000000005,1378.42,0.0,1.0,1.0,1.0,1.0,0.0,0.07783949999999999,42.1627,42.1627,41.5919,42.2146,0.129731,16.4209,97.9238,87.5743,91.4544,95.5772,0.0,8.104389999999999,46.2156,0.0,0.0,4.46151,98.5763,95.1803,55.6367,336.838,49.8979,323.584,287.825,47.986,427.701,423.651,420.481,525.988,507.593,601.935,427.18,421.49,530.21,502.63,598.201,409.924,407.254,515.773,515.057,612.036,408.986,407.904,514.937,514.461,612.97,432.741,432.573,535.8580000000002,535.357,612.491,433.676,432.8130000000001,535.118,534.5459999999998,610.095,601.217,597.77,22.0879,404.715,1149.21
2020-11-22 07:38:50,95.0244,95.9402,95.8181,96.6728,60.2869,61.4469,60.5311,61.2027,34.4628,33.4249,33.9133,32.5092,15.1099,14.8657,15.7814,15.5983,15.7814,14.6215,14.9878,14.8657,48.9866,20.2686,23.5897,33.7485,84.9328,121.27,88.7424,69.6947,59,59,59,59,58.9438,59.4933,59.2491,59.6764,59,59,59,59,11.4469,11.2027,11.2637,11.8742,10.7143,10.8974,11.0195,11.2027,11.8132,12.4847,12.5458,12.1795,55.0366,56.1355,55.9524,55.5861,25.3053,24.6948,25.1221,25.0611,43.315,57.1123,42.7656,42.5824,32.265,33.3028,31.9597,31.4713,27.8083,27.8083,27.6252,27.9304,41.9719,42.2772,42.1551,41.6667,33.3028,33.9744,32.8144,34.2186,25.0611,24.7558,24.8779,24.8168,42.1551,41.9109,41.1783,42.1551,32.6923,33.3639,33.3028,32.326,25.3663,24.8168,25.1832,29.1514,42.7045,43.6203,41.6667,42.5824,15.6593,15.232,30.9829,15.4762,15.293,15.1099,38.9194,14.9878,16.0867,15.232,16.453,15.4151,35.3175,35.5006,36.0501,35.6838,97.2222,98.0769,97.2222,98.138,59.9817,59.188,60.1038,59.7375,59,59,59,59,59.6764,59.6764,59.6764,59.3712,5.7081800000000005,0.396825,11.63,55.525,40.9341,45.9402,42.8266,46.4896,35.98900000000001,45.757,2.77778,0.396825,1098.29,167.90900000000005,1385.76,0.0,1.0,1.0,1.0,1.0,0.0,0.07783949999999999,42.1627,42.1627,41.5919,42.2146,0.129731,16.4209,98.0017,88.4468,90.4751,96.9638,0.0,8.104389999999999,45.1246,0.0,0.0,9.53991,98.5763,95.1803,54.3105,338.74,49.9454,322.531,287.825,47.986,427.701,422.643,420.481,525.988,507.593,601.935,427.18,421.49,530.21,502.63,598.201,409.924,407.254,515.773,515.057,612.036,408.986,407.904,514.937,514.461,612.97,432.741,432.573,535.8580000000002,535.357,612.491,433.676,432.8130000000001,535.118,534.5459999999998,609.089,601.217,597.77,22.0879,404.715,1148.67
2020-11-22 07:38:55,95.0244,95.3297,95.2686,96.6728,60.2869,61.4469,60.5311,59.7985,34.4628,33.4249,33.9133,32.5092,15.1099,14.8657,15.7814,15.5983,15.7814,14.6215,14.9878,14.8657,48.9866,20.2686,23.5897,33.7485,86.0073,119.707,89.6215,69.6947,59,59,59,59,58.9438,59.4933,59.2491,59.6764,59,59,59,59,11.4469,11.2027,11.2637,11.8742,10.7143,10.8974,11.0195,11.2027,11.8132,12.4847,12.5458,12.1795,55.0366,56.1355,55.9524,55.5861,25.3053,24.6948,25.1221,25.0611,43.315,57.1123,42.7656,42.5824,32.265,33.3028,31.3492,31.4713,27.8083,27.8083,27.6252,27.9304,41.9719,42.2772,42.1551,41.6667,33.3028,33.9744,32.8144,34.2186,25.0611,24.7558,24.8779,24.8168,42.1551,41.9109,41.1783,42.1551,32.6923,33.3639,33.3028,32.326,25.3663,25.4274,25.1832,29.1514,42.7045,43.6203,41.6667,42.5824,15.6593,15.232,30.9829,15.4762,15.293,15.1099,38.9194,14.9878,16.0867,15.232,16.453,15.4151,35.3175,35.5006,36.0501,35.6838,97.2222,98.0769,97.2222,98.138,59.9817,59.188,60.1038,59.7375,59,59,59,59,59.6764,59.6764,59.6764,59.3712,5.7081800000000005,0.396825,11.63,55.525,40.9341,45.9402,42.8266,46.4896,35.98900000000001,45.757,2.77778,0.396825,1100.65,167.90900000000005,1376.22,0.0,1.0,1.0,1.0,1.0,0.0,0.07783949999999999,42.1627,42.1627,41.5919,42.2146,0.129731,16.4209,95.6395,88.6977,91.9537,96.9638,0.0,8.104389999999999,44.3686,0.0,0.0,3.49264,98.5763,95.1803,52.4417,343.97,48.6809,320.6020000000001,287.825,46.9693,427.701,422.643,420.481,525.988,507.593,601.935,427.18,421.49,530.21,502.63,598.201,409.924,407.254,515.773,515.057,612.036,408.986,407.904,514.937,513.434,612.97,432.741,432.573,535.8580000000002,535.357,612.491,433.676,432.8130000000001,535.118,534.5459999999998,609.089,601.217,597.77,22.0879,404.715,1148.67
2020-11-22 07:39:00,95.0244,95.3297,95.2686,95.9402,60.2869,57.4176,59.4322,59.7985,34.4628,33.4249,33.9133,32.5092,15.1099,14.8657,15.7814,14.9267,15.7814,14.6215,14.9878,14.8657,48.9866,19.1941,23.5897,34.6276,86.9841,120.781,90.989,69.6947,59,59,59,59,58.9438,59.4933,59.2491,59.6764,59,59,59,59,11.4469,11.2027,11.2637,11.8742,10.7143,10.8974,11.0195,11.2027,11.8132,12.4847,11.9353,12.1795,55.0366,56.1355,55.9524,55.5861,25.3053,24.6948,25.1221,25.0611,43.315,57.1123,42.7656,42.5824,32.265,33.3028,30.7387,30.7387,27.8083,27.8083,27.6252,27.9304,41.9719,42.2772,42.1551,41.6667,33.3028,33.9744,32.8144,34.2186,25.0611,24.7558,24.8779,24.8168,42.1551,42.4603,41.1783,42.1551,32.6923,33.3639,33.3028,32.326,25.3663,25.4274,25.1832,29.1514,42.7045,43.6203,41.6667,42.5824,15.6593,15.232,30.9829,15.4762,15.293,15.1099,38.9194,14.9878,16.0867,15.232,16.453,15.4151,35.3175,35.5006,36.0501,35.6838,97.2222,98.0769,97.2222,98.138,59.9817,59.188,60.1038,59.7375,59,59,59,59,59.6764,59.6764,59.6764,59.3712,5.7081800000000005,0.396825,11.63,55.525,40.9341,45.9402,42.8266,46.4896,35.98900000000001,45.757,2.77778,0.396825,1101.82,168.428,1379.76,0.0,1.0,1.0,1.0,1.0,0.0,0.07783949999999999,42.1627,42.1627,41.5919,42.2146,0.129731,15.627,96.6171,90.7271,91.9537,96.0466,0.0,8.104389999999999,44.4516,0.0,0.0,2.2478700000000003,98.5763,95.1803,51.8393,347.952,48.6346,318.4190000000001,287.825,46.9693,427.701,422.643,420.481,525.988,507.593,601.935,427.18,421.49,530.21,502.63,598.201,409.924,407.254,515.773,515.057,612.036,408.986,407.904,514.937,513.434,612.97,432.741,432.573,535.8580000000002,535.357,612.491,433.676,432.8130000000001,535.118,534.5459999999998,609.089,601.217,597.77,22.0879,404.186,1148.67
2020-11-22 07:39:05,95.0244,95.3297,95.8181,95.3907,58.0281,57.4176,59.4322,59.188,34.4628,33.4249,33.9133,32.5092,15.1099,14.8657,15.7814,15.7204,15.7814,14.6215,14.9878,14.8657,48.9866,19.1941,23.5897,34.6276,86.105,120.781,90.989,69.6947,59,59,59,59,58.9438,59.4933,59.2491,59.6764,59,59,59,59,11.4469,11.2027,11.2637,11.8742,10.7143,10.8974,11.0195,11.2027,11.8132,12.4847,11.9353,12.1795,55.0366,56.1355,55.9524,55.5861,25.3053,24.6948,25.1221,25.0611,43.315,57.1123,42.7656,42.5824,32.265,33.3028,33.7912,30.7387,27.8083,27.8083,27.6252,27.9304,42.5214,42.2772,42.1551,41.6667,33.3028,33.9744,32.8144,34.2186,25.0611,24.7558,24.8779,24.8168,42.1551,42.4603,41.1783,42.1551,32.6923,33.3639,33.3028,32.326,25.3663,25.4274,25.1832,29.1514,42.7045,43.6203,41.6667,42.5824,15.6593,15.232,30.9829,15.4762,15.293,15.1099,38.9194,14.9878,16.0867,15.232,16.453,15.4151,35.3175,35.5006,36.0501,35.6838,97.2222,98.0769,97.2222,98.138,59.9817,59.188,60.1038,59.7375,59,59,59,59,59.6764,59.6764,59.6764,59.3712,5.7081800000000005,0.396825,11.63,55.525,40.9341,45.9402,42.8266,46.4896,35.98900000000001,45.757,2.77778,0.396825,1103.01,168.428,1372.42,0.0,1.0,1.0,1.0,1.0,0.0,0.07783949999999999,42.1627,42.1627,41.5919,42.2146,0.129731,15.627,96.7732,88.1876,92.9704,96.0466,0.0,8.104389999999999,46.8776,0.0,0.0,-16.208,98.5763,95.1803,51.0653,350.85,47.4139,316.688,287.825,46.9693,426.669,422.643,420.481,525.988,507.593,601.935,427.18,421.49,530.067,502.63,598.201,409.924,407.254,515.773,515.057,612.036,408.986,407.904,514.937,513.434,612.97,432.741,432.573,535.8580000000002,535.357,612.491,433.676,432.8130000000001,535.118,534.5459999999998,609.089,601.217,597.77,22.0879,403.657,1148.67
2020-11-22 07:39:10,95.0244,95.3297,95.8181,95.3907,58.0281,57.4176,59.4322,59.188,34.4628,33.4249,33.9133,32.5092,15.1099,14.8657,15.7814,15.7204,15.7814,14.6215,14.9878,14.8657,48.9866,19.1941,22.7106,33.5531,84.9328,121.661,90.989,69.6947,59,59,59,59,58.9438,59.4933,59.2491,59.6764,59,59,59,59,11.4469,11.2027,11.2637,11.8742,10.7143,11.4469,11.0195,11.2027,11.8132,12.4847,11.9353,12.1795,55.0366,56.1355,55.9524,55.5861,25.3053,24.6948,25.1221,25.0611,43.315,57.1123,42.7656,42.5824,32.265,33.3028,33.7912,30.7387,27.8083,27.8083,27.6252,27.9304,42.5214,42.2772,42.1551,41.6667,33.3028,33.9744,32.8144,34.2186,25.0611,24.7558,24.8779,24.8168,42.1551,41.8498,41.1783,42.1551,32.6923,33.3639,33.3028,32.326,25.3663,25.6716,25.1832,29.1514,42.7045,43.6203,41.6667,42.5824,15.6593,15.232,30.9829,15.4762,15.293,15.1099,38.9194,14.9878,16.0867,15.232,16.453,15.4151,35.3175,35.5006,36.0501,35.6838,97.2222,98.0769,97.2222,98.138,59.9817,59.188,60.1038,59.7375,59,59,59,59,59.6764,59.6764,59.6764,59.3712,5.7081800000000005,0.396825,11.63,55.525,40.9341,45.9402,42.8266,46.4896,35.98900000000001,45.757,2.77778,0.396825,1104.09,168.428,1376.86,0.0,1.0,1.0,1.0,1.0,0.0,0.07783949999999999,42.1627,42.1627,41.5919,42.2146,0.129731,15.627,97.9215,89.0455,91.4849,97.3999,0.0,8.104389999999999,45.4531,0.0,0.0,-8.19572,98.5763,95.1803,51.0653,347.736,46.8045,315.491,287.825,46.9693,426.669,422.643,420.481,524.986,507.593,600.93,426.172,421.49,530.067,502.63,598.201,409.924,407.254,515.773,515.057,612.036,408.986,407.904,514.937,513.434,612.97,432.741,432.573,535.8580000000002,535.357,612.491,433.676,432.8130000000001,535.118,534.5459999999998,609.089,601.217,597.77,22.0879,404.186,1148.67
2020-11-22 07:39:15,95.0244,95.3297,95.8181,95.3907,58.0281,57.4176,59.4322,59.188,34.4628,33.4249,33.9133,32.5092,15.1099,14.8657,15.7814,15.7204,15.7814,14.6215,14.9878,14.8657,48.0098,20.0733,22.7106,33.5531,84.9328,120.586,89.7192,68.8156,59,59,59,59,58.9438,59.4933,59.2491,59.6764,59,59,59,59,11.4469,11.2027,11.2637,11.8742,10.7143,10.7753,11.0195,11.2027,11.8132,12.4847,12.4847,12.1795,55.0366,56.1355,55.9524,55.5861,25.3053,24.6948,25.1221,25.0611,43.315,57.1123,42.7656,42.5824,32.265,33.3028,33.7912,30.7387,27.8083,27.8083,27.6252,27.9304,42.5214,42.2772,42.1551,41.6667,33.3028,33.9744,32.8144,34.2186,25.0611,24.7558,24.8779,24.8168,42.1551,41.8498,41.1783,42.1551,32.6923,33.3639,33.3028,32.326,25.3663,25.6716,25.1832,29.1514,42.7045,43.6203,41.6667,42.5824,15.6593,15.232,30.9829,15.4762,15.293,15.1099,38.9194,14.9878,16.0867,15.232,16.453,15.4151,35.3175,35.5006,36.0501,35.6838,97.2222,98.0769,97.2222,98.138,59.9817,59.188,60.1038,59.7375,59,59,59,59,59.6764,59.6764,59.6764,59.3712,5.7081800000000005,0.396825,11.63,55.525,40.9341,45.9402,42.8266,46.4896,35.98900000000001,45.757,2.77778,0.396825,1105.26,167.91400000000004,1383.39,0.0,1.0,1.0,1.0,1.0,0.0,0.07783949999999999,42.1627,42.1627,41.5919,42.2146,0.129731,15.627,95.88,88.1701,91.4849,95.8208,0.0,8.104389999999999,46.1015,0.0,0.0,-30.2412,98.5763,95.1803,51.7192,344.107,46.1886,314.934,287.825,46.9693,426.669,422.643,419.473,524.986,507.593,600.93,426.172,420.481,529.924,502.63,597.196,409.924,407.254,515.773,515.057,611.03,408.986,407.904,514.937,513.434,612.97,432.741,432.573,535.8580000000002,535.357,612.491,433.676,432.8130000000001,535.118,534.5459999999998,609.089,601.217,596.765,22.0879,404.186,1149.18
2020-11-22 07:39:20,95.0244,95.3297,95.2686,94.8413,58.0281,57.4176,58.8828,59.188,34.4628,33.4249,33.3639,32.5092,15.1099,14.8657,15.7814,15.7204,15.7814,14.6215,14.9878,14.8657,48.0098,20.0733,21.7338,33.5531,85.81200000000003,119.316,89.7192,68.8156,59,59,59,59,58.9438,59.4933,59.2491,59.6764,59,59,59,59,11.4469,11.2027,11.2637,11.8742,10.7143,10.7753,11.0195,11.2027,11.8132,12.4847,12.4847,12.1795,55.0366,56.1355,55.9524,55.5861,25.3053,24.6948,25.1221,25.0611,43.315,57.1123,42.7656,42.5824,32.265,33.3028,33.7912,35.3175,27.8083,27.8083,27.6252,27.9304,42.5214,42.2772,42.1551,41.6667,33.3028,33.9744,32.8144,34.2186,25.0611,24.7558,24.8779,24.8168,42.1551,41.8498,41.1783,42.1551,32.6923,33.3639,33.3028,32.326,25.3663,25.6716,25.1832,29.1514,42.7045,43.6203,41.6667,42.5824,15.6593,15.232,30.9829,15.4762,15.293,15.1099,38.9194,14.9878,16.0867,15.232,16.453,15.4151,35.3175,35.5006,36.0501,35.6838,97.2222,98.0769,97.2222,98.138,59.9817,59.188,60.1038,59.7375,59,59,59,59,59.6764,59.6764,59.6764,59.3712,5.7081800000000005,0.396825,11.63,55.525,40.9341,45.9402,42.8266,46.4896,35.98900000000001,45.757,2.77778,0.396825,1100.52,167.91400000000004,1385.28,0.0,1.0,1.0,1.0,1.0,0.0,0.07783949999999999,42.1627,42.1627,41.5919,42.2146,0.129731,15.627,97.2176,91.0277,93.4624,97.1756,0.0,8.104389999999999,44.1746,0.0,0.0,-39.9824,98.5763,95.1803,53.2765,342.545,46.1886,314.934,287.825,46.9693,426.669,422.643,419.473,524.986,507.593,600.93,426.172,420.481,529.924,502.63,597.196,409.924,407.254,515.773,515.057,611.03,408.986,407.904,514.937,513.434,612.97,432.741,432.573,535.8580000000002,535.357,612.491,432.62,432.8130000000001,535.118,534.5459999999998,609.089,601.217,596.765,22.0879,402.071,1149.18
2020-11-22 07:39:25,95.0244,95.3297,95.2686,94.8413,58.0281,57.4176,58.8828,58.6386,34.4628,33.4249,32.8144,32.5092,15.1099,14.8657,15.7814,15.7204,15.7814,14.6215,14.9878,14.8657,46.9353,20.0733,21.7338,33.5531,85.81200000000003,118.437,89.7192,67.8388,59,59,59,59,58.9438,59.4933,59.2491,59.6764,59,59,59,59,11.4469,11.2027,11.2637,11.8742,10.7143,10.7753,11.0195,11.2027,11.8132,12.4847,12.4847,12.1795,54.4872,56.1355,55.9524,55.5861,25.3053,24.6948,25.1221,25.0611,43.315,57.1123,42.7656,42.5824,32.265,33.3028,33.7912,35.3175,27.8083,27.8083,27.6252,27.9304,42.5214,42.2772,42.1551,41.6667,33.3028,33.9744,32.8144,34.2186,25.0611,24.7558,24.8779,24.8168,42.1551,41.8498,41.1783,42.1551,32.6923,33.3639,33.3028,32.326,25.3663,24.9389,25.1832,29.1514,42.7045,43.6203,41.6667,42.5824,15.6593,15.232,30.9829,15.4762,15.293,15.1099,38.9194,14.9878,16.0867,15.232,16.453,15.4151,35.3175,35.5006,36.0501,35.6838,97.2222,98.0769,97.2222,98.138,59.9817,59.188,60.1038,59.7375,59,59,59,59,59.6764,59.6764,59.6764,59.3712,5.7081800000000005,0.396825,11.63,55.525,40.9341,45.9402,42.8266,46.4896,35.98900000000001,45.757,2.77778,0.396825,1095.73,167.91400000000004,1375.15,0.0,1.0,1.0,1.0,1.0,0.0,0.07783949999999999,42.1627,42.1627,41.5919,42.2146,0.129731,15.627,97.2176,87.6489,92.3664,96.4986,0.0,8.104389999999999,46.9861,0.0,0.0,-14.7654,98.5763,95.1803,53.9855,342.545,46.1886,316.05,287.825,46.9693,426.669,421.634,419.473,524.986,507.593,600.93,426.172,420.481,529.781,502.63,597.196,409.924,407.254,515.773,515.057,611.03,408.986,407.904,514.937,513.434,612.97,431.685,432.573,535.8580000000002,535.357,612.491,432.62,432.8130000000001,535.118,534.5459999999998,609.089,600.211,596.765,22.0879,403.657,1148.55
2020-11-22 07:39:30,95.0244,95.3297,95.2686,94.8413,58.0281,57.4176,58.8828,58.6386,34.4628,33.4249,32.265,32.5092,15.1099,14.8657,15.7814,15.7204,15.7814,14.6215,14.9878,14.8657,49.0842,20.0733,21.7338,33.5531,84.7375,118.437,89.7192,67.8388,59,59,59,59,58.9438,59.4933,59.2491,59.6764,59,59,59,59,11.4469,11.2027,11.2637,11.8742,10.7143,10.7753,11.0195,11.2027,11.8132,12.4847,12.4847,12.1795,54.4872,56.1355,55.9524,55.5861,25.3053,24.6948,25.1221,25.0611,43.315,57.1123,42.7656,42.5824,32.265,33.3028,33.7912,35.3175,27.8083,27.8083,27.6252,27.381,42.5214,42.2772,42.1551,41.6667,33.3028,33.9744,32.8144,34.2186,25.0611,24.7558,24.8779,24.8168,42.1551,41.8498,41.1783,42.1551,32.6923,33.3639,33.3028,32.326,25.3663,25.4884,25.1832,29.1514,42.7045,43.6203,41.6667,42.5824,15.6593,15.232,30.9829,15.4762,15.293,15.1099,38.9194,14.9878,16.0867,15.232,16.453,15.4151,35.3175,35.5006,36.0501,35.6838,97.2222,98.0769,97.2222,98.138,59.9817,59.188,60.1038,59.7375,59,59,59,59,59.6764,59.6764,59.6764,59.3712,5.7081800000000005,0.396825,11.63,55.525,40.9341,45.9402,42.8266,46.4896,35.98900000000001,45.757,2.77778,0.396825,1093.26,167.91400000000004,1387.4,0.0,1.0,1.0,1.0,1.0,0.0,0.07783949999999999,42.1627,42.1627,41.5919,42.2146,0.129731,15.627,96.555,90.7682,93.2521,97.0989,0.0,8.104389999999999,45.3955,0.0,0.0,-26.4457,98.5763,95.1803,54.5322,342.001,46.187,317.613,287.825,46.9693,426.669,421.634,419.473,524.986,507.593,600.93,426.172,420.481,529.781,503.632,597.196,409.924,407.254,514.7230000000002,514.007,611.03,408.986,407.904,514.937,513.434,612.97,431.685,432.573,535.8580000000002,535.357,612.491,432.62,432.8130000000001,535.118,534.5459999999998,609.089,600.211,596.765,22.0879,404.186,1147.4
2020-11-22 07:39:35,95.0244,95.3297,95.2686,97.2222,58.0281,57.4176,58.8828,58.6386,34.4628,33.4249,33.1197,32.5092,15.1099,14.8657,15.7814,15.7204,15.7814,14.6215,14.9878,14.8657,49.0842,20.0733,22.7106,33.5531,85.6166,118.437,88.3516,68.8156,59,59,59,59,58.9438,59.4933,59.2491,59.6764,59,59,59,59,11.4469,11.2027,11.2637,11.8742,10.7143,10.7753,11.0195,11.2027,11.8132,12.4847,11.9353,12.1795,55.0366,56.1355,55.9524,55.5861,25.3053,24.6948,25.1221,25.0611,43.315,57.1123,42.7656,42.5824,32.265,33.3028,33.7912,34.5238,27.8083,27.8083,27.6252,27.381,42.5214,42.2772,42.1551,41.6667,33.3028,33.9744,32.8144,34.2186,25.0611,24.7558,24.8779,24.8168,42.1551,41.8498,41.1783,42.1551,32.6923,33.3639,33.3028,32.326,25.3663,25.4884,25.1832,29.1514,42.7045,43.6203,41.6667,42.5824,15.6593,15.232,30.9829,15.4762,15.293,15.1099,38.9194,14.9878,16.0867,15.232,16.453,15.4151,35.3175,35.5006,36.0501,35.6838,97.2222,98.0769,97.2222,98.138,59.9817,59.188,60.1038,59.7375,59,59,59,59,59.6764,59.6764,59.6764,59.3712,5.7081800000000005,0.396825,11.63,55.525,40.9341,45.9402,42.8266,46.4896,35.98900000000001,45.757,2.77778,0.396825,1089.74,167.91400000000004,1384.79,0.0,1.0,1.0,1.0,1.0,0.0,0.07783949999999999,42.1627,42.1627,41.5919,42.2146,0.129731,14.9949,96.555,89.5778,92.8859,95.6199,0.0,8.104389999999999,46.5142,0.0,0.0,-13.7785,98.5763,95.1803,53.4194,342.677,46.0127,319.217,287.825,45.9006,426.669,421.634,419.473,524.986,507.593,600.93,426.172,420.481,529.637,503.632,597.196,409.924,407.254,514.7230000000002,514.007,611.03,408.986,407.904,514.937,513.434,612.97,431.685,432.573,535.8580000000002,535.357,612.491,432.62,432.8130000000001,535.118,534.5459999999998,609.089,600.211,596.765,22.0879,404.715,1145.58
2020-11-22 07:39:40,94.475,95.3297,95.2686,95.8181,58.0281,57.4176,58.8828,58.6386,34.4628,33.4249,33.1197,32.5092,15.1099,14.8657,15.7814,15.7204,15.7814,15.1709,14.9878,14.8657,49.0842,20.0733,22.7106,32.674,85.6166,117.46,88.3516,68.8156,59,59,59,59,58.9438,59.4933,59.2491,59.6764,59,59,59,59,11.4469,11.2027,11.2637,11.8742,10.7143,10.7753,11.0195,11.2027,11.8132,12.4847,11.9353,12.1795,55.0366,56.1355,55.9524,55.5861,25.3053,24.6948,25.1221,25.0611,43.315,57.1123,42.7656,42.5824,32.265,33.3028,33.7912,33.9744,27.8083,27.8083,27.6252,27.381,42.5214,42.2772,42.1551,41.6667,33.3028,33.9744,32.8144,34.2186,25.0611,24.7558,24.8779,24.8168,42.1551,41.8498,41.1783,42.1551,32.6923,33.3639,33.3028,32.326,25.3663,25.4884,25.1832,29.1514,42.7045,43.6203,41.6667,42.5824,15.6593,15.232,30.9829,15.4762,15.293,15.1099,38.9194,14.9878,16.0867,15.232,16.453,15.4151,35.3175,35.5006,36.0501,35.6838,97.2222,98.0769,97.2222,98.138,59.9817,59.188,60.1038,59.7375,59,59,59,59,59.6764,59.6764,59.6764,59.3712,5.7081800000000005,0.396825,11.63,55.525,40.9341,45.9402,42.8266,46.4896,35.98900000000001,45.757,2.77778,0.396825,1089.73,168.47099999999998,1376.57,0.0,1.0,1.0,1.0,1.0,0.0,0.07783949999999999,42.1627,42.1627,41.5919,42.2146,0.129731,14.9949,98.0764,89.8024,91.3993,96.0939,0.0,8.104389999999999,45.5372,0.0,0.0,-6.3197,98.5763,95.1803,52.8112,342.677,46.5371,318.655,287.825,45.9006,426.669,421.634,419.473,524.986,506.566,600.93,425.164,420.481,529.637,503.632,597.196,409.924,407.254,514.7230000000002,514.007,611.03,408.986,407.904,514.937,513.434,611.964,431.685,432.573,535.8580000000002,535.357,612.491,432.62,432.8130000000001,535.118,534.5459999999998,609.089,600.211,596.765,21.917,404.715,1144.26
2020-11-22 07:39:45,94.475,95.3297,95.2686,95.8181,58.0281,57.4176,58.8828,58.6386,34.4628,33.4249,33.1197,32.5092,15.1099,14.8657,15.7814,15.7204,15.7814,15.1709,14.9878,14.8657,49.0842,20.0733,23.7851,31.6972,85.6166,118.437,88.3516,68.8156,59,59,59,59,58.9438,59.4933,59.2491,59.6764,59,59,59,59,11.4469,11.2027,11.2637,11.8742,10.7143,10.7753,11.0195,11.2027,11.8132,12.4847,11.9353,12.1795,55.0366,56.1355,55.9524,55.5861,25.3053,24.6948,25.1221,25.0611,43.315,57.1123,42.7656,42.5824,32.265,33.3028,33.7912,33.3028,27.8083,27.8083,27.6252,27.381,42.5214,42.2772,42.1551,41.6667,33.3028,33.9744,32.8144,34.2186,25.0611,24.7558,24.8779,24.8168,42.1551,41.8498,41.1783,42.1551,32.6923,33.3639,33.3028,32.326,25.3663,25.4884,25.1832,29.1514,42.7045,43.6203,41.6667,42.5824,15.6593,15.232,30.9829,15.4762,15.293,15.1099,38.9194,14.9878,16.0867,15.232,16.453,15.4151,35.3175,35.5006,36.0501,35.6838,97.2222,98.0769,97.2222,98.138,59.9817,59.188,60.1038,59.7375,59,59,59,59,59.6764,59.6764,59.6764,59.3712,5.7081800000000005,0.396825,11.63,55.525,40.9341,45.9402,42.8266,46.4896,35.98900000000001,45.757,2.77778,0.396825,1094.5,169.02700000000004,1383.45,0.0,1.0,1.0,1.0,1.0,0.0,0.07783949999999999,42.1627,42.1627,41.5919,42.2146,0.129731,14.9949,97.8811,89.8386,92.2535,95.2643,0.0,8.104389999999999,45.0522,0.0,0.0,-14.3433,98.5763,95.1803,50.79,344.652,47.2786,318.696,287.825,45.9006,426.669,421.634,419.473,524.986,506.566,600.93,425.164,419.473,529.494,503.632,597.196,409.924,407.254,514.7230000000002,514.007,611.03,408.986,407.904,514.937,513.434,611.964,431.685,432.573,535.8580000000002,535.357,612.491,432.62,432.8130000000001,535.118,534.5459999999998,609.089,600.211,596.765,21.917,404.715,1143.07
2020-11-22 07:39:50,94.475,95.3297,95.2686,95.8181,58.0281,57.4176,58.8828,58.0891,34.4628,33.4249,33.1197,32.5092,15.1099,14.8657,15.7814,14.9267,15.7814,15.1709,14.9878,14.8657,50.0611,20.0733,24.6642,30.6227,85.6166,118.437,88.3516,68.8156,59,59,59,59,58.9438,59.4933,59.2491,59.6764,59,59,59,59,11.4469,11.2027,11.2637,11.8742,10.7143,10.7753,11.0195,11.2027,11.8132,12.4847,12.4847,12.1795,55.0366,56.1355,55.9524,55.5861,25.3053,24.6948,25.1221,25.0611,43.315,57.1123,42.7656,42.5824,32.265,33.3028,33.7912,32.6923,27.8083,27.8083,27.6252,27.381,42.5214,42.2772,42.1551,41.6667,33.3028,33.9744,32.8144,34.2186,25.0611,24.7558,24.8779,24.8168,42.1551,41.8498,41.1783,42.1551,32.6923,33.3639,33.3028,32.326,25.3663,25.4884,25.1832,29.1514,42.7045,43.6203,41.6667,42.5824,15.6593,15.232,30.9829,15.4762,15.293,15.1099,38.9194,14.9878,16.0867,15.232,16.453,15.4151,35.3175,35.5006,36.0501,35.6838,97.2222,98.0769,97.2222,98.138,59.9817,59.188,60.1038,59.7375,59,59,59,59,59.6764,59.6764,59.6764,59.3712,5.7081800000000005,0.396825,11.63,55.525,40.9341,45.9402,42.8266,46.4896,35.98900000000001,45.757,2.77778,0.396825,1095.67,169.02700000000004,1386.98,0.0,1.0,1.0,1.0,1.0,0.0,0.07783949999999999,42.1627,42.1627,41.5919,42.2146,0.129731,14.9949,96.3895,88.1676,92.5909,95.9124,0.0,8.104389999999999,45.2267,0.0,0.0,-0.321399,98.5763,95.1803,48.62,347.306,46.5335,321.128,287.825,45.9006,426.669,421.634,418.464,524.986,506.566,600.93,425.164,419.473,529.351,503.632,597.196,409.924,407.254,514.7230000000002,514.007,611.03,408.986,407.904,514.937,513.434,611.964,431.685,432.573,535.8580000000002,535.357,612.491,432.62,432.8130000000001,535.118,534.5459999999998,609.089,600.211,596.765,21.917,405.244,1142.5
2020-11-22 07:39:55,94.475,95.3297,95.2686,95.2686,58.0281,57.4176,58.8828,58.0891,34.4628,33.4249,33.1197,32.5092,15.1099,14.8657,15.7814,15.5983,15.7814,15.1709,14.9878,14.8657,49.1819,20.0733,25.5433,30.6227,85.6166,119.316,89.5238,68.8156,59,59,59,59,58.9438,59.4933,59.2491,59.6764,59,59,59,59,11.4469,11.2027,11.2637,11.8742,10.7143,10.7753,11.0195,11.2027,11.8132,12.4847,12.4847,12.1795,55.0366,56.1355,55.9524,55.5861,25.3053,24.6948,25.1221,25.0611,43.315,57.1123,42.7656,42.5824,32.265,33.3028,33.7912,32.6923,27.8083,27.8083,27.6252,27.381,42.5214,42.2772,42.1551,41.6667,33.3028,33.9744,32.8144,34.2186,25.0611,24.7558,24.8779,24.8168,42.1551,41.8498,41.1783,42.1551,32.6923,33.3639,33.3028,32.326,25.3663,25.4884,25.1832,29.1514,42.7045,43.6203,41.6667,42.5824,15.6593,15.232,30.9829,15.4762,15.293,15.1099,38.9194,14.9878,16.0867,15.232,16.453,15.4151,35.3175,35.5006,36.0501,35.6838,97.2222,98.0769,97.2222,98.138,59.9817,59.188,60.1038,59.7375,59,59,59,59,59.6764,59.6764,59.6764,59.3712,5.7081800000000005,0.396825,11.63,55.525,40.9341,46.917,42.8266,46.4896,35.98900000000001,45.757,2.77778,0.396825,1096.78,169.02700000000004,1376.23,0.0,1.0,1.0,1.0,1.0,0.0,0.07783949999999999,42.1627,42.1627,41.5919,42.2146,0.129731,14.9949,96.2286,88.1676,92.2132,96.7339,0.0,8.104389999999999,45.4998,0.0,0.0,5.70685,98.5763,95.1803,47.1098,349.06699999999995,46.5335,323.263,287.825,45.9006,426.669,420.626,418.464,524.986,506.566,600.93,425.164,419.473,529.065,503.632,597.196,409.924,407.254,514.7230000000002,514.007,611.03,408.986,407.904,514.937,513.434,611.964,431.685,432.573,535.8580000000002,535.357,612.491,432.62,432.8130000000001,535.118,534.5459999999998,609.089,600.211,596.765,21.917,405.244,1142.5
2020-11-22 07:40:00,94.475,95.3297,95.2686,95.2686,58.0281,57.4176,58.8828,58.0891,34.4628,33.4249,33.1197,32.5092,15.1099,14.8657,15.7814,15.5983,15.7814,15.1709,14.9878,14.8657,49.1819,20.0733,25.5433,30.6227,86.4957,119.316,90.5983,69.6947,59,59,59,59,58.9438,59.4933,59.2491,59.6764,59,59,59,59,11.4469,11.2027,11.2637,11.8742,10.7143,10.7753,11.0195,11.2027,11.8132,12.4847,12.4847,12.1795,55.0366,56.1355,55.9524,55.5861,25.3053,24.6948,25.1221,25.0611,43.315,57.1123,42.7656,42.5824,32.265,33.3028,33.7912,32.6923,27.8083,27.8083,27.6252,27.381,42.5214,42.2772,42.1551,41.6667,33.3028,33.9744,32.8144,34.2186,25.0611,24.7558,24.8779,24.8168,42.1551,41.8498,41.1783,42.1551,32.6923,33.3639,33.3028,32.326,25.3663,25.4884,25.1832,29.1514,42.7045,43.6203,41.6667,42.5824,15.6593,15.232,30.9829,15.4762,15.293,15.1099,38.9194,14.9878,16.0867,15.232,16.453,15.4151,35.3175,35.5006,36.0501,35.6838,97.2222,98.0769,97.2222,98.138,59.9817,59.188,60.1038,59.7375,59,59,59,59,59.6764,59.6764,59.6764,59.3712,5.7081800000000005,0.396825,11.63,55.525,40.9341,46.917,42.8266,46.4896,35.98900000000001,45.757,2.77778,0.396825,1100.32,169.02700000000004,1382.07,0.0,1.0,1.0,1.0,1.0,0.0,0.07783949999999999,42.1627,42.1627,41.5919,42.2146,0.129731,14.9949,96.7822,87.9405,91.5671,96.0418,0.0,8.104389999999999,44.45,0.0,0.0,-39.0448,98.5763,95.1803,45.8352,350.08,45.9256,322.606,287.825,45.9006,426.669,420.626,418.464,523.984,506.566,600.93,425.164,419.473,528.922,503.632,597.196,409.924,407.254,514.7230000000002,514.007,611.03,408.986,407.904,514.937,513.434,611.964,431.685,432.573,535.8580000000002,535.357,611.461,432.62,432.8130000000001,535.118,534.5459999999998,609.089,600.211,596.765,21.917,405.244,1142.5
2020-11-22 07:40:05,94.475,95.3297,95.2686,95.2686,58.0281,57.4176,58.8828,58.0891,34.4628,33.4249,33.1197,32.5092,15.1099,14.8657,15.7814,15.5983,15.7814,15.1709,14.9878,14.8657,49.1819,20.0733,25.5433,31.6972,87.3748,120.293,89.6215,69.6947,59,59,59,59,58.9438,59.4933,59.2491,59.6764,59,59,59,59,11.4469,11.2027,11.2637,11.8742,10.7143,10.7753,11.0195,11.2027,11.8132,12.4847,12.4847,12.1795,55.0366,56.1355,55.9524,55.5861,25.3053,24.6948,25.1221,25.0611,43.315,57.1123,42.7656,42.5824,32.265,33.3028,33.7912,32.6923,27.8083,27.8083,27.6252,27.381,42.5214,42.2772,42.1551,41.6667,33.3028,33.9744,32.8144,34.2186,25.0611,24.7558,24.8779,24.8168,42.1551,41.8498,41.1783,42.1551,32.6923,33.3639,33.3028,32.326,25.3663,25.4884,25.1832,29.1514,42.7045,43.6203,41.6667,42.5824,15.6593,15.232,30.9829,15.4762,15.293,15.1099,38.9194,14.9878,16.0867,15.232,16.453,15.4151,35.3175,35.5006,36.0501,35.6838,97.2222,98.0769,97.2222,98.138,59.9817,59.188,60.1038,59.7375,59,59,59,59,59.6764,59.6764,59.6764,59.3712,5.7081800000000005,0.396825,11.63,55.525,40.9341,46.917,42.8266,46.4896,35.98900000000001,45.757,2.77778,0.396825,1103.88,169.02700000000004,1380.18,0.0,1.0,1.0,1.0,1.0,0.0,0.07783949999999999,42.1627,42.1627,41.5919,42.2146,0.129731,14.9949,95.8868,90.756,93.4605,97.6372,0.0,8.104389999999999,42.6416,0.0,0.0,-43.2186,98.5763,95.1803,45.8352,350.08,46.4997,321.952,287.825,45.9006,426.669,420.626,418.464,523.984,506.566,600.93,425.164,419.473,528.635,503.632,597.196,409.924,407.254,514.7230000000002,514.007,611.03,408.986,407.904,513.935,513.434,611.964,431.685,432.573,534.832,535.357,611.461,432.62,432.8130000000001,535.118,534.5459999999998,609.089,600.211,596.765,21.917,404.186,1142.5
2020-11-22 07:40:10,94.475,95.3297,95.2686,95.2686,58.0281,57.4176,58.8828,57.5397,34.4628,33.4249,33.1197,32.5092,15.1099,14.8657,15.7814,15.5983,15.7814,14.6215,14.9878,14.8657,49.1819,20.0733,25.5433,31.6972,88.25399999999998,120.293,89.6215,69.6947,59,59,59,59,58.9438,59.4933,59.2491,59.6764,59,59,59,59,11.4469,11.2027,11.2637,11.8742,10.7143,10.7753,11.0195,11.2027,11.8132,12.4847,12.4847,12.1795,55.0366,56.1355,55.9524,55.5861,25.3053,24.6948,25.1221,25.0611,43.315,57.1123,42.7656,42.5824,32.265,33.3028,33.7912,31.4103,27.8083,27.8083,27.6252,27.381,42.5214,42.2772,42.1551,41.6667,33.3028,33.9744,32.8144,34.2186,25.0611,24.7558,24.8779,24.8168,42.1551,41.8498,41.8498,42.1551,32.6923,33.3639,33.3028,32.326,25.3663,25.4884,25.1832,29.1514,42.7045,43.6203,41.6667,42.5824,15.6593,15.232,30.9829,15.4762,15.293,15.1099,38.9194,14.9878,16.0867,15.232,16.453,15.4151,35.3175,35.5006,36.0501,35.6838,97.2222,98.0769,97.2222,98.138,59.9817,59.188,60.1038,59.7375,59,59,59,59,59.6764,59.6764,59.6764,59.3712,5.7081800000000005,0.396825,11.63,55.525,40.9341,46.917,41.2393,46.4896,35.98900000000001,45.757,2.77778,0.396825,1102.66,169.02700000000004,1374.14,0.0,1.0,1.0,1.0,1.0,0.0,0.07783949999999999,42.1627,42.1627,41.5919,42.2146,0.129731,15.6564,97.5166,89.4806,91.43,95.043,0.0,8.104389999999999,43.3125,0.0,0.0,-38.3054,98.5763,95.1803,46.3825,350.08,45.7935,322.5540000000001,287.825,45.9006,426.669,420.626,418.464,523.984,506.566,600.93,424.156,419.473,528.4209999999998,503.632,597.196,409.924,407.254,514.7230000000002,514.007,611.03,408.986,407.904,513.935,513.434,611.964,431.685,431.541,534.832,535.357,611.461,432.62,431.757,535.118,534.5459999999998,609.089,600.211,596.765,21.917,405.244,1143.04
2020-11-22 07:40:15,94.475,95.3297,95.2686,95.2686,58.0281,57.4176,58.8828,57.5397,34.4628,33.4249,33.1197,32.5092,15.1099,14.8657,15.7814,15.5983,15.7814,14.6215,14.9878,14.8657,48.3028,18.9988,25.5433,32.5763,86.2027,120.293,89.6215,69.6947,59,59,59,59,58.9438,59.4933,59.2491,59.6764,59,59,59,59,11.4469,11.2027,11.2637,11.8742,10.7143,10.7753,11.0195,11.2027,11.8132,12.4847,11.8742,12.1795,55.0366,56.1355,55.9524,55.5861,25.3053,24.6948,25.1221,25.0611,43.315,57.1123,42.7656,42.5824,32.265,33.3028,33.7912,31.4103,27.8083,27.8083,27.6252,27.381,42.5214,42.2772,42.1551,42.2161,33.3028,33.9744,32.8144,34.2186,25.0611,24.7558,24.8779,24.8168,42.1551,41.8498,41.8498,42.1551,32.6923,33.3639,33.3028,32.326,25.3663,25.4884,25.1832,29.1514,42.7045,43.6203,41.6667,42.5824,15.6593,15.232,30.9829,15.4762,15.293,15.1099,38.9194,14.9878,16.0867,15.232,16.453,15.4151,35.3175,35.5006,36.0501,35.6838,97.2222,98.0769,97.2222,98.138,59.9817,59.188,60.1038,59.7375,59,59,59,59,59.6764,59.6764,59.6764,59.3712,5.7081800000000005,0.396825,11.63,55.525,40.9341,46.917,41.2393,46.4896,35.98900000000001,45.757,2.77778,0.396825,1103.83,169.02700000000004,1381.78,0.0,1.0,1.0,1.0,1.0,0.0,0.07783949999999999,42.6297,42.1627,41.5919,42.2146,0.129731,15.6564,97.6157,88.2472,90.246,95.8784,0.0,8.104389999999999,42.481,0.0,0.0,-46.07,98.5763,95.1803,45.333,350.08,44.7871,324.719,287.825,45.9006,426.669,420.626,418.464,523.984,506.566,600.93,424.156,418.464,528.278,503.632,597.196,409.924,407.254,514.7230000000002,514.007,611.03,408.986,407.904,513.935,513.434,611.964,431.685,431.541,534.832,535.357,611.461,432.62,431.757,535.118,534.5459999999998,609.089,600.211,596.765,21.917,404.715,1143.67
2020-11-22 07:40:20,94.475,95.3297,95.2686,95.2686,58.0281,57.4176,58.8828,57.5397,34.4628,33.4249,33.1197,32.5092,15.1099,14.8657,15.7814,15.5983,15.7814,14.6215,14.9878,14.8657,48.3028,18.9988,25.5433,33.5531,86.2027,121.172,88.6447,69.6947,59,59,59,59,58.9438,59.4933,59.2491,59.6764,59,59,59,59,11.4469,11.2027,11.2637,11.8742,10.7143,10.7753,11.0195,11.2027,11.8132,12.4847,12.4237,12.1795,55.0366,56.1355,55.9524,55.5861,25.3053,24.6948,25.1221,25.0611,43.315,57.1123,42.2161,42.5824,32.265,33.3028,33.7912,31.4103,27.8083,27.8083,27.6252,27.381,42.5214,42.2772,42.1551,42.2161,33.3028,33.9744,32.8144,34.2186,25.0611,24.7558,24.8779,24.8168,42.1551,41.8498,41.8498,42.1551,32.6923,33.3639,33.3028,32.326,25.3663,25.4884,25.1832,29.1514,42.7045,43.6203,41.6667,42.5824,15.6593,15.232,30.9829,15.4762,15.293,15.1099,38.9194,14.9878,16.0867,15.232,16.453,15.4151,35.3175,35.5006,36.0501,35.6838,97.2222,98.0769,97.2222,98.138,59.9817,59.188,60.1038,59.7375,59,59,59,59,59.6764,59.6764,59.6764,59.3712,5.7081800000000005,0.396825,11.63,55.525,40.9341,46.917,41.2393,46.4896,35.98900000000001,45.757,2.77778,0.396825,1106.18,169.574,1377.64,0.0,1.0,1.0,1.0,1.0,0.0,0.07783949999999999,42.6297,42.6297,41.5919,42.2146,0.129731,15.0243,96.9664,89.7285,92.127,95.1786,0.0,8.00549,43.8215,0.0,0.0,-73.232,98.5763,95.1803,45.333,349.444,45.969,325.8520000000001,287.825,44.8994,426.669,420.626,417.455,523.984,506.566,600.93,424.156,418.464,528.135,503.632,597.196,409.924,407.254,514.7230000000002,514.007,611.03,408.986,407.904,513.935,513.434,611.964,431.685,431.541,534.832,535.357,611.461,432.62,431.757,535.118,534.5459999999998,608.0830000000002,600.211,596.765,21.917,404.186,1144.19
2020-11-22 07:40:25,94.475,95.3297,95.2686,95.2686,58.0281,57.4176,58.8828,57.5397,34.4628,33.4249,33.1197,32.5092,15.1099,14.8657,15.7814,15.5983,15.7814,14.6215,14.9878,14.8657,48.3028,18.9988,25.5433,34.6276,84.9328,121.172,90.5006,69.6947,59,59,59,59,58.9438,59.4933,59.2491,59.6764,59,59,59,59,11.4469,11.2027,11.2637,11.8742,10.7143,10.7753,11.0195,11.2027,11.8132,12.4847,12.4237,12.1795,55.0366,56.1355,55.9524,55.5861,25.3053,24.6948,25.1221,25.0611,43.315,57.1123,42.2161,42.5824,32.265,33.3028,33.7912,36.4164,27.8083,27.8083,27.6252,27.381,42.5214,42.2772,42.1551,42.2161,33.3028,33.9744,32.8144,34.2186,25.0611,24.7558,24.8779,24.8168,42.1551,41.8498,41.8498,42.1551,32.6923,33.3639,33.3028,32.326,25.3663,24.7558,25.1832,29.1514,42.7045,43.6203,41.6667,42.5824,15.6593,15.232,30.9829,15.4762,15.293,15.1099,38.9194,14.9878,16.0867,15.232,16.453,15.4151,35.3175,35.5006,36.0501,35.6838,97.2222,98.0769,97.2222,98.138,59.9817,59.188,60.1038,59.7375,59,59,59,59,59.6764,59.6764,59.6764,59.3712,5.7081800000000005,0.396825,11.63,55.525,40.9341,46.917,41.2393,46.4896,35.98900000000001,45.757,2.77778,0.396825,1107.36,169.574,1378.49,0.0,1.0,1.0,1.0,1.0,0.0,0.07783949999999999,42.6297,42.6297,42.0589,42.2146,0.129731,14.2892,97.7373,90.1227,91.9875,95.8506,0.0,8.00549,43.8215,0.0,0.0,-83.1576,98.5763,95.1803,45.333,352.2519999999999,47.1063,323.986,287.825,44.8994,426.669,419.617,417.455,522.982,506.566,600.93,424.156,418.464,527.7769999999998,503.632,597.196,409.924,407.254,514.7230000000002,514.007,611.03,408.986,407.904,513.935,513.434,611.964,431.685,431.541,534.832,535.357,611.461,432.62,431.757,535.118,534.5459999999998,608.0830000000002,600.211,596.765,21.917,404.715,1145.37
2020-11-22 07:40:30,94.475,95.3297,95.2686,94.7192,58.0281,57.4176,58.8828,58.5165,34.4628,33.4249,33.1197,32.5092,15.1099,14.8657,15.7814,15.5983,15.7814,14.6215,14.9878,14.8657,48.3028,18.1197,25.5433,34.6276,84.0537,121.172,90.7936,70.6715,59,59,59,59,58.9438,59.4933,59.2491,59.6764,59,59,59,59,11.4469,11.2027,11.2637,11.8742,10.7143,10.7753,11.0195,11.2027,11.8132,12.4847,12.4237,12.1795,55.0366,56.1355,55.4029,55.5861,25.3053,24.6948,25.1221,25.0611,43.315,57.1123,43.4371,42.5824,32.265,33.3028,33.7912,36.4164,27.8083,27.8083,27.6252,27.381,42.5214,42.2772,42.6435,42.2161,33.3028,33.9744,32.8144,34.2186,25.0611,24.7558,24.8779,24.8168,42.1551,41.8498,41.8498,42.1551,32.6923,33.3639,33.3028,32.326,25.3663,25.9158,25.1832,29.1514,42.7045,43.6203,41.6667,42.5824,15.6593,15.232,30.9829,15.4762,15.293,15.1099,38.9194,14.9878,16.0867,15.232,16.453,15.4151,35.3175,35.5006,36.0501,35.6838,97.2222,98.0769,97.2222,98.138,59.9817,59.188,60.1038,59.7375,59,59,59,59,59.6764,59.6764,59.6764,59.3712,5.7081800000000005,0.396825,11.63,55.525,40.9341,46.917,41.2393,46.4896,34.0965,45.757,2.77778,0.396825,1110.89,169.574,1379.8,0.0,1.0,1.0,1.0,1.0,0.0,0.07783949999999999,42.6297,42.6297,42.0589,42.6816,0.129731,14.2892,96.1875,89.6059,90.0007,95.8506,0.0,8.00549,42.7597,0.0,0.0,-94.4242,98.5763,95.1803,44.7267,353.569,48.6193,321.475,287.825,44.8994,425.66,419.617,417.455,522.982,506.566,600.93,424.156,418.464,527.49,503.632,597.196,409.924,407.254,514.7230000000002,514.007,611.03,408.986,407.904,513.935,513.434,611.964,431.685,431.541,534.832,535.357,611.461,432.62,431.757,535.118,534.5459999999998,608.0830000000002,600.211,596.765,21.917,404.186,1145.88
2020-11-22 07:40:35,94.475,95.3297,95.2686,94.7192,58.0281,57.4176,58.8828,58.5165,34.4628,33.4249,33.1197,32.5092,15.1099,14.8657,15.7814,15.5983,15.7814,14.6215,14.9878,14.8657,49.1819,18.9988,25.5433,32.674,85.0305,121.172,91.6728,70.6715,59,59,59,59,58.9438,59.4933,59.2491,59.6764,59,59,59,59,11.4469,11.2027,11.2637,11.8742,9.85959,10.7753,11.0195,11.2027,11.8132,12.4847,12.4237,12.1795,54.4872,56.1355,55.4029,55.5861,25.3053,24.6948,25.1221,25.0611,43.315,57.1123,43.4371,42.5824,32.265,33.3028,33.7912,35.5006,27.8083,27.8083,27.6252,27.381,42.5214,42.2772,42.6435,42.2161,33.3028,33.9744,32.8144,34.2186,25.0611,24.7558,24.8779,24.8168,42.1551,42.3993,41.8498,42.1551,32.6923,33.3639,33.3028,32.326,25.3663,25.9158,25.1832,29.1514,42.7045,43.6203,41.6667,42.5824,15.6593,15.232,30.9829,15.4762,15.293,15.1099,38.9194,14.9878,16.0867,15.232,16.453,15.4151,35.3175,35.5006,36.0501,35.6838,97.2222,98.0769,97.2222,98.138,59.9817,59.188,60.1038,59.7375,59,59,59,59,59.6764,59.6764,59.6764,59.3712,5.7081800000000005,0.396825,11.63,55.525,40.9341,46.917,41.2393,46.4896,34.0965,45.757,2.77778,0.396825,1107.41,169.574,1380.14,0.0,1.0,1.0,1.0,1.0,0.0,0.07783949999999999,42.6297,42.6297,42.0589,42.6816,0.129731,14.2892,97.2079,88.1826,90.7358,95.8506,0.0,8.00549,42.5889,0.0,0.0,-64.7955,98.5763,95.1803,45.9268,353.569,49.2915,320.398,287.825,44.8994,425.66,419.617,417.455,522.982,506.566,600.93,424.156,418.464,527.276,503.632,597.196,409.924,407.254,514.7230000000002,514.007,610.023,408.986,407.904,513.935,513.434,611.964,431.685,431.541,534.832,534.331,611.461,432.62,431.757,535.118,533.544,608.0830000000002,600.211,596.765,21.917,405.244,1147.09
2020-11-22 07:40:40,94.475,95.3297,95.2686,94.7192,58.0281,57.4176,58.8828,58.5165,34.4628,33.4249,33.1197,32.5092,15.1099,14.8657,15.7814,14.9878,15.7814,14.6215,14.9878,14.8657,50.1587,18.9988,25.5433,31.5018,83.8584,121.172,90.2076,70.6715,59,59,59,59,58.9438,59.4933,59.2491,59.6764,59,59,59,59,11.4469,11.2027,11.2637,11.8742,10.409,11.3248,11.0195,11.2027,11.8132,12.4847,12.4237,12.1795,54.4872,56.1355,55.4029,55.5861,25.3053,24.6948,25.1221,25.0611,43.315,57.1123,43.4371,42.5824,32.265,33.3028,33.7912,34.6459,27.8083,27.8083,27.6252,27.381,42.5214,42.2772,42.6435,42.2161,33.3028,33.9744,32.8144,34.2186,25.0611,24.7558,24.8779,24.8168,42.1551,42.3993,41.8498,42.1551,32.6923,33.3639,33.3028,32.326,25.3663,25.9158,25.1832,29.1514,42.7045,43.6203,41.6667,42.5824,15.6593,15.232,30.9829,15.4762,15.293,15.1099,38.9194,14.9878,16.0867,15.232,16.453,15.4151,35.3175,35.5006,36.0501,35.6838,97.2222,98.0769,97.2222,98.138,59.9817,59.188,60.1038,59.7375,59,59,59,59,59.6764,59.6764,59.6764,59.3712,5.7081800000000005,0.396825,11.63,55.525,40.9341,46.917,41.2393,46.4896,34.0965,45.757,2.77778,0.396825,1107.41,169.574,1377.38,0.0,1.0,1.0,1.0,1.0,0.0,0.07783949999999999,42.6297,42.6297,42.0589,42.6816,0.129731,13.5101,96.4864,88.318,90.9309,96.5546,0.0,8.00549,42.5889,0.0,0.0,-58.3097,98.5763,95.1803,45.4205,352.871,49.823,324.216,287.825,44.8994,425.66,419.617,417.455,521.98,506.566,599.924,423.147,418.464,527.133,503.632,597.196,409.924,407.254,514.7230000000002,514.007,610.023,408.986,407.904,513.935,513.434,611.964,431.685,431.541,534.832,534.331,611.461,432.62,431.757,534.116,533.544,608.0830000000002,600.211,596.765,21.917,404.715,1147.7
2020-11-22 07:40:45,94.475,95.3297,94.7192,97.5885,58.0281,58.0281,58.8828,58.5165,34.4628,33.4249,33.1197,32.5092,15.1099,14.8657,15.7814,15.5372,15.7814,14.6215,14.9878,14.8657,50.1587,18.9988,25.5433,32.381,83.8584,122.344,91.2821,71.9414,59,59,59,59,58.9438,59.4933,59.2491,59.6764,59,59,59,59,11.4469,11.2027,11.2637,11.8742,10.409,11.3248,11.0195,11.2027,11.8132,12.4847,12.4237,12.1795,54.4872,56.1355,55.4029,55.5861,25.3053,24.6948,25.1221,25.0611,43.315,57.6618,43.4371,42.5824,32.265,33.3028,33.2418,34.0965,27.8083,27.8083,27.6252,27.381,42.5214,42.2772,42.6435,42.2161,33.3028,33.9744,32.8144,34.2186,25.0611,24.7558,24.8779,24.8168,42.1551,42.3993,41.8498,42.1551,32.6923,33.3639,33.3028,32.326,25.3663,25.7326,25.1832,29.1514,42.7045,43.6203,41.6667,43.6203,15.6593,15.232,30.9829,15.4762,15.293,15.1099,38.9194,14.9878,16.0867,15.232,16.453,15.4151,35.3175,35.5006,36.0501,35.6838,97.2222,98.0769,97.2222,98.138,59.9817,59.188,60.1038,59.7375,59,59,59,59,59.6764,59.6764,59.6764,59.3712,5.7081800000000005,0.396825,11.63,55.525,40.9341,46.917,41.2393,46.4896,34.0965,45.757,2.77778,0.396825,1101.5,169.574,1380.79,0.0,1.0,1.0,1.0,1.0,0.0,0.07783949999999999,42.6297,42.6297,42.0589,42.6816,0.129731,13.5101,96.4864,88.7047,91.6035,95.8617,0.0,8.00549,41.9758,0.0,0.0,-55.4089,98.5763,95.1803,45.3296,349.787,49.9193,327.382,287.825,44.8994,425.66,419.617,417.455,521.98,506.566,599.924,423.147,418.464,526.846,503.632,597.196,409.924,407.254,514.7230000000002,514.007,610.023,408.986,407.904,513.935,512.432,611.964,431.685,431.541,534.832,534.331,611.461,432.62,431.757,534.116,533.544,608.0830000000002,600.211,596.765,21.917,404.715,1147.7
2020-11-22 07:40:50,94.475,95.3297,94.7192,96.0012,58.0281,58.0281,58.8828,58.5165,34.4628,33.4249,33.1197,32.5092,15.1099,14.8657,15.7814,15.5372,15.7814,14.6215,14.9878,14.8657,50.1587,18.9988,25.5433,33.2601,85.1282,123.223,91.2821,70.9646,59,59,59,59,58.9438,59.4933,59.2491,59.6764,59,59,59,59,11.4469,11.2027,11.2637,11.3248,10.409,10.7143,11.0195,11.2027,11.8132,12.4847,11.8742,12.1795,54.4872,56.1355,55.4029,55.5861,25.3053,24.6948,25.1221,25.0611,43.315,57.6618,43.4371,42.5824,32.265,33.3028,33.2418,34.0965,27.8083,27.8083,27.6252,27.381,42.5214,42.2772,42.6435,42.2161,33.3028,33.9744,32.8144,34.2186,25.0611,24.7558,24.8779,24.8168,42.1551,42.3993,41.8498,42.1551,32.6923,33.3639,33.3028,32.326,25.3663,25.7326,25.1832,29.1514,42.7045,43.6203,41.6667,42.6435,15.6593,15.232,30.9829,15.4762,15.293,15.1099,38.9194,14.9878,16.0867,15.232,16.453,15.4151,35.3175,35.5006,36.0501,35.6838,97.2222,98.0769,97.2222,98.138,59.9817,59.188,60.1038,59.7375,59,59,59,59,59.6764,59.6764,59.6764,59.3712,5.7081800000000005,0.396825,11.63,55.525,40.9341,46.917,41.2393,46.4896,34.0965,45.757,2.77778,0.396825,1099.1,169.574,1380.34,0.0,1.0,1.0,1.0,1.0,0.0,0.07783949999999999,42.6297,42.6297,42.0589,42.6816,0.129731,13.5101,96.4864,89.5902,90.112,95.8617,0.0,8.00549,41.9758,0.0,0.0,-51.9331,98.5763,95.1803,46.2025,347.7519999999999,49.2915,327.382,287.825,44.8994,425.66,419.617,416.445,521.98,506.566,599.924,423.147,417.455,526.703,503.632,597.196,409.924,407.254,514.7230000000002,514.007,610.023,408.986,407.904,513.935,512.432,611.964,431.685,431.541,534.832,534.331,611.461,432.62,431.757,534.116,533.544,608.0830000000002,599.206,596.765,21.917,404.715,1147.09
2020-11-22 07:40:55,94.475,95.3297,94.7192,96.0012,58.0281,58.6996,58.8828,58.5165,34.4628,34.0354,33.1197,32.5092,15.1099,14.8657,15.7814,15.5372,15.7814,14.6215,14.9878,14.8657,49.1819,18.9988,25.5433,33.2601,85.1282,123.223,90.0122,70.9646,59,59,59,59,58.9438,59.4933,59.2491,59.6764,59,59,59,59,11.4469,11.2027,11.2637,11.3248,10.409,10.7143,11.0195,11.2027,11.8132,12.4847,11.8742,12.1795,54.4872,56.1355,55.4029,55.5861,25.3053,24.6948,25.1221,25.0611,43.315,57.6618,43.4371,42.5824,32.265,33.3028,33.2418,33.547,27.8083,27.8083,27.6252,27.381,42.5214,42.2772,42.6435,42.2161,33.3028,33.9744,32.8144,34.2186,25.0611,25.3053,24.8779,24.8168,42.1551,42.3993,41.8498,42.1551,32.6923,33.3639,33.3028,32.6923,25.3663,25.7326,25.1832,29.1514,42.7045,43.6203,41.6667,42.6435,15.6593,15.232,30.9829,15.4762,15.293,15.1099,38.9194,14.9878,16.0867,15.232,16.453,15.4151,35.3175,35.5006,36.0501,35.6838,97.2222,98.0769,97.2222,98.138,59.9817,59.188,60.1038,59.7375,59,59,59,59,59.6764,59.6764,59.6764,59.3712,5.7081800000000005,0.396825,11.63,55.525,40.9341,46.917,41.2393,46.4896,34.0965,45.757,2.77778,0.396825,1099.01,169.574,1384.63,0.0,1.0,1.0,1.0,1.0,0.0,0.07783949999999999,42.6297,42.6297,42.0589,42.6816,0.129731,14.1275,96.4864,88.1398,90.112,95.8617,0.0,8.00549,40.9331,0.0,0.0,-65.0404,98.5763,95.1803,45.5575,347.142,48.3544,326.043,287.825,44.8994,425.66,419.617,416.445,521.98,506.566,599.924,423.147,417.455,526.56,503.632,597.196,409.924,407.254,514.7230000000002,514.007,610.023,408.986,407.904,513.935,512.432,610.9580000000002,431.685,431.541,534.832,534.331,611.461,432.62,431.757,534.116,533.544,608.0830000000002,599.206,596.765,21.746,404.186,1146.42
2020-11-22 07:41:00,94.475,95.3297,94.7192,96.0012,58.0281,58.6996,58.8828,58.5165,34.4628,34.0354,33.1197,32.5092,15.1099,14.8657,15.7814,15.5372,15.7814,14.6215,14.9878,14.8657,49.1819,18.9988,25.5433,34.1392,86.0073,122.051,90.0122,70.0855,59,59,59,59,58.9438,59.4933,59.2491,59.6764,59,59,59,59,11.4469,11.2027,11.2637,11.3248,10.409,10.7143,11.0195,11.2027,11.8132,12.4847,12.4847,12.1795,54.4872,56.1355,55.4029,55.5861,25.3053,24.6948,25.1221,25.0611,43.315,57.6618,43.4371,42.5824,32.265,33.3028,32.6923,33.547,27.8083,27.8083,27.6252,27.381,42.5214,42.8266,42.6435,42.2161,33.3028,33.9744,32.8144,34.2186,25.0611,25.3053,25.6716,24.8168,42.1551,42.3993,41.8498,42.1551,32.6923,33.3639,33.3028,32.6923,25.3663,24.9389,25.1832,29.7009,42.7045,43.6203,41.6667,42.6435,15.6593,15.232,30.9829,15.4762,15.293,15.1099,38.9194,14.9878,16.0867,15.232,16.453,15.4151,35.3175,35.5006,36.0501,35.6838,97.2222,98.0769,97.2222,98.138,59.9817,59.188,60.1038,59.7375,59,59,59,59,59.6764,59.6764,59.6764,59.3712,5.7081800000000005,0.396825,11.63,55.525,40.9341,46.917,41.2393,46.4896,34.0965,45.757,2.77778,0.396825,1100.2,169.574,1388.03,0.0,1.0,1.0,1.0,1.0,0.0,0.07783949999999999,42.6297,42.6297,42.0589,42.6816,0.129731,14.8479,95.3289,90.8248,90.112,96.5016,0.0,8.00549,42.5589,0.0,0.0,-62.519,98.5763,95.1803,45.5575,346.0630000000001,48.4943,326.043,287.825,43.8843,425.66,418.608,416.445,521.98,505.564,599.924,423.147,417.455,526.4169999999998,503.632,597.196,409.924,407.254,514.7230000000002,514.007,610.023,408.986,407.904,513.935,512.432,610.9580000000002,431.685,431.541,534.832,534.331,611.461,432.62,431.757,534.116,533.544,608.0830000000002,599.206,596.765,21.746,404.715,1145.31
2020-11-22 07:41:05,94.475,95.3297,94.7192,95.4518,58.0281,58.6996,58.8828,58.5165,34.4628,34.0354,33.1197,32.5092,15.1099,14.8657,15.7814,15.5372,15.7814,14.6215,14.9878,14.8657,49.1819,18.9988,25.5433,33.2601,88.54700000000003,122.051,90.0122,70.0855,59,59,59,59,58.9438,59.4933,59.2491,59.6764,59,59,59,59,11.4469,11.2027,11.2637,11.3248,10.409,10.7143,11.0195,11.2027,11.8132,12.4847,12.4847,12.1795,54.4872,56.1355,55.4029,55.5861,25.3053,24.6948,25.1221,25.0611,43.315,57.6618,43.4371,42.5824,32.265,33.3028,32.6923,32.7534,27.8083,27.8083,27.6252,27.381,42.5214,42.8266,42.6435,42.2161,33.3028,33.9744,32.8144,34.2186,25.0611,25.3053,25.6716,24.8168,42.1551,42.3993,41.8498,42.1551,32.6923,33.3639,33.3028,32.6923,25.3663,25.9158,25.1832,29.7009,42.7045,43.6203,41.6667,42.6435,15.6593,15.232,30.9829,15.4762,15.293,15.1099,38.9194,14.9878,16.0867,15.232,16.453,15.4151,35.3175,35.5006,36.0501,35.6838,97.2222,98.0769,97.2222,98.138,59.9817,59.188,60.1038,59.7375,59,59,59,59,59.6764,59.6764,59.6764,59.3712,5.7081800000000005,0.396825,11.63,55.525,40.9341,46.917,41.2393,46.4896,34.0965,45.757,2.77778,0.396825,1099.08,169.574,1386.75,0.0,1.0,1.0,1.0,1.0,0.0,0.07783949999999999,42.6297,42.6297,42.0589,42.6816,0.129731,14.8479,97.3056,89.1544,89.8114,96.0882,0.0,8.00549,38.4252,0.0,0.0,-49.705,98.5763,95.1803,45.5575,344.849,50.4783,327.103,287.825,43.8843,425.66,418.608,416.445,521.98,505.564,599.924,423.147,417.455,526.274,503.632,597.196,409.924,407.254,514.7230000000002,514.007,610.023,408.986,407.904,513.935,512.432,610.9580000000002,431.685,431.541,534.832,534.331,611.461,432.62,431.757,534.116,533.544,608.0830000000002,599.206,596.765,21.746,404.715,1144.75
2020-11-22 07:41:10,94.475,95.3297,94.7192,95.4518,58.0281,59.2491,58.8828,58.5165,34.4628,34.0354,33.1197,32.5092,15.1099,14.8657,15.7814,15.5372,15.7814,14.6215,14.9878,14.8657,50.1587,18.9988,25.5433,33.2601,87.6679,120.586,90.8913,68.8156,59,59,59,59,58.9438,59.4933,59.2491,59.6764,59,59,59,59,11.4469,11.2027,11.2637,11.3248,11.0195,10.7143,11.0195,11.2027,11.8132,12.4847,12.4847,12.1795,54.4872,56.1355,55.4029,55.5861,25.3053,24.6948,25.1221,25.0611,43.315,57.6618,43.4371,42.5824,32.265,33.3028,32.1429,32.7534,27.8083,27.8083,27.6252,27.381,42.5214,42.8266,42.6435,42.2161,33.3028,33.9744,32.8144,34.2186,25.0611,25.3053,25.6716,24.8168,42.1551,42.3993,41.8498,42.1551,32.6923,33.3639,33.3028,32.6923,25.3663,25.9158,25.1832,29.7009,42.7045,43.6203,41.6667,42.6435,15.6593,15.232,30.9829,15.4762,15.293,15.1099,38.9194,14.9878,16.0867,15.232,16.453,15.4151,35.3175,35.5006,36.0501,35.6838,97.2222,98.0769,97.2222,98.138,59.9817,59.188,60.1038,59.7375,59,59,59,59,59.6764,59.6764,59.6764,59.3712,5.7081800000000005,0.396825,9.85959,55.525,40.9341,46.917,41.2393,46.4896,34.0965,47.1001,2.77778,0.396825,1103.81,169.574,1386.05,0.0,1.0,1.0,1.0,1.0,0.0,0.07783949999999999,42.6297,42.6297,42.0589,42.6816,0.129731,14.0687,95.7967,90.3604,91.0595,95.4356,0.0,8.00549,41.2787,0.0,0.0,-44.1982,98.5763,95.1803,44.8298,346.732,49.8203,331.106,287.825,43.8843,425.66,418.608,416.445,520.9780000000002,505.564,599.924,422.139,417.455,526.131,503.632,597.196,409.924,407.254,514.7230000000002,514.007,610.023,408.986,407.904,513.935,512.432,610.9580000000002,431.685,431.541,534.832,534.331,611.461,432.62,431.757,534.116,533.544,608.0830000000002,599.206,596.765,21.746,404.186,1144.75
2020-11-22 07:41:15,94.475,95.3297,94.7192,95.4518,58.0281,59.9206,58.8828,58.5165,34.4628,34.0354,33.1197,32.5092,15.1099,14.8657,15.7814,15.5372,15.7814,14.6215,14.9878,14.8657,49.2796,19.8779,25.5433,33.2601,86.7888,120.586,90.8913,69.9878,59,59,59,59,58.9438,59.4933,59.2491,59.6764,59,59,59,59,11.4469,11.2027,11.2637,11.3248,11.0195,10.7143,11.0195,11.2027,11.8132,12.4847,11.9353,12.1795,54.4872,56.1355,55.4029,55.5861,25.3053,24.6948,25.1221,25.0611,43.315,57.6618,43.4371,42.5824,32.265,33.3028,32.1429,32.2039,27.8083,27.8083,27.6252,27.381,42.5214,42.8266,42.6435,42.2161,33.3028,33.9744,32.8144,34.2186,25.0611,25.3053,25.6716,24.8168,42.1551,42.9487,41.8498,42.1551,32.6923,33.3639,33.3028,32.6923,26.6484,25.9158,25.1832,29.7009,42.7045,43.6203,42.4603,42.6435,15.6593,15.232,30.9829,15.4762,15.293,15.1099,38.9194,14.9878,16.0867,15.232,16.453,15.4151,35.3175,35.5006,36.0501,35.6838,97.2222,98.0769,97.2222,98.138,59.9817,59.188,60.1038,59.7375,59,59,59,59,59.6764,59.6764,59.6764,59.3712,5.7081800000000005,0.396825,9.85959,55.525,40.9341,46.917,41.2393,46.4896,34.0965,47.1001,2.77778,0.396825,1101.44,169.574,1384.18,0.0,1.0,1.0,1.0,1.0,0.0,0.07783949999999999,42.6297,42.6297,42.0589,42.6816,0.129731,13.466,96.9111,90.3521,89.60600000000002,95.4356,0.0,8.00549,41.1844,0.0,0.0,-17.6514,98.5763,95.1803,44.8298,346.125,50.4783,333.211,287.825,43.8843,425.66,418.608,416.445,520.9780000000002,505.564,599.924,422.139,417.455,525.988,503.632,597.196,409.924,407.254,514.7230000000002,514.007,610.023,408.986,407.904,513.935,512.432,610.9580000000002,431.685,431.541,534.832,534.331,611.461,432.62,431.757,534.116,533.544,608.0830000000002,599.206,596.765,21.746,404.715,1144.75
2020-11-22 07:41:20,94.475,95.3297,94.7192,95.4518,58.0281,59.9206,58.8828,58.5165,34.4628,34.0354,33.1197,32.5092,15.1099,14.8657,15.7814,15.5372,15.7814,14.6215,14.9878,14.8657,49.2796,19.8779,25.5433,34.1392,87.7656,121.563,91.8681,70.9646,59,59,59,59,58.9438,59.4933,59.2491,59.6764,59,59,59,59,11.4469,11.2027,11.2637,11.3248,11.569,10.7143,11.0195,11.2027,11.8132,12.4847,11.9353,12.1795,54.4872,56.1355,55.4029,55.5861,25.3053,24.6948,25.1221,25.0611,43.315,57.6618,43.4371,42.5824,32.265,33.3028,32.1429,32.2039,27.8083,27.8083,27.6252,27.381,42.5214,42.8266,42.6435,42.2161,33.3028,33.9744,32.8144,34.2186,25.0611,25.3053,25.6716,24.8168,42.1551,42.9487,41.8498,42.1551,32.6923,33.3639,33.3028,32.6923,25.6716,25.5495,25.1832,29.7009,42.7045,43.6203,42.4603,42.6435,15.6593,15.232,30.9829,15.4762,15.293,15.1099,38.9194,14.9878,16.0867,15.232,16.453,15.4151,35.3175,35.5006,36.0501,35.6838,97.2222,98.0769,97.2222,98.138,59.9817,59.188,60.1038,59.7375,59,59,59,59,59.6764,59.6764,59.6764,59.3712,5.7081800000000005,0.396825,9.85959,55.525,40.9341,46.917,41.2393,46.4896,34.0965,47.1001,2.77778,0.396825,1103.7,169.574,1388.27,0.0,1.0,1.0,1.0,1.0,0.0,0.07783949999999999,42.6297,42.6297,42.0589,42.6816,0.129731,13.466,95.5835,90.3548,90.2881,95.3171,0.0,8.00549,39.3987,0.0,0.0,-47.0005,98.5763,95.1803,45.3686,347.951,50.4783,333.904,287.825,43.8843,425.66,418.608,416.445,520.9780000000002,505.564,599.924,422.139,417.455,525.988,503.632,597.196,409.924,407.254,514.7230000000002,514.007,610.023,408.986,407.904,513.935,512.432,610.9580000000002,431.685,431.541,534.832,534.331,611.461,432.62,431.757,534.116,533.544,608.0830000000002,599.206,596.765,21.746,404.715,1144.22
2020-11-22 07:41:25,94.475,95.3297,94.7192,94.9023,58.0281,59.9206,58.8828,58.5165,34.4628,34.0354,33.1197,32.5092,15.1099,14.8657,15.7814,15.5372,15.7814,14.6215,14.9878,14.8657,49.2796,18.8034,25.5433,34.1392,86.7888,121.563,91.8681,70.9646,59,59,59,59,58.9438,59.4933,59.2491,59.6764,59,59,59,59,11.4469,11.2027,11.2637,11.3248,11.569,10.7143,11.0195,11.2027,11.8132,12.4847,11.9353,12.1795,54.4872,56.1355,54.8535,55.5861,25.3053,24.6948,25.1221,25.0611,43.315,57.6618,42.8877,42.5824,32.265,32.7534,31.5934,30.9829,27.8083,27.8083,27.6252,27.381,42.5214,42.8266,42.6435,42.2161,33.3028,33.9744,33.3639,34.2186,25.0611,25.3053,25.6716,24.8168,42.1551,41.9109,41.8498,42.1551,32.6923,33.3639,33.3028,32.6923,25.6716,25.5495,25.1832,29.7009,42.7045,43.6203,42.4603,42.6435,15.6593,15.232,30.9829,15.4762,15.293,15.1099,38.9194,14.9878,16.0867,15.232,16.453,15.4151,35.3175,35.5006,36.0501,35.6838,97.2222,98.0769,97.2222,98.138,59.9817,59.188,60.1038,59.7375,59,59,59,59,59.6764,59.6764,59.6764,59.3712,5.7081800000000005,0.396825,9.85959,55.525,40.9341,46.917,41.2393,46.4896,34.0965,47.1001,2.77778,0.396825,1103.7,169.574,1392.29,0.0,1.0,1.0,1.0,1.0,0.0,0.07783949999999999,42.6297,42.6297,42.0589,42.6816,0.129731,14.0687,98.6713,89.3489,91.3305,95.9872,0.0,8.00549,41.8714,0.0,0.0,-53.7715,98.5763,95.1803,43.605,351.905,49.0731,333.904,287.825,43.8843,425.66,418.608,416.445,520.9780000000002,505.564,599.924,422.139,416.445,525.845,503.632,597.196,409.924,407.254,514.7230000000002,514.007,610.023,408.986,407.904,513.935,512.432,610.9580000000002,431.685,431.541,534.832,534.331,611.461,432.62,431.757,534.116,533.544,608.0830000000002,599.206,596.765,21.746,405.244,1144.22
2020-11-22 07:41:30,94.475,95.3297,95.4518,94.9023,59.3712,61.4469,58.8828,59.3712,34.4628,34.0354,33.1197,32.5092,15.1099,14.8657,15.7814,14.9878,15.7814,14.6215,14.9878,14.8657,48.0098,18.8034,25.5433,32.1856,86.7888,122.442,90.8913,70.9646,59,59,59,59,58.9438,59.4933,59.2491,59.6764,59,59,59,59,11.4469,11.2027,11.2637,11.3248,11.569,10.5311,11.0195,11.2027,11.8132,12.4847,11.9353,12.1795,54.4872,56.1355,54.8535,55.5861,25.3053,24.6948,25.1221,25.0611,43.315,57.6618,43.6203,42.5824,32.265,32.7534,32.8144,30.9829,27.8083,27.8083,27.6252,27.381,42.5214,42.8266,42.6435,42.2161,33.3028,33.9744,33.3639,34.2186,25.0611,25.3053,24.8168,24.8168,42.1551,41.9109,41.8498,42.1551,32.6923,33.3639,33.3028,32.6923,25.6716,25.5495,25.1832,29.7009,42.7045,43.6203,42.4603,42.6435,15.6593,15.232,30.9829,15.4762,15.293,15.1099,38.9194,14.9878,16.0867,15.232,16.453,15.4151,35.3175,35.5006,36.0501,35.6838,97.2222,98.0769,97.2222,98.138,59.9817,59.188,60.1038,59.7375,59,59,59,59,59.6764,59.6764,59.6764,59.3712,5.7081800000000005,0.396825,9.85959,55.525,40.9341,46.917,41.2393,46.4896,32.0818,47.1001,2.77778,0.396825,1101.3,169.574,1384.81,0.0,1.0,1.0,1.0,1.0,0.0,0.07783949999999999,42.6297,42.6297,42.0589,42.6816,0.129731,14.0687,96.7207,87.8678,90.995,96.596,0.0,8.00549,41.4971,0.0,0.0,-51.1134,98.5763,95.1803,43.0914,353.415,47.6972,331.4840000000001,287.825,43.8843,425.66,418.608,415.436,520.9780000000002,505.564,599.924,422.139,416.445,525.845,503.632,597.196,409.924,407.254,514.7230000000002,514.007,610.023,408.986,407.904,513.935,512.432,610.9580000000002,431.685,431.541,534.832,534.331,611.461,432.62,431.757,534.116,533.544,608.0830000000002,599.206,596.765,21.746,404.715,1144.22
2020-11-22 07:41:35,94.475,95.3297,95.4518,94.9023,59.3712,61.4469,58.8828,59.3712,34.4628,34.0354,33.1197,32.5092,15.1099,14.8657,15.7814,15.8425,15.7814,14.6215,14.9878,14.8657,48.0098,18.8034,25.5433,32.1856,86.7888,122.442,89.8168,70.9646,59,59,59,59,58.9438,59.4933,59.2491,59.6764,59,59,59,59,11.4469,11.2027,11.2637,11.3248,11.569,11.569,11.0195,11.2027,11.8132,12.4847,11.9353,12.1795,54.4872,56.1355,54.8535,55.5861,25.3053,24.6948,25.1221,25.0611,43.315,57.6618,43.6203,42.5824,32.265,32.7534,32.8144,30.9829,27.8083,27.8083,27.6252,27.381,42.5214,42.8266,42.6435,42.2161,33.3028,33.9744,33.3639,34.2186,25.0611,25.3053,24.8168,24.8168,42.1551,41.9109,41.8498,42.1551,32.6923,33.3639,33.3028,32.6923,25.6716,25.7936,25.1832,29.7009,42.7045,43.6203,42.4603,42.6435,15.6593,15.232,30.9829,15.4762,15.293,15.1099,38.9194,14.9878,16.0867,15.232,16.453,15.4151,35.3175,35.5006,36.0501,35.6838,97.2222,98.0769,97.2222,98.138,59.9817,59.188,60.1038,59.7375,59,59,59,59,59.6764,59.6764,59.6764,59.3712,5.7081800000000005,0.396825,9.85959,55.525,40.9341,46.917,41.2393,46.4896,32.0818,47.1001,2.77778,0.396825,1097.62,170.093,1386.77,0.0,1.0,1.0,1.0,1.0,0.0,0.07783949999999999,42.6297,42.6297,42.0589,42.6816,0.129731,14.0687,96.8469,88.6752,92.079,95.9912,0.0,8.00549,40.0585,0.0,0.0,-65.2273,98.5763,95.1803,44.7196,349.809,46.014,327.631,287.825,43.8843,424.652,418.608,415.436,520.9780000000002,505.564,599.924,422.139,416.445,525.845,503.632,597.196,409.924,407.254,514.7230000000002,514.007,610.023,408.986,407.904,513.935,512.432,610.9580000000002,431.685,431.541,534.832,534.331,611.461,432.62,431.757,534.116,533.544,608.0830000000002,599.206,596.765,21.746,404.715,1143.69
2020-11-22 07:41:40,94.475,95.3297,95.4518,96.917,59.3712,61.4469,58.8828,59.3712,34.4628,34.0354,33.1197,32.5092,15.1099,14.8657,15.7814,15.8425,15.7814,14.6215,14.9878,14.8657,49.0842,18.8034,25.5433,33.0647,88.7424,122.442,90.7936,72.0391,59,59,59,59,58.9438,59.4933,59.2491,59.6764,59,59,59,59,11.4469,11.2027,11.2637,11.3248,11.569,11.569,11.0195,11.2027,11.8132,12.4847,11.9353,12.1795,54.4872,56.1355,54.8535,55.5861,25.3053,24.6948,25.1221,25.0611,43.315,57.6618,43.6203,42.5824,32.265,32.7534,32.8144,33.9133,27.8083,27.8083,27.6252,27.381,42.5214,42.8266,42.6435,42.2161,33.3028,33.9744,33.3639,34.2186,25.0611,25.3053,24.8168,24.8168,42.1551,42.5214,41.8498,42.1551,32.6923,33.3639,33.3028,32.6923,25.6716,25.7936,25.1832,29.7009,42.7045,43.6203,42.4603,42.6435,15.6593,15.232,30.9829,15.4762,15.293,15.1099,38.9194,15.5372,16.0867,15.232,16.453,15.4151,35.3175,35.5006,36.0501,35.6838,97.2222,98.0769,97.2222,98.138,59.9817,59.188,60.1038,59.7375,59,59,59,59,59.6764,59.6764,59.6764,59.3712,5.7081800000000005,0.396825,9.85959,55.525,40.9341,46.917,41.2393,46.4896,32.0818,47.1001,2.77778,0.396825,1094.05,170.093,1398.27,0.0,1.0,1.0,1.0,1.0,0.0,0.07783949999999999,42.6297,42.6297,42.0589,42.6816,0.129731,14.0687,97.8706,89.8244,91.3171,95.9912,0.0,8.00549,40.5595,0.0,0.0,-82.3656,98.5763,95.1803,45.6493,346.8119999999999,45.1749,327.631,287.825,43.8843,424.652,418.608,415.436,520.9780000000002,505.564,599.924,422.139,416.445,525.845,503.632,597.196,409.924,407.254,514.7230000000002,514.007,610.023,408.986,407.904,513.935,512.432,610.9580000000002,431.685,431.541,534.832,534.331,611.461,432.62,431.757,534.116,533.544,608.0830000000002,599.206,596.765,21.746,404.715,1143.13
2020-11-22 07:41:45,94.475,95.3297,95.4518,96.917,59.9817,61.4469,58.8828,60.2259,34.4628,34.0354,33.1197,32.5092,15.1099,14.8657,15.7814,15.8425,15.7814,15.1709,14.9878,14.8657,49.9634,19.6825,25.5433,33.0647,86.6911,122.442,88.7424,72.0391,59,59,59,59,58.9438,59.4933,59.2491,59.6764,59,59,59,59,11.4469,11.2027,11.2637,11.3248,11.569,11.569,11.0195,11.2027,11.8132,12.4847,11.9353,12.1795,54.4872,56.1355,54.8535,55.5861,25.3053,24.6948,25.1221,25.6105,43.315,57.6618,43.6203,42.5824,32.265,32.7534,32.8144,33.9133,27.8083,27.8083,27.6252,27.381,42.5214,42.8266,42.6435,42.2161,33.3028,33.9744,33.3639,34.2186,25.0611,25.3053,24.8168,24.8168,42.1551,43.0708,41.8498,42.1551,32.6923,33.3639,33.3028,32.6923,25.6716,25.7936,25.1832,29.7009,42.7045,43.6203,42.4603,42.6435,15.6593,15.232,30.9829,15.4762,15.293,15.1099,38.9194,15.5372,16.0867,15.232,16.453,15.4151,35.3175,35.5006,36.0501,35.6838,97.2222,98.0769,97.2222,98.138,59.9817,59.188,60.1038,59.7375,59,59,59,59,59.6764,59.6764,59.6764,59.3712,5.7081800000000005,0.396825,9.85959,55.525,40.9341,46.917,41.2393,46.4896,32.0818,47.1001,2.77778,0.396825,1098.86,170.093,1392.95,0.0,1.0,1.0,1.0,1.0,0.0,0.07783949999999999,42.6297,42.6297,42.0589,42.6816,0.129731,14.0687,96.8084,90.2076,89.8555,95.2112,0.0,8.00549,40.6807,0.0,0.0,-98.1573,98.5763,95.1803,46.2952,344.851,45.1749,330.055,287.825,43.8843,424.652,418.608,415.436,520.9780000000002,505.564,599.924,421.13,416.445,525.845,503.632,597.196,409.924,407.254,514.7230000000002,514.007,610.023,408.986,407.904,513.935,512.432,610.9580000000002,431.685,431.541,533.83,534.331,611.461,432.62,431.757,534.116,533.544,608.0830000000002,599.206,596.765,21.746,404.715,1141.92
2020-11-22 07:41:50,94.475,95.3297,95.4518,96.917,59.9817,61.4469,58.8828,60.2259,34.4628,34.0354,33.1197,32.5092,15.1099,14.8657,15.7814,15.8425,15.7814,15.1709,14.9878,14.8657,48.7912,18.6081,25.5433,33.0647,85.6166,122.442,89.7192,72.0391,59,59,59,59,58.9438,59.4933,59.2491,59.6764,59,59,59,59,11.4469,11.2027,11.2637,11.3248,11.569,11.569,11.0195,11.2027,11.8132,12.4847,11.9353,12.1795,54.4872,56.1355,54.8535,55.5861,25.3053,24.6948,25.1221,25.6105,43.315,57.6618,43.6203,42.5824,32.265,32.7534,32.8144,33.9133,27.8083,27.8083,27.6252,27.381,42.5214,42.8266,42.6435,42.2161,33.3028,33.9744,33.3639,34.2186,25.0611,25.3053,24.8168,24.8168,42.1551,43.0708,41.8498,42.1551,32.6923,33.3639,33.3028,32.6923,25.6716,24.9389,25.1832,29.7009,42.7045,43.6203,42.4603,42.6435,15.6593,15.232,30.9829,15.4762,15.293,15.1099,38.9194,15.5372,16.0867,15.232,16.453,15.4151,35.3175,35.5006,36.0501,35.6838,97.2222,98.0769,97.2222,98.138,59.9817,59.188,60.1038,59.7375,59,59,59,59,59.6764,59.6764,59.6764,59.3712,5.7081800000000005,0.396825,9.85959,55.525,40.9341,46.917,41.2393,46.4896,32.0818,47.1001,2.77778,0.396825,1101.24,170.62,1396.99,0.0,1.0,1.0,1.0,1.0,0.0,0.07783949999999999,42.6297,42.6297,42.0589,42.6816,0.129731,14.6862,97.4918,87.046,91.8859,96.0866,0.0,8.00549,40.4266,0.0,0.0,-75.5434,98.5763,95.1803,46.2952,344.851,45.8815,331.277,287.825,43.8843,424.652,417.599,415.436,520.9780000000002,505.564,599.924,421.13,416.445,525.701,503.632,597.196,409.924,407.254,514.7230000000002,514.007,610.023,408.986,407.904,513.935,512.432,610.9580000000002,431.685,431.541,533.83,534.331,611.461,432.62,431.757,534.116,533.544,608.0830000000002,599.206,596.765,21.746,404.715,1141.92
2020-11-22 07:41:55,94.475,95.8791,95.4518,96.917,61.0195,61.4469,58.8828,60.7753,34.4628,34.0354,33.1197,32.5092,15.1099,14.8657,15.7814,15.8425,15.7814,15.1709,14.9878,14.8657,48.7912,19.7802,24.4689,32.1856,85.4212,122.442,88.4493,72.0391,59,59,59,59,58.9438,59.4933,59.2491,59.6764,59,59,59,59,11.4469,11.2027,11.2637,11.3248,11.569,11.569,11.0195,11.2027,11.8132,12.4847,11.9353,12.1795,54.4872,56.1355,54.8535,55.5861,25.3053,24.6948,25.1221,25.6105,43.315,57.6618,43.6203,42.5824,32.265,32.7534,32.265,33.9133,27.8083,27.8083,27.6252,27.381,42.5214,42.8266,42.6435,42.2161,33.3028,33.9744,33.3639,34.2186,25.0611,25.3053,24.8168,24.8168,42.1551,43.0708,41.8498,42.1551,32.6923,33.3639,33.3028,32.6923,25.6716,25.6105,25.1832,29.7009,42.7045,43.6203,42.4603,42.6435,15.6593,14.6825,30.9829,15.4762,15.293,15.1099,38.9194,15.5372,16.0867,15.232,16.453,15.4151,35.3175,35.5006,36.0501,35.6838,97.2222,98.0769,97.2222,98.138,59.9817,59.188,60.1038,59.7375,59,59,59,59,59.6764,59.6764,59.6764,59.3712,5.7081800000000005,0.396825,9.85959,55.525,40.9341,46.917,41.2393,46.4896,32.0818,47.1001,2.77778,0.396825,1101.21,170.62,1399.88,0.0,1.0,1.0,1.0,1.0,0.0,0.07783949999999999,42.6297,42.6297,42.0589,42.6816,0.129731,14.6862,95.5269,90.6741,89.8067,95.0941,0.0,8.00549,41.1693,0.0,0.0,-99.9857,98.5763,95.1803,45.699,345.598,45.1315,329.36300000000006,287.825,43.8843,424.652,417.599,415.436,519.952,505.564,599.924,421.13,416.445,525.701,503.632,597.196,409.924,407.254,514.7230000000002,514.007,610.023,408.986,407.904,513.935,512.432,610.9580000000002,431.685,431.541,533.83,534.331,611.461,432.62,431.757,534.116,533.544,608.0830000000002,599.206,596.765,21.5751,404.186,1141.92
2020-11-22 07:42:00,95.0855,95.8791,95.4518,96.917,61.0195,62.4237,59.7985,61.569,34.4628,34.0354,33.1197,32.5092,15.1099,14.8657,15.7814,15.8425,15.7814,15.1709,14.9878,14.8657,48.7912,19.7802,24.4689,33.1624,87.7656,123.516,89.3284,71.0623,59,59,59,59,58.9438,59.4933,59.2491,59.6764,59,59,59,59,11.4469,11.2027,11.2637,11.3248,11.569,11.569,11.0195,11.2027,11.8132,12.4847,11.9353,12.1795,54.4872,56.1355,54.8535,55.5861,25.3053,24.6948,25.1221,25.6105,43.315,57.6618,43.6203,42.5824,32.265,32.7534,32.265,33.9133,27.8083,27.8083,27.6252,27.9304,42.5214,42.8266,42.6435,42.2161,33.3028,33.9744,33.3639,34.2186,25.0611,25.3053,24.8168,24.8168,42.3993,41.2393,41.8498,42.7656,32.6923,33.3639,33.3028,32.6923,25.6716,25.6105,25.1832,29.7009,42.7045,43.6203,42.4603,42.6435,15.6593,14.6825,30.9829,15.4762,15.293,15.1099,38.9194,15.5372,16.0867,15.232,16.453,15.4151,35.3175,35.5006,36.0501,35.6838,97.2222,98.0769,97.2222,98.138,59.9817,59.188,60.1038,59.7375,59,59,59,59,59.6764,59.6764,59.6764,59.3712,5.7081800000000005,0.396825,9.85959,56.3187,40.9341,46.917,41.2393,46.4896,32.0818,47.1001,2.77778,0.396825,1107.12,171.13299999999995,1398.23,0.0,1.0,1.0,1.0,1.0,0.0,0.07783949999999999,42.6297,42.6297,42.0589,42.6816,0.129731,14.6862,97.7974,87.5279,89.8067,94.386,0.0,8.00549,40.5015,0.0,0.0,-83.0646,98.5763,95.1803,45.699,343.367,45.1315,325.931,287.825,43.8843,424.652,417.599,415.436,519.952,505.564,599.924,421.13,416.445,525.701,503.632,597.196,409.924,407.254,514.7230000000002,514.007,610.023,408.986,407.904,513.935,512.432,610.9580000000002,431.685,431.541,533.83,534.331,611.461,432.62,431.757,534.116,533.544,607.077,599.206,596.765,21.5751,404.715,1141.92
2020-11-22 07:42:05,95.0855,95.8791,96.0623,96.3675,61.0195,62.9731,59.7985,61.569,34.4628,34.0354,33.1197,32.5092,15.1099,14.8657,15.7814,15.8425,15.7814,15.1709,14.9878,14.8657,48.7912,20.757,24.4689,33.1624,87.7656,124.396,89.3284,71.0623,59,59,59,59,58.9438,59.4933,59.2491,59.6764,59,59,59,59,11.4469,11.2027,11.2637,11.3248,11.569,11.569,11.0195,11.2027,11.8132,12.4847,11.9353,12.1795,54.4872,56.1355,54.8535,55.5861,25.3053,24.6948,25.1221,25.6105,43.315,57.6618,43.6203,43.315,32.265,32.7534,32.265,33.9133,27.8083,27.8083,27.6252,27.9304,42.5214,42.8266,42.6435,42.2161,33.3028,33.9744,33.3639,34.2186,25.0611,25.3053,24.8168,24.8168,42.3993,42.1551,41.8498,42.7656,32.6923,33.3639,33.3028,32.6923,25.6716,25.6105,25.1832,29.7009,42.7045,43.6203,42.4603,43.6813,15.6593,14.6825,30.9829,15.4762,15.293,15.1099,38.9194,15.5372,16.0867,15.232,16.453,15.4151,35.3175,35.5006,36.0501,35.6838,97.2222,98.0769,97.2222,98.138,59.9817,59.188,60.1038,59.7375,59,59,59,59,59.6764,59.6764,59.6764,59.3712,5.7081800000000005,0.396825,9.85959,56.3187,40.9341,46.917,41.2393,46.4896,32.0818,47.1001,2.77778,0.396825,1107.03,171.13299999999995,1402.75,0.0,1.0,1.0,1.0,1.0,0.0,0.07783949999999999,42.6297,42.6297,42.0589,42.6816,0.129731,14.6862,97.9764,87.335,90.4251,95.7965,0.0,8.00549,38.6353,0.0,0.0,-83.8727,98.5763,95.1803,46.2007,342.223,45.8375,323.103,287.825,43.8843,424.652,417.599,415.436,519.952,505.564,599.924,421.13,416.445,525.534,503.632,597.196,409.924,407.254,514.7230000000002,514.007,610.023,408.986,407.904,513.935,512.432,610.9580000000002,431.685,431.541,533.83,534.331,611.461,432.62,431.757,533.114,532.5419999999998,607.077,599.206,596.765,21.5751,404.186,1143.11
2020-11-22 07:42:10,95.0855,96.4286,96.0623,96.3675,62.3016,62.9731,60.7753,61.569,34.4628,34.0354,33.1197,32.5092,15.1099,14.8657,15.7814,15.8425,15.7814,15.1709,14.9878,14.8657,47.8144,20.757,24.4689,34.0415,87.7656,124.396,88.3516,71.9414,59,59,59,59,58.9438,59.4933,59.2491,59.6764,59,59,59,59,11.4469,11.2027,11.2637,11.3248,11.569,11.569,11.0195,11.2027,11.8132,12.4847,11.9353,12.1795,54.4872,56.1355,54.8535,55.5861,25.3053,24.6948,25.1221,25.6105,43.315,57.6618,43.6203,43.4982,32.265,32.7534,32.3871,33.9133,27.8083,27.8083,27.6252,27.9304,42.5214,42.8266,42.6435,42.2161,33.3028,33.9744,33.3639,34.2186,25.0611,25.3053,24.8168,24.8168,42.3993,42.1551,41.8498,42.7656,32.6923,33.3639,33.3028,32.6923,25.6716,25.0611,25.1832,29.7009,42.7045,43.6203,42.4603,43.0098,15.6593,14.6825,30.9829,15.4762,15.293,15.1099,38.9194,15.5372,16.0867,15.232,16.453,15.4151,35.3175,35.5006,36.0501,35.6838,97.2222,98.0769,97.2222,98.138,59.9817,59.188,60.1038,59.7375,59,59,59,59,59.6764,59.6764,59.6764,59.3712,5.7081800000000005,0.396825,9.85959,56.3187,40.9341,46.917,41.2393,46.4896,32.0818,47.1001,2.77778,0.396825,1110.57,171.13299999999995,1396.35,0.0,1.0,1.0,1.0,1.0,0.0,0.07783949999999999,43.1487,42.6297,42.0589,42.6816,0.129731,14.0393,97.6097,89.21799999999998,90.2227,93.6601,0.0,8.00549,37.7508,0.0,0.0,-60.7115,98.5763,95.1803,46.2007,344.04,44.6522,321.171,287.825,43.8843,424.652,417.599,415.436,519.952,505.564,599.924,421.13,416.445,525.391,503.632,597.196,409.924,407.254,514.7230000000002,514.007,610.023,408.986,407.904,513.935,512.432,610.9580000000002,431.685,431.541,533.83,534.331,611.461,432.62,431.757,533.114,532.5419999999998,607.077,599.206,596.765,21.5751,404.186,1143.74
2020-11-22 07:42:15,95.0855,96.4286,96.0623,96.3675,62.3016,62.9731,60.7753,62.3016,34.4628,34.0354,33.1197,32.5092,15.1099,14.8657,15.7814,15.8425,15.7814,14.6215,14.9878,14.8657,47.8144,19.8779,23.5897,33.0647,87.7656,123.419,90.4029,71.9414,59,59,59,59,58.9438,59.4933,59.2491,59.6764,59,59,59,59,11.4469,11.2027,11.2637,11.3248,11.0195,11.569,11.0195,11.2027,11.8132,12.4847,11.9353,12.1795,54.4872,56.1355,54.8535,55.5861,25.3053,24.6948,25.1221,25.6105,43.315,57.6618,43.6203,43.4982,32.265,32.7534,33.4249,33.9133,27.8083,27.8083,27.6252,27.9304,42.5214,42.8266,42.6435,42.2161,33.3028,33.9744,33.3639,34.2186,25.0611,25.3053,24.8168,24.8168,42.3993,42.8266,41.8498,42.7656,32.6923,33.3639,33.3028,32.6923,25.6716,25.9768,25.1832,29.7009,42.7045,43.6203,42.4603,43.0098,15.6593,14.6825,30.9829,15.4762,15.293,15.1099,38.9194,15.5372,16.0867,15.232,16.453,15.4151,35.3175,35.5006,36.0501,35.6838,97.2222,98.0769,97.2222,98.138,59.9817,59.188,60.1038,59.7375,59,59,59,59,59.6764,59.6764,59.6764,59.3712,5.7081800000000005,0.396825,9.85959,56.3187,40.9341,46.917,41.2393,46.4896,32.0818,48.3211,2.77778,0.396825,1108.3,171.13299999999995,1393.26,0.0,1.0,1.0,1.0,1.0,0.0,0.07783949999999999,43.1487,42.6297,42.0589,42.6816,0.129731,14.0393,95.7909,88.1669,89.9056,94.8143,0.0,8.00549,32.6949,0.0,0.0,-64.3202,98.5763,95.1803,46.2007,345.673,43.4737,319.026,287.825,43.8843,424.652,417.599,415.436,519.952,505.564,599.924,421.13,416.445,525.248,503.632,597.196,409.924,407.254,514.7230000000002,514.007,610.023,408.986,407.904,513.935,512.432,610.9580000000002,431.685,431.541,533.83,534.331,611.461,432.62,431.757,533.114,532.5419999999998,607.077,599.206,596.765,21.5751,404.186,1143.74
2020-11-22 07:42:20,95.0855,96.4286,96.0623,96.3675,62.3016,63.5226,60.7753,62.3016,34.4628,34.0354,33.1197,32.5092,15.1099,15.4151,15.7814,15.8425,15.7814,15.232,14.9878,14.8657,48.7912,19.8779,23.5897,33.0647,87.7656,124.298,90.4029,71.0623,59,59,59,59,58.9438,59.4933,59.2491,59.6764,59,59,59,59,11.4469,11.2027,11.2637,11.3248,11.0195,11.569,11.0195,11.2027,11.8132,12.4847,11.9353,12.1795,54.4872,56.1355,54.8535,55.5861,25.9158,25.2442,25.1221,25.6105,43.315,57.6618,43.6203,43.4982,32.265,32.7534,32.265,33.9133,27.8083,27.8083,27.6252,27.9304,42.5214,42.8266,42.6435,42.2161,33.3028,33.9744,33.3639,34.2186,25.0611,25.3053,24.8168,24.8168,42.3993,43.3761,41.8498,42.7656,32.6923,33.3639,33.3028,32.6923,25.6716,25.9768,25.1832,29.7009,42.7045,43.6203,42.4603,43.0098,15.6593,14.6825,30.9829,15.4762,15.293,15.1099,38.9194,15.5372,16.0867,15.232,16.453,15.4151,35.3175,35.5006,36.0501,35.6838,97.2222,98.0769,97.2222,98.138,59.9817,59.188,60.1038,59.7375,59,59,59,59,59.6764,59.6764,59.6764,59.3712,5.7081800000000005,0.396825,9.85959,56.3187,40.9341,47.8327,41.2393,46.4896,32.0818,48.3211,2.77778,0.396825,1105.94,171.13299999999995,1395.19,0.0,1.0,1.0,1.0,1.0,0.0,0.07783949999999999,43.1487,43.0968,42.0589,42.6816,0.129731,13.3631,97.8964,87.6417,92.0024,93.9279,0.0,8.00549,34.7832,0.0,0.0,-56.4693,98.5763,95.1803,44.9696,344.99300000000005,42.9074,317.37,287.825,43.8843,424.652,417.599,415.436,519.952,505.564,599.924,421.13,416.445,525.105,503.632,597.196,409.924,407.254,514.7230000000002,514.007,610.023,408.986,407.904,513.935,512.432,610.9580000000002,431.685,431.541,533.83,533.3290000000002,611.461,432.62,431.757,533.114,532.5419999999998,607.077,599.206,596.765,21.5751,404.715,1143.74
2020-11-22 07:42:25,95.0855,96.4286,96.0623,96.3675,62.3016,63.5226,60.7753,62.3016,34.4628,34.0354,33.1197,32.5092,15.1099,15.4151,15.7814,14.9878,15.7814,15.232,14.9878,14.8657,48.7912,20.757,22.7106,31.7949,87.7656,122.93,91.2821,71.0623,59,59,59,59,58.9438,59.4933,59.2491,59.6764,59,59,59,59,11.4469,11.2027,11.2637,11.3248,11.0195,11.569,11.0195,11.2027,11.8132,12.4847,11.9353,12.1795,54.4872,56.1355,54.8535,55.5861,25.9158,25.2442,25.1221,25.6105,43.315,57.6618,43.6203,43.4982,32.265,32.7534,32.8144,33.9133,27.8083,27.8083,27.6252,27.9304,42.5214,42.8266,42.6435,42.2161,33.3028,33.9744,33.3639,34.2186,25.0611,25.3053,24.8168,24.8168,42.3993,43.3761,41.8498,42.7656,32.6923,33.3639,33.3028,32.6923,25.6716,25.2442,25.1832,29.7009,42.7045,43.6203,42.4603,43.0098,15.6593,14.6825,30.9829,15.4762,15.293,15.1099,38.9194,15.5372,16.0867,15.232,16.453,15.4151,35.3175,35.5006,36.0501,35.6838,97.2222,98.0769,97.2222,98.138,59.9817,59.188,60.1038,59.7375,59,59,59,59,59.6764,59.6764,59.6764,59.3712,5.7081800000000005,0.396825,9.85959,56.3187,40.9341,47.8327,41.2393,46.4896,32.0818,48.3211,2.77778,0.396825,1101.21,171.13299999999995,1396.06,0.0,1.0,1.0,1.0,1.0,0.0,0.07783949999999999,43.1487,43.0968,42.0589,42.6816,0.129731,13.3631,97.0675,89.4162,91.0727,95.0051,0.0,8.00549,35.2989,0.0,0.0,-23.3173,98.5763,95.1803,44.4229,344.99300000000005,43.6116,316.243,287.825,42.872,424.652,417.599,415.436,519.952,505.564,599.924,421.13,416.445,524.962,503.632,597.196,409.924,407.254,514.7230000000002,514.007,610.023,408.986,407.904,513.935,512.432,610.9580000000002,431.685,431.541,533.83,533.3290000000002,611.461,432.62,431.757,533.114,532.5419999999998,607.077,599.206,596.765,21.5751,404.186,1143.08
2020-11-22 07:42:30,95.0855,96.4286,96.0623,96.3675,62.3016,63.5226,60.7753,62.3016,34.4628,34.0354,33.1197,32.5092,15.1099,15.4151,15.7814,16.1477,15.7814,15.232,14.9878,14.8657,48.7912,20.757,23.5897,31.7949,87.7656,122.93,91.2821,70.0855,59,59,59,59,58.9438,59.4933,59.2491,59.6764,59,59,59,59,11.4469,11.2027,11.2637,11.3248,11.0195,11.569,11.0195,11.2027,11.8132,12.4847,11.9353,12.1795,54.4872,56.1355,54.8535,55.5861,25.9158,25.2442,25.1221,25.6105,43.315,57.6618,43.6203,43.4982,32.265,32.7534,32.8144,33.9133,27.8083,27.8083,27.6252,27.9304,42.5214,42.8266,42.6435,42.2161,33.3028,33.9744,33.3639,34.2186,25.0611,25.3053,24.8168,24.8168,42.3993,43.3761,41.8498,42.7656,32.6923,33.3639,33.3028,32.6923,25.6716,26.0379,25.1832,29.7009,42.7045,43.6203,42.4603,43.0098,15.6593,14.6825,30.9829,15.4762,15.293,15.1099,38.9194,15.5372,16.0867,15.232,16.453,15.4151,35.3175,35.5006,36.0501,35.6838,97.2222,98.0769,97.2222,98.138,59.9817,59.188,60.1038,59.7375,59,59,59,59,59.6764,59.6764,59.6764,59.3712,5.7081800000000005,0.396825,7.8449300000000015,56.3187,39.2247,47.8327,41.2393,46.4896,32.0818,48.3211,2.77778,0.396825,1101.21,171.13299999999995,1392.17,0.0,1.0,1.0,1.0,1.0,0.0,0.07783949999999999,43.1487,43.0968,42.0589,42.6816,0.129731,13.3631,97.1151,86.9045,90.936,95.8593,0.0,8.00549,34.6233,0.0,0.0,-31.8955,98.5763,95.1803,44.4229,347.116,43.6116,315.197,287.825,42.872,424.652,417.599,415.436,519.952,505.564,599.924,421.13,416.445,524.819,503.632,597.196,409.924,407.254,514.7230000000002,514.007,610.023,408.986,407.904,512.933,512.432,610.9580000000002,431.685,431.541,533.83,533.3290000000002,611.461,432.62,431.757,533.114,532.5419999999998,607.077,599.206,596.765,21.5751,404.715,1141.9
2020-11-22 07:42:35,95.0855,96.4286,96.0623,96.3675,62.3016,64.1331,60.7753,62.3016,34.4628,34.0354,33.1197,32.5092,15.1099,15.4151,15.7814,15.5983,15.7814,15.232,14.9878,14.8657,48.7912,19.6825,23.5897,32.674,87.7656,122.93,90.4029,70.0855,59,59,59,59,58.9438,59.4933,59.2491,59.6764,59,59,59,59,11.4469,11.2027,11.2637,11.3248,10.4701,11.569,11.0195,11.2027,11.8132,12.4847,11.9353,12.1795,54.4872,56.1355,54.8535,55.5861,25.9158,25.2442,25.1221,25.6105,43.315,57.6618,43.6203,43.4982,32.265,32.7534,32.8144,33.9133,27.8083,27.8083,27.6252,27.9304,42.5214,42.8266,42.6435,42.7656,33.3028,33.9744,33.3639,34.2186,25.0611,25.3053,24.8168,24.8168,42.3993,42.6435,41.8498,42.7656,32.6923,33.3639,33.3028,32.6923,25.6716,26.0379,25.1832,29.7009,42.7045,43.6203,42.4603,43.0098,15.6593,14.6825,30.9829,15.4762,15.293,15.1099,38.9194,15.5372,16.0867,15.232,16.453,15.4151,35.3175,35.5006,36.0501,35.6838,97.2222,98.0769,97.2222,98.138,59.9817,59.188,60.1038,59.7375,59,59,59,59,59.6764,59.6764,59.6764,59.3712,5.7081800000000005,0.396825,7.8449300000000015,56.3187,39.2247,47.8327,41.2393,46.4896,32.0818,48.3211,2.77778,0.396825,1098.8,171.13299999999995,1396.81,0.0,1.0,1.0,1.0,1.0,0.0,0.07783949999999999,43.1487,43.0968,42.0589,42.6816,0.129731,13.9658,98.2243,88.1718,90.1639,97.2549,0.0,8.00549,34.1283,0.0,0.0,-44.6019,98.5763,95.1803,45.6966,347.045,43.6116,314.449,287.825,42.872,424.652,417.599,415.436,518.95,505.564,599.924,421.13,416.445,524.5319999999998,503.632,597.196,409.924,407.254,514.7230000000002,514.007,610.023,408.986,407.904,512.933,512.432,610.9580000000002,430.677,431.541,533.83,533.3290000000002,611.461,432.62,431.757,533.114,532.5419999999998,607.077,599.206,596.765,21.5751,404.715,1141.23
2020-11-22 07:42:40,95.0855,96.4286,96.0623,96.3675,62.3016,64.1331,60.7753,62.3016,34.4628,34.0354,33.1197,32.5092,15.1099,15.4151,15.7814,14.9267,15.7814,15.232,14.9878,14.8657,47.7167,19.6825,23.5897,32.674,87.7656,122.93,90.4029,71.9414,59,59,59,59,58.9438,59.4933,59.2491,59.6764,59,59,59,59,11.4469,11.2027,11.2637,11.3248,10.4701,11.569,11.0195,11.2027,11.8132,12.4847,11.9353,12.1795,54.4872,56.1355,54.8535,55.5861,25.9158,25.2442,25.1221,25.6105,43.315,57.6618,43.6203,43.4982,32.265,32.7534,32.8144,33.9133,27.8083,27.8083,27.6252,27.9304,42.5214,42.8266,42.6435,42.7656,33.3028,33.9744,33.3639,34.2186,25.0611,25.3053,24.8168,24.8168,42.3993,42.6435,42.3993,42.7656,32.6923,33.3639,33.3028,32.6923,25.6716,26.0379,25.1832,29.7009,42.7045,43.6203,42.4603,43.0098,15.6593,14.6825,30.9829,15.4762,15.293,15.1099,38.9194,15.5372,16.0867,15.232,16.453,15.4151,35.3175,35.5006,36.0501,35.6838,97.2222,98.0769,97.2222,98.138,59.9817,59.188,60.1038,59.7375,59,59,59,59,59.6764,59.6764,59.6764,59.3712,5.7081800000000005,0.396825,7.8449300000000015,56.3187,39.2247,47.8327,41.2393,46.4896,30.3114,48.3211,2.77778,0.396825,1099.91,171.13299999999995,1394.93,0.0,1.0,1.0,1.0,1.0,0.0,0.07783949999999999,43.1487,43.0968,42.0589,42.6816,0.129731,14.6715,96.5342,89.6775,90.9916,94.9375,0.0,8.00549,34.0731,0.0,0.0,-36.0853,98.5763,95.1803,45.6966,347.045,44.1355,311.829,287.825,42.872,424.652,417.599,415.436,518.95,505.564,599.924,421.13,416.445,524.389,503.632,597.196,409.924,407.254,514.7230000000002,514.007,609.0169999999998,408.986,407.904,512.933,512.432,610.9580000000002,430.677,431.541,533.83,533.3290000000002,611.461,432.62,431.757,533.114,532.5419999999998,607.077,599.206,596.765,21.5751,404.715,1139.58
2020-11-22 07:42:45,95.0855,96.4286,96.0623,95.8181,64.072,64.1331,61.569,62.3016,34.4628,34.0354,33.1197,32.5092,15.1099,15.4151,15.7814,14.9267,15.7814,14.6215,14.9878,14.8657,47.7167,19.6825,23.5897,32.674,86.7888,122.735,90.4029,71.9414,59,59,59,59,58.9438,59.4933,59.2491,59.6764,59,59,59,59,11.4469,11.2027,11.2637,11.3248,10.4701,11.569,11.0195,11.2027,11.8132,12.4847,11.9353,12.1795,54.4872,56.1355,54.8535,55.5861,25.9158,25.2442,25.1221,25.6105,43.315,57.6618,43.6203,43.4982,32.265,32.7534,32.8144,33.9133,27.8083,27.8083,27.6252,27.9304,42.5214,42.8266,42.6435,42.7656,33.3028,33.9744,33.3639,34.2186,25.0611,25.3053,24.8168,24.8168,42.3993,42.6435,42.3993,42.7656,32.6923,33.3639,33.3028,32.6923,25.6716,24.9389,25.1832,29.7009,42.7045,43.6203,42.4603,43.0098,15.6593,14.6825,30.9829,15.4762,15.293,15.1099,38.9194,15.5372,16.0867,15.232,16.453,15.4151,35.3175,35.5006,36.0501,35.6838,97.2222,98.0769,97.2222,98.138,59.9817,59.188,60.1038,59.7375,59,59,59,59,59.6764,59.6764,59.6764,59.3712,5.7081800000000005,0.396825,7.8449300000000015,56.3187,39.2247,47.8327,38.7973,46.4896,30.3114,48.3211,2.77778,0.396825,1101.06,171.13299999999995,1392.65,0.0,1.0,1.0,1.0,1.0,0.0,0.07783949999999999,43.1487,43.0968,42.0589,42.6816,0.129731,14.6715,97.2648,87.2163,90.1996,95.9796,0.0,8.00549,33.62,0.0,0.0,-40.2134,98.5763,95.1803,44.9641,346.21,45.6187,309.6690000000001,287.825,42.872,424.652,417.599,415.436,518.95,505.564,599.924,421.13,416.445,524.246,503.632,597.196,409.924,407.254,514.7230000000002,514.007,609.0169999999998,408.986,407.904,512.933,512.432,610.9580000000002,430.677,431.541,533.83,533.3290000000002,611.461,431.61300000000006,431.757,533.114,532.5419999999998,607.077,599.206,596.765,21.5751,404.715,1139.01
2020-11-22 07:42:50,95.0855,96.4286,96.0623,95.8181,64.072,64.6825,62.1184,62.851000000000006,34.4628,34.0354,33.1197,32.5092,15.1099,15.4151,15.7814,15.5372,15.7814,14.6215,14.9878,14.8657,47.7167,19.6825,23.5897,32.674,86.7888,122.735,90.5983,71.9414,59,59,59,59,58.9438,59.4933,59.2491,59.6764,59,59,59,59,11.4469,11.2027,11.2637,11.3248,10.6532,11.569,11.0195,11.2027,11.8132,12.4847,11.9353,12.1795,54.4872,56.1355,54.8535,55.5861,25.9158,25.2442,25.1221,25.6105,43.315,57.6618,43.6203,43.4982,32.265,32.7534,32.8144,33.3639,27.8083,27.8083,27.6252,27.9304,42.5214,42.8266,42.6435,42.7656,33.3028,33.9744,33.3639,34.2186,25.0611,25.3053,24.8168,24.8168,42.3993,42.6435,42.3993,42.7656,32.6923,33.3639,33.3028,32.6923,25.6716,26.0379,25.1832,29.7009,42.7045,43.6203,42.4603,43.0098,15.6593,14.6825,30.9829,15.4762,15.293,15.1099,38.9194,15.5372,16.0867,15.232,16.453,15.4151,35.3175,35.5006,36.0501,35.6838,97.2222,98.0769,97.2222,98.138,59.9817,59.188,60.1038,59.7375,59,59,59,59,59.6764,59.6764,59.6764,59.3712,5.7081800000000005,0.396825,7.8449300000000015,56.3187,39.2247,47.8327,38.7973,46.4896,30.3114,48.3211,2.77778,0.396825,1105.76,171.13299999999995,1396.83,0.0,1.0,1.0,1.0,1.0,0.0,0.07783949999999999,43.1487,43.0968,42.5259,42.6816,0.129731,14.6715,96.1586,88.8377,88.7467,95.9796,0.0,8.00549,33.62,0.0,0.0,-34.9115,98.5763,95.1803,44.9641,342.019,47.2946,306.935,287.825,42.872,424.652,417.599,415.436,518.95,505.564,598.895,421.13,416.445,524.1030000000002,503.632,597.196,409.924,407.254,514.7230000000002,514.007,609.0169999999998,408.986,407.904,512.933,512.432,610.9580000000002,430.677,431.541,533.83,533.3290000000002,610.4540000000002,431.61300000000006,431.757,533.114,532.5419999999998,607.077,599.206,596.765,21.5751,404.186,1139.01
2020-11-22 07:42:55,95.0855,96.4286,96.0623,95.8181,63.5226,64.6825,62.1184,62.851000000000006,34.4628,34.0354,33.1197,33.1197,15.1099,15.4151,15.7814,15.5372,15.7814,14.6215,14.9878,14.8657,47.7167,19.6825,23.5897,32.674,86.7888,122.735,89.6215,71.8437,59,59,59,59,58.9438,59.4933,59.2491,59.6764,59,59,59,59,11.4469,11.2027,11.2637,11.3248,10.6532,11.569,11.0195,11.2027,11.8132,12.4847,11.9353,12.1795,54.4872,56.1355,54.8535,55.5861,25.9158,25.2442,25.1221,25.6105,43.315,57.6618,43.6203,43.4982,32.265,32.7534,32.8144,33.3639,27.8083,27.8083,27.6252,27.9304,42.5214,42.8266,42.6435,42.7656,33.3028,33.9744,33.3639,34.2186,25.0611,25.3053,24.8168,24.8168,42.3993,42.6435,42.3993,42.7656,32.6923,33.3639,33.3028,32.6923,25.6716,26.0379,25.1832,29.7009,42.7045,43.6203,42.4603,43.0098,15.6593,14.6825,30.9829,15.4762,15.293,15.1099,38.9194,15.5372,16.0867,15.232,16.453,15.4151,35.3175,35.5006,36.0501,35.6838,97.2222,98.0769,97.2222,98.138,59.9817,59.188,60.1038,59.7375,59,59,59,59,59.6764,59.6764,59.6764,59.3712,5.7081800000000005,0.396825,7.8449300000000015,56.3187,39.2247,49.0537,38.7973,47.7717,30.3114,48.3211,2.77778,0.396825,1103.4,171.68099999999995,1394.35,0.0,1.0,1.0,1.0,1.0,0.0,0.07783949999999999,43.1487,43.0968,42.5259,43.1487,0.129731,15.2889,98.4108,89.2498,90.5095,95.9796,0.0,8.00549,33.5779,0.0,0.0,-25.1439,98.5763,95.1803,46.2025,338.991,45.9257,304.74,287.825,42.872,424.652,417.599,415.436,518.95,505.564,598.895,421.13,416.445,523.96,503.632,597.196,409.924,407.254,513.721,514.007,609.0169999999998,408.986,407.904,512.933,512.432,610.9580000000002,430.677,431.541,533.83,533.3290000000002,610.4540000000002,431.61300000000006,431.757,533.114,532.5419999999998,607.077,599.206,596.765,21.5751,405.244,1139.01
2020-11-22 07:43:00,95.0855,96.4286,96.0623,95.8181,63.5226,64.6825,62.1184,63.8278,34.4628,34.0354,33.1197,33.1197,15.1099,15.4151,15.7814,15.5372,15.7814,14.6215,14.9878,14.8657,48.5958,19.6825,23.5897,32.674,85.7143,122.735,89.6215,72.7228,59,59,59,59,58.9438,59.4933,59.2491,59.6764,59,59,59,59,11.4469,11.2027,11.2637,11.3248,10.6532,11.569,11.0195,11.2027,11.8132,12.4847,11.9353,12.1795,54.4872,56.1355,54.8535,55.5861,25.9158,25.2442,25.1221,25.6105,43.315,57.6618,43.6203,43.4982,32.265,32.7534,32.8144,32.7534,27.8083,27.8083,27.6252,27.9304,43.315,42.8266,42.6435,42.7656,33.3028,33.9744,33.3639,34.2186,25.0611,25.3053,24.8168,24.8168,42.3993,42.6435,42.3993,42.7656,32.6923,33.3639,33.3028,32.6923,25.6716,25.0,25.1832,29.7009,42.7045,43.6203,42.4603,43.0098,15.6593,14.6825,30.9829,15.4762,15.293,15.1099,38.9194,15.5372,16.0867,15.232,16.453,15.4151,35.3175,35.5006,36.0501,35.6838,97.2222,98.0769,97.2222,98.138,59.9817,59.188,60.1038,59.7375,59,59,59,59,59.6764,59.6764,59.6764,59.3712,5.7081800000000005,0.396825,7.8449300000000015,56.3187,39.2247,47.8327,38.7973,47.7717,30.3114,48.3211,2.77778,0.396825,1105.93,171.68099999999995,1399.57,0.0,1.0,1.0,1.0,1.0,0.0,0.07783949999999999,43.1487,43.0968,42.5259,43.1487,0.129731,15.921,99.5064,89.4553,89.5342,98.0686,0.0,8.00549,35.9862,0.0,0.0,-26.2892,98.5763,95.1803,47.4866,337.913,43.8807,304.221,287.825,42.872,424.652,417.599,415.436,518.95,505.564,598.895,421.13,416.445,523.817,503.632,597.196,409.924,407.254,513.721,514.007,609.0169999999998,408.986,407.904,512.933,512.432,610.9580000000002,430.677,431.541,533.83,533.3290000000002,610.4540000000002,431.61300000000006,431.757,533.114,532.5419999999998,607.077,599.206,596.765,21.5751,404.715,1138.5
2020-11-22 07:43:05,95.696,96.4286,96.6117,98.138,63.5226,65.232,62.1184,63.8278,34.4628,34.0354,33.1197,33.1197,15.1099,15.4151,15.7814,15.5372,15.7814,14.6215,14.9878,14.8657,48.5958,19.6825,23.5897,31.7949,85.7143,124.689,90.5983,71.74600000000002,59,59,59,59,58.9438,59.4933,59.2491,59.6764,59,59,59,59,11.4469,11.2027,11.2637,11.3248,10.6532,11.569,11.0195,11.2027,11.8132,12.4847,11.9353,12.1795,54.4872,56.1355,54.8535,55.5861,25.9158,25.2442,25.1221,25.6105,43.315,57.6618,43.6203,43.4982,32.265,32.7534,32.8144,32.7534,27.8083,27.8083,27.6252,27.9304,43.315,42.8266,42.6435,42.7656,33.3028,33.9744,33.3639,34.2186,25.0611,25.3053,24.8168,25.3663,42.5214,42.6435,42.3993,42.7656,32.6923,33.3639,33.3028,32.6923,25.6716,25.7326,25.1832,29.7009,42.7045,43.6203,42.4603,43.0098,15.6593,14.6825,30.9829,15.4762,15.293,15.1099,38.9194,15.5372,16.0867,15.232,16.453,15.4151,35.3175,35.5006,36.0501,35.6838,97.2222,98.0769,97.2222,98.138,59.9817,59.188,60.1038,59.7375,59,59,59,59,59.6764,59.6764,59.6764,59.3712,5.7081800000000005,0.396825,6.9291800000000014,56.3187,39.2247,47.8327,38.7973,47.7717,30.3114,48.3211,2.77778,0.396825,1109.35,171.68099999999995,1398.62,0.0,1.0,1.0,1.0,1.0,0.0,0.07783949999999999,43.1487,43.0968,42.5259,43.1487,0.129731,15.3036,97.862,88.8156,90.3597,95.816,0.0,8.00549,32.6663,0.0,0.0,-43.5107,98.5763,95.1803,48.0017,337.375,41.9728,305.175,287.825,42.872,424.652,417.599,414.402,518.95,505.564,598.895,421.13,416.445,523.817,503.632,597.196,409.924,407.254,513.721,514.007,609.0169999999998,408.986,407.904,512.933,512.432,610.9580000000002,430.677,431.541,533.83,533.3290000000002,610.4540000000002,431.61300000000006,431.757,533.114,532.5419999999998,607.077,598.177,596.765,21.5751,404.715,1139.05
2020-11-22 07:43:10,95.696,96.4286,96.6117,98.138,63.5226,65.232,62.1184,63.8278,34.4628,34.0354,33.1197,33.1197,15.1099,15.4151,15.7814,15.5372,15.7814,14.6215,14.9878,14.8657,48.5958,19.6825,23.5897,31.7949,85.7143,123.614,90.5983,70.6715,59,59,59,59,58.9438,59.4933,59.2491,59.6764,59,59,59,59,11.4469,11.2027,11.2637,11.3248,10.6532,11.569,11.0195,11.2027,11.8132,12.4847,11.9353,12.1795,54.4872,56.1355,54.8535,55.5861,25.9158,25.2442,25.1221,25.6105,43.315,58.2723,43.0708,43.4982,32.265,32.7534,31.6545,32.7534,27.8083,27.8083,27.6252,27.9304,43.315,42.8266,42.6435,42.7656,33.3028,33.9744,33.3639,34.2186,25.0611,25.3053,24.8168,25.3663,42.5214,42.6435,42.3993,42.7656,32.6923,33.3639,33.3028,32.6923,25.6716,26.2821,25.1832,29.7009,42.7045,43.6203,42.4603,43.5592,15.6593,14.6825,30.9829,15.4762,15.293,15.1099,38.9194,15.5372,16.0867,15.232,16.453,15.4151,35.3175,35.5006,36.0501,35.6838,97.2222,98.0769,97.2222,98.138,59.9817,59.188,60.1038,59.7375,59,59,59,59,59.6764,59.6764,59.6764,59.3712,5.7081800000000005,0.396825,5.952380000000002,56.3187,39.2247,47.8327,38.7973,47.7717,30.3114,48.3211,2.77778,0.396825,1111.7,171.68099999999995,1398.31,0.0,1.0,1.0,1.0,1.0,0.0,0.07783949999999999,43.1487,43.0968,42.5259,43.1487,0.129731,15.3036,97.2196,87.101,90.3597,95.209,0.0,8.00549,35.3901,0.0,1.13764,-61.7978,98.5763,95.1803,47.1795,337.375,41.9728,309.541,287.825,42.872,424.652,417.599,414.402,518.95,505.564,598.895,421.13,416.445,523.674,503.632,597.196,409.924,407.254,513.721,514.007,609.0169999999998,408.986,407.904,512.933,512.432,610.9580000000002,430.677,431.541,533.83,533.3290000000002,610.4540000000002,431.61300000000006,431.757,533.114,532.5419999999998,607.077,598.177,596.765,21.5751,405.244,1139.68
2020-11-22 07:43:15,95.696,96.4286,96.6117,98.138,63.5226,65.232,62.1184,63.8278,34.4628,34.0354,33.1197,33.1197,15.1099,15.4151,15.7814,15.5372,15.7814,14.6215,14.9878,14.8657,48.5958,19.6825,23.5897,33.6508,87.4725,124.786,90.5983,70.6715,59,59,59,59,58.9438,59.4933,59.2491,59.6764,59,59,59,59,11.4469,11.2027,11.2637,11.3248,10.6532,11.569,11.0195,11.2027,11.8132,12.4847,11.9353,12.1795,54.4872,56.1355,54.8535,55.5861,25.9158,25.2442,25.1221,25.6105,44.5971,58.2723,43.0708,43.4982,32.265,32.7534,31.105,32.0818,27.8083,27.8083,27.6252,27.9304,43.315,42.8266,42.6435,42.7656,33.3028,33.9744,33.3639,34.2186,25.0611,25.3053,24.8168,25.3663,42.5214,42.6435,42.3993,42.7656,32.6923,33.3639,33.3028,32.6923,25.6716,26.2821,25.1832,29.7009,42.7045,43.6203,42.4603,43.5592,15.6593,14.6825,30.9829,15.4762,14.7436,15.1099,38.9194,15.5372,16.0867,15.232,16.453,15.4151,35.3175,35.5006,36.0501,35.6838,97.2222,98.0769,97.2222,98.138,59.9817,59.188,60.1038,59.7375,59,59,59,59,59.6764,59.6764,59.6764,59.3712,5.7081800000000005,0.396825,5.952380000000002,56.3187,39.2247,48.6264,38.7973,47.7717,30.3114,48.3211,2.77778,0.396825,1108.06,172.27599999999995,1394.57,0.0,1.0,1.0,1.0,1.0,0.0,0.07783949999999999,43.1487,43.0968,42.5259,43.1487,0.129731,15.3036,96.5833,88.5632,88.7567,97.7166,0.0,8.00549,30.3907,0.0,0.0,-85.083,98.5763,95.1803,45.6954,335.523,42.7081,311.092,287.825,42.872,424.652,417.599,414.402,518.95,505.564,598.895,420.097,416.445,523.674,503.632,597.196,409.924,407.254,513.721,513.005,609.0169999999998,408.986,407.904,512.933,512.432,610.9580000000002,430.677,431.541,533.83,533.3290000000002,610.4540000000002,431.61300000000006,430.749,533.114,532.5419999999998,607.077,598.177,596.765,21.5751,404.715,1140.23
2020-11-22 07:43:20,95.696,96.4286,96.6117,98.138,63.5226,66.2698,62.1184,63.8278,34.4628,34.0354,33.1197,33.1197,15.1099,15.4151,15.7814,15.5372,15.7814,14.6215,14.9878,14.8657,49.6703,19.6825,23.5897,32.674,87.4725,124.786,90.5983,70.6715,59,59,59,59,58.9438,59.4933,59.2491,59.6764,59,59,59,59,11.4469,11.2027,11.2637,11.3248,10.6532,11.569,11.0195,11.2027,11.8132,12.4847,11.9353,12.1795,54.4872,56.1355,54.8535,55.5861,25.9158,25.2442,25.1221,25.6105,44.5971,58.2723,43.8034,43.4982,32.265,32.7534,34.6459,32.0818,27.8083,27.8083,27.6252,27.9304,43.315,42.8266,42.6435,42.7656,33.3028,33.9744,33.3639,34.2186,25.0611,25.3053,24.8168,25.3663,43.3761,42.6435,42.3993,42.7656,32.6923,33.3639,33.3028,32.6923,25.6716,25.1832,25.1832,29.7009,42.7045,43.6203,42.4603,43.5592,15.6593,14.6825,30.9829,15.4762,14.7436,15.1099,38.9194,15.5372,16.0867,15.232,16.453,15.4151,35.3175,35.5006,36.0501,35.6838,97.2222,98.0769,97.2222,98.138,59.9817,59.188,60.1038,59.7375,59,59,59,59,59.6764,59.6764,59.6764,59.3712,5.7081800000000005,0.396825,5.952380000000002,56.3187,39.2247,48.6264,38.7973,47.7717,30.3114,48.3211,2.77778,0.396825,1103.34,172.27599999999995,1406.51,0.0,1.0,1.0,1.0,1.0,0.0,0.07783949999999999,43.1487,43.0968,42.5259,43.1487,0.129731,15.3036,98.3084,88.5632,90.8037,95.2016,0.0,8.00549,33.1907,0.0,0.0,-81.78399999999998,98.5763,95.1803,45.00899999999999,335.523,42.7264,311.7990000000001,287.825,42.872,423.644,417.599,414.402,518.95,505.564,598.895,420.097,415.412,523.674,503.632,597.196,409.924,407.254,513.721,513.005,609.0169999999998,408.986,407.904,512.933,512.432,610.9580000000002,430.677,431.541,533.83,533.3290000000002,610.4540000000002,431.61300000000006,430.749,533.114,532.5419999999998,607.077,598.177,596.765,21.5751,405.772,1140.23
2020-11-22 07:43:25,95.696,96.4286,96.6117,98.138,63.5226,66.2698,63.0342,63.8278,34.4628,34.0354,33.1197,33.1197,15.1099,15.4151,15.7814,14.9878,15.7814,14.6215,14.9878,14.8657,49.6703,19.6825,23.5897,31.7949,86.5934,125.861,92.7473,70.6715,59,59,59,59,58.9438,59.4933,59.2491,59.6764,59,59,59,59,11.4469,11.2027,11.2637,11.3248,10.6532,11.569,11.0195,11.2027,11.8132,12.4847,11.9353,12.1795,54.4872,56.1355,54.8535,55.5861,25.9158,25.2442,25.1221,25.6105,44.5971,58.2723,43.8034,43.4982,32.265,32.7534,33.9744,31.5324,27.8083,27.8083,27.6252,27.9304,43.315,42.8266,42.6435,42.7656,33.3028,33.9744,33.3639,34.2186,25.0611,25.3053,24.8168,25.3663,42.8266,42.6435,42.3993,42.7656,32.6923,33.3639,33.3028,32.6923,25.6716,26.0989,25.1832,29.7009,42.7045,43.6203,42.4603,43.5592,15.6593,14.6825,30.9829,15.4762,14.7436,15.1099,38.9194,15.5372,16.0867,15.232,16.453,15.4151,35.3175,35.5006,36.0501,35.6838,97.2222,98.0769,97.2222,98.138,59.9817,59.188,60.1038,59.7375,59,59,59,59,59.6764,59.6764,59.6764,59.3712,5.7081800000000005,0.396825,5.952380000000002,56.3187,39.2247,48.6264,38.7973,47.7717,30.3114,48.3211,2.77778,0.396825,1109.32,172.27599999999995,1400.83,0.0,1.0,1.0,1.0,1.0,0.0,0.07783949999999999,43.1487,43.0968,42.5259,43.1487,0.129731,14.7009,96.7581,90.3858,89.8241,95.3972,0.0,8.00549,33.2379,0.0,0.0,-79.8793,98.5763,95.1803,44.4229,336.656,42.7264,314.231,287.825,42.872,423.644,417.599,414.402,518.95,505.564,598.895,420.097,415.412,523.674,503.632,597.196,409.924,407.254,513.721,513.005,609.0169999999998,408.986,407.904,512.933,512.432,610.9580000000002,430.677,431.541,533.83,533.3290000000002,610.4540000000002,431.61300000000006,430.749,533.114,532.5419999999998,607.077,598.177,596.765,21.4042,404.186,1139.72
2020-11-22 07:43:30,95.696,96.978,96.6117,98.138,63.5226,66.2698,63.0342,65.1709,34.4628,34.0354,33.1197,33.1197,15.1099,15.4151,15.7814,15.6593,15.7814,14.6215,14.9878,14.8657,50.7448,19.6825,22.5153,31.7949,87.4725,125.861,92.7473,70.6715,59,59,59,59,58.9438,59.4933,59.2491,59.6764,59,59,59,59,11.4469,11.2027,11.2637,11.3248,11.2637,11.2027,11.0195,11.2027,11.8132,12.4847,11.9353,12.1795,54.4872,56.1355,54.8535,55.5861,25.9158,25.2442,25.1221,25.6105,44.5971,58.2723,43.8034,43.4982,32.265,32.7534,32.6313,31.5324,27.8083,27.8083,27.6252,27.9304,43.315,42.8266,42.6435,42.7656,33.3028,33.9744,33.3639,34.2186,25.0611,25.3053,24.8168,25.3663,42.8266,42.6435,42.3993,42.7656,32.6923,33.3639,33.3028,32.6923,26.4652,26.0989,25.1832,29.7009,42.7045,43.6203,42.4603,43.5592,15.6593,14.6825,30.9829,15.4762,14.7436,15.1099,38.9194,15.5372,16.0867,15.232,16.453,15.4151,35.3175,35.5006,36.0501,35.6838,97.2222,98.0769,97.2222,98.138,59.9817,59.188,60.1038,59.7375,59,59,59,59,59.6764,59.6764,59.6764,59.3712,5.7081800000000005,0.396825,5.952380000000002,56.3187,39.2247,48.6264,38.7973,47.7717,30.3114,48.3211,2.77778,0.396825,1103.41,172.829,1401.79,0.0,1.0,1.0,1.0,1.0,0.0,0.07783949999999999,43.1487,43.0968,42.5259,43.1487,0.129731,14.7009,97.3911,91.135,90.0016,96.0332,0.0,8.00549,33.7227,0.0,0.0,-72.6989,98.5763,95.1803,44.925,338.036,43.3085,317.833,287.825,42.872,423.644,417.599,414.402,518.95,505.564,598.895,420.097,415.412,523.674,503.632,597.196,409.924,407.254,513.721,513.005,609.0169999999998,408.986,407.904,512.933,512.432,610.9580000000002,430.677,430.533,533.83,533.3290000000002,610.4540000000002,431.61300000000006,430.749,533.114,532.5419999999998,607.077,598.177,596.765,21.4042,404.715,1139.72
2020-11-22 07:43:35,95.696,96.978,96.6117,98.138,64.3162,66.2698,63.5836,65.1709,34.4628,34.0354,32.5702,33.1197,15.1099,15.4151,15.7814,15.6593,15.7814,14.6215,14.9878,14.8657,49.8657,19.6825,21.6361,31.7949,88.7424,123.516,92.7473,72.0391,59,59,59,59,58.9438,59.4933,59.2491,59.6764,59,59,59,59,11.4469,11.2027,11.2637,11.3248,11.8132,11.2027,11.0195,11.2027,11.8132,12.4847,11.9353,12.1795,54.4872,56.1355,54.8535,55.5861,25.9158,25.2442,26.221,25.6105,44.5971,58.2723,43.8034,43.4982,32.265,32.7534,31.3492,30.9829,27.8083,27.8083,27.6252,27.9304,43.315,42.8266,42.6435,42.7656,33.3028,33.9744,33.3639,34.2186,25.0611,25.3053,24.8168,25.3663,42.8266,42.6435,42.3993,42.7656,32.6923,33.3639,33.3028,32.6923,26.4652,26.0989,25.1832,29.7009,42.7045,43.6203,42.4603,43.5592,15.6593,14.6825,30.9829,15.4762,14.7436,15.1099,38.9194,15.5372,16.0867,15.232,16.453,15.4151,35.3175,35.5006,36.0501,35.6838,97.2222,98.0769,97.2222,98.138,59.9817,59.188,60.1038,59.7375,59,59,59,59,59.6764,59.6764,59.6764,59.3712,5.7081800000000005,0.396825,5.952380000000002,56.3187,37.6984,47.5885,38.7973,47.7717,30.3114,48.3211,2.77778,0.396825,1105.76,172.829,1396.75,0.0,1.0,1.0,1.0,1.0,0.0,0.07783949999999999,43.1487,43.0968,42.5259,43.1487,0.129731,15.3036,97.0949,88.4337,91.0028,96.0332,0.0,8.00549,32.9081,0.0,0.0,-75.2812,98.5763,95.1803,44.925,340.657,43.3085,320.126,287.825,42.872,423.644,417.599,414.402,518.95,506.566,598.895,420.097,415.412,523.674,503.632,597.196,409.924,407.254,513.721,513.005,609.0169999999998,408.986,407.904,512.933,512.432,610.9580000000002,430.677,430.533,533.83,533.3290000000002,610.4540000000002,431.61300000000006,430.749,533.114,532.5419999999998,607.077,598.177,596.765,21.4042,404.715,1139.72
2020-11-22 07:43:40,95.696,96.978,96.6117,98.138,64.3162,66.8193,63.5836,65.1709,34.4628,34.0354,33.9744,33.1197,15.1099,15.4151,15.7814,15.6593,15.7814,14.6215,14.9878,14.8657,50.7448,19.6825,20.757,31.7949,88.7424,121.27,91.5751,72.0391,59,59,59,59,58.9438,59.4933,59.2491,59.6764,59,59,59,59,11.4469,11.2027,11.2637,11.3248,10.7753,11.2027,11.0195,11.2027,11.8132,12.4847,11.9353,12.1795,54.4872,56.1355,54.8535,55.5861,25.9158,25.2442,26.221,25.6105,44.5971,58.2723,43.8034,43.4982,32.265,32.7534,32.5702,30.1893,27.8083,27.8083,27.6252,27.9304,43.315,42.8266,42.6435,42.7656,33.3028,33.9744,33.3639,34.2186,25.0611,25.3053,25.6716,25.3663,42.8266,42.6435,42.3993,42.7656,32.6923,33.3639,33.3028,32.6923,26.4652,25.4274,25.1832,29.7009,42.7045,43.6203,42.4603,43.5592,15.6593,14.6825,30.9829,15.4762,14.7436,15.1099,38.9194,15.5372,16.0867,15.232,16.453,15.4151,35.3175,35.5006,36.0501,35.6838,97.2222,98.0769,97.2222,98.138,59.9817,59.188,60.1038,59.7375,59,59,59,59,59.6764,59.6764,59.6764,59.3712,5.7081800000000005,0.396825,5.952380000000002,56.3187,37.6984,48.8095,38.7973,47.7717,30.3114,48.3211,2.77778,0.396825,1105.76,172.829,1406.93,0.0,1.0,1.0,1.0,1.0,0.0,0.07783949999999999,43.1487,43.0968,42.5259,43.1487,0.129731,15.3036,97.9334,89.9307,90.053,96.0332,0.0,8.00549,33.2503,0.0,0.0,-62.155,98.5763,95.1803,44.2717,340.657,43.3085,321.6090000000001,287.825,42.872,423.644,417.599,414.402,518.95,506.566,598.895,420.097,415.412,523.817,503.632,597.196,409.924,407.254,513.721,513.005,609.0169999999998,408.986,407.904,512.933,512.432,610.9580000000002,430.677,430.533,533.83,533.3290000000002,610.4540000000002,431.61300000000006,430.749,533.114,532.5419999999998,607.077,598.177,596.765,21.4042,405.244,1139.72
2020-11-22 07:43:45,95.696,96.978,96.6117,98.138,64.3162,66.8193,63.5836,65.1709,34.4628,34.0354,33.9744,33.1197,15.1099,15.4151,15.7814,15.6593,15.7814,14.6215,14.9878,14.8657,50.7448,19.6825,21.6361,31.7949,87.8633,121.27,87.0818,71.16,59,59,59,59,58.9438,59.4933,59.2491,59.6764,59,59,59,59,11.4469,11.2027,11.2637,11.3248,10.7753,11.2027,11.0195,11.2027,11.8132,12.4847,11.9353,12.1795,54.4872,56.1355,54.8535,55.5861,25.9158,25.2442,26.221,25.6105,44.5971,59.3712,43.8034,43.4982,32.265,33.3028,32.5702,30.1893,27.8083,27.8083,27.6252,27.9304,43.315,42.8266,42.6435,42.7656,33.3028,33.9744,33.3639,34.2186,25.0611,25.3053,25.6716,25.3663,42.8266,42.6435,42.3993,42.7656,32.6923,33.3639,33.3028,32.6923,26.4652,26.0989,25.1832,29.7009,42.7045,43.6203,42.4603,43.5592,15.6593,14.6825,30.9829,15.4762,14.7436,15.1099,38.9194,15.5372,16.0867,15.232,16.453,15.4151,35.3175,35.5006,36.0501,35.6838,97.2222,98.0769,97.2222,98.138,59.9817,59.188,60.1038,59.7375,59,59,59,59,59.6764,59.6764,59.6764,59.3712,5.7081800000000005,0.396825,5.952380000000002,56.3187,37.6984,48.8095,38.7973,47.7717,29.3346,48.3211,2.77778,0.396825,1106.94,172.829,1400.14,0.0,1.0,1.0,1.0,1.0,0.0,0.07783949999999999,43.1487,43.0968,42.5259,43.1487,0.129731,15.3036,97.9334,87.0423,90.9052,95.4648,0.0,8.12637,32.6623,0.0,0.0,-31.6796,98.5763,95.1803,43.7638,342.281,43.3085,320.732,287.825,42.872,423.644,417.599,414.402,518.95,506.566,598.895,420.097,415.412,523.817,503.632,597.196,409.924,407.254,513.721,513.005,609.0169999999998,408.986,407.904,512.933,512.432,610.9580000000002,430.677,430.533,533.83,533.3290000000002,610.4540000000002,431.61300000000006,430.749,533.114,532.5419999999998,607.077,598.177,596.765,21.4042,404.715,1139.72
2020-11-22 07:43:50,95.696,96.978,96.6117,98.138,64.9267,66.8193,63.5836,65.1709,34.4628,34.0354,33.9744,33.1197,15.1099,15.4151,15.7814,15.6593,15.7814,14.6215,14.9878,14.8657,50.7448,19.6825,21.6361,30.6227,87.8633,121.27,85.3236,70.2808,59,59,59,59,58.9438,59.4933,59.2491,59.6764,59,59,59,59,11.4469,11.2027,11.2637,11.3248,10.7753,11.2027,11.0195,11.2027,11.8132,12.4847,11.9353,12.1795,54.4872,56.1355,54.8535,55.5861,25.9158,25.2442,26.221,25.6105,44.5971,58.6996,43.8034,43.4982,32.265,33.3028,32.5702,33.486,27.8083,27.8083,27.6252,27.9304,43.315,42.8266,43.1929,42.7656,33.3028,33.9744,33.3639,34.2186,25.6105,25.3053,25.6716,25.3663,42.8266,42.6435,42.3993,42.7656,32.6923,33.3639,33.3028,32.6923,26.4652,26.0989,25.1832,29.7009,43.3761,43.6203,42.4603,43.5592,15.6593,14.6825,30.9829,15.4762,14.7436,15.1099,38.9194,15.5372,16.0867,15.232,16.453,15.4151,35.3175,35.5006,36.0501,35.6838,97.2222,98.0769,97.2222,98.138,59.9817,59.188,60.1038,59.7375,59,59,59,59,59.6764,59.6764,59.6764,59.3712,5.7081800000000005,0.396825,5.952380000000002,56.3187,37.6984,48.8095,38.7973,47.7717,28.4799,48.3211,2.77778,0.396825,1103.39,172.829,1398.32,0.0,1.0,1.0,1.0,1.0,0.0,0.07783949999999999,43.1487,43.0968,42.5259,43.1487,0.129731,14.7009,97.3309,87.6627,89.1647,95.4648,0.0,8.12637,33.341,0.0,0.0,-8.308489999999999,98.5763,95.1803,43.7638,342.82199999999995,42.645,317.7940000000001,287.825,42.872,423.644,417.599,414.402,518.95,506.566,598.895,420.097,415.412,523.817,503.632,597.196,409.924,407.254,513.721,513.005,609.0169999999998,408.986,407.904,512.933,512.432,609.951,430.677,430.533,533.83,533.3290000000002,610.4540000000002,431.61300000000006,430.749,533.114,532.5419999999998,607.077,598.177,596.765,21.4042,404.715,1139.72
2020-11-22 07:43:55,96.2454,96.978,96.6117,98.138,64.9267,66.8193,63.5836,65.1709,34.4628,34.0354,33.9744,33.1197,15.1099,15.4151,15.7814,15.6593,15.7814,14.6215,14.9878,14.8657,50.7448,18.8034,22.5153,31.5018,88.84,123.516,86.9841,71.16,59,59,59,59,58.9438,59.4933,59.2491,59.6764,59,59,59,59,11.4469,11.2027,11.2637,11.3248,10.7753,11.2027,11.0195,11.7521,11.8132,12.4847,11.9353,12.1795,54.4872,56.1355,54.8535,55.5861,25.9158,25.2442,26.221,25.6105,44.5971,58.6996,43.8034,43.4982,32.265,33.3028,32.5702,33.486,27.8083,27.8083,27.6252,27.9304,43.315,42.8266,43.1929,42.7656,33.3028,33.9744,33.3639,34.2186,25.6105,25.3053,25.6716,25.3663,42.8266,42.6435,42.3993,43.6813,32.6923,33.3639,33.3028,32.6923,26.4652,25.4274,25.1832,29.7009,43.3761,43.6203,42.4603,43.5592,15.6593,14.6825,30.9829,15.4762,14.7436,15.1099,38.9194,15.5372,16.0867,15.232,16.453,15.4151,35.3175,35.5006,36.0501,35.6838,97.2222,98.0769,97.2222,98.138,59.9817,59.188,60.1038,59.7375,59,59,59,59,59.6764,59.6764,59.6764,59.3712,5.7081800000000005,0.396825,4.18193,56.3187,37.6984,48.8095,38.7973,47.7717,28.4799,48.3211,2.77778,0.396825,1105.84,172.829,1405.89,0.0,1.0,1.0,1.0,1.0,0.0,0.07783949999999999,43.1487,43.0968,42.5259,43.1487,0.129731,14.7009,96.6766,91.5019,89.1647,97.4556,0.0,8.12637,33.9005,0.0,0.0,-6.48467,98.5763,95.1803,44.3697,342.82199999999995,42.645,316.583,287.825,42.872,423.644,417.599,414.402,518.95,506.566,598.895,420.097,415.412,523.817,503.632,597.196,409.924,407.254,513.721,513.005,609.0169999999998,408.986,407.904,512.933,512.432,609.951,430.677,430.533,533.83,533.3290000000002,610.4540000000002,431.61300000000006,430.749,533.114,532.5419999999998,607.077,598.177,596.765,21.4042,405.244,1139.18
2020-11-22 07:44:00,96.2454,97.5275,96.6117,98.138,64.9267,66.8193,64.8657,65.9646,34.4628,34.0354,33.9744,33.1197,15.1099,15.4151,15.7814,15.6593,15.7814,14.6215,14.9878,14.8657,49.768,18.8034,23.4921,31.5018,88.84,124.786,87.9609,71.16,59,59,59,59,58.9438,59.4933,59.2491,59.6764,59,59,59,59,11.4469,11.2027,11.2637,11.3248,10.7753,11.2027,11.0195,11.7521,11.8132,12.4847,11.9353,12.1795,54.4872,56.1355,54.8535,55.5861,25.9158,25.2442,26.221,25.6105,44.5971,58.6996,43.8034,43.4982,32.265,33.3028,32.5702,33.486,27.8083,27.8083,27.6252,27.9304,43.315,43.4371,43.1929,42.7656,33.3028,33.9744,33.3639,34.2186,25.6105,25.3053,25.6716,25.3663,42.8266,42.6435,42.3993,43.6813,32.6923,33.3639,33.3028,32.6923,26.4652,26.2821,25.1832,29.7009,43.3761,43.6203,42.4603,43.5592,15.6593,14.6825,30.9829,15.4762,14.7436,15.1099,38.9194,15.5372,16.0867,15.232,16.453,15.4151,35.3175,35.5006,36.0501,35.6838,97.2222,98.0769,97.2222,98.138,59.9817,59.188,60.1038,59.7375,59,59,59,59,59.6764,59.6764,59.6764,59.3712,5.7081800000000005,0.396825,4.18193,56.3187,37.6984,48.8095,38.7973,47.7717,28.4799,48.3211,2.77778,0.396825,1106.99,172.829,1393.42,0.0,1.0,1.0,1.0,1.0,0.0,0.07783949999999999,43.1487,43.0968,42.5259,43.1487,0.129731,14.7009,97.4134,88.6711,89.1647,96.2204,0.0,8.12637,33.007,0.0,0.0,-9.37928,98.5763,95.1803,42.4671,344.446,41.1759,316.583,287.825,42.872,423.644,417.599,414.402,518.95,506.566,598.895,420.097,415.412,523.817,503.632,597.196,409.924,407.254,513.721,513.005,609.0169999999998,408.986,407.904,512.933,512.432,609.951,430.677,430.533,533.83,533.3290000000002,610.4540000000002,431.61300000000006,430.749,533.114,531.54,607.077,598.177,596.765,21.4042,405.244,1139.18
2020-11-22 07:44:05,96.2454,97.5275,96.6117,98.138,64.9267,67.3687,64.8657,65.9646,34.4628,34.0354,33.9744,33.1197,15.1099,15.4151,15.7814,15.6593,15.7814,14.6215,14.9878,14.8657,49.768,18.8034,23.4921,31.5018,88.84,124.786,89.9145,70.0855,59,59,59,59,58.9438,59.4933,59.2491,59.6764,59,59,59,59,11.4469,11.2027,11.2637,11.3248,10.7753,11.2027,11.0195,11.7521,11.8132,12.4847,11.9353,12.1795,54.4872,56.1355,54.8535,55.5861,25.9158,25.2442,26.221,25.6105,44.5971,58.6996,43.8034,43.4982,32.265,33.3028,32.5702,33.486,27.8083,27.8083,27.6252,27.9304,43.315,43.4371,43.1929,42.7656,33.3028,33.9744,33.3639,34.2186,25.6105,25.3053,25.6716,25.3663,42.8266,42.6435,42.3993,43.6813,32.6923,33.3639,33.3028,32.6923,26.4652,26.2821,25.1832,29.7009,43.3761,43.6203,42.4603,43.5592,15.6593,14.6825,30.9829,15.4762,15.293,15.1099,38.9194,15.5372,16.0867,15.232,16.453,15.4151,35.3175,35.5006,36.0501,35.6838,97.2222,98.0769,97.2222,98.138,59.9817,59.188,60.1038,59.7375,59,59,59,59,59.6764,59.6764,59.6764,59.3712,5.7081800000000005,0.396825,4.18193,57.2344,37.6984,48.8095,38.7973,47.7717,28.4799,48.3211,2.77778,0.396825,1109.26,172.829,1398.85,0.0,1.0,1.0,1.0,1.0,0.0,0.07783949999999999,43.1487,43.0968,42.5259,43.1487,0.129731,15.333,96.6624,86.6949,88.811,96.2204,0.0,8.12637,33.2382,0.0,0.0,-9.57198,98.5763,95.1803,41.7553,345.8,41.9204,315.007,287.825,42.872,423.644,417.599,414.402,518.95,506.566,598.895,420.097,415.412,523.817,503.632,597.196,409.924,407.254,513.721,513.005,609.0169999999998,408.986,407.904,512.933,512.432,609.951,430.677,430.533,532.828,533.3290000000002,610.4540000000002,431.61300000000006,430.749,533.114,531.54,607.077,598.177,596.765,21.4042,405.244,1139.18
2020-11-22 07:44:10,96.2454,97.5275,96.6117,98.138,64.9267,67.3687,64.8657,65.9646,34.4628,34.0354,33.9744,33.1197,15.1099,15.4151,15.7814,15.6593,15.7814,14.6215,14.9878,14.8657,48.7912,18.8034,24.3712,31.5018,88.84,124.786,89.9145,70.0855,59,59,59,59,58.9438,59.4933,59.2491,59.6764,59,59,59,59,11.4469,11.2027,11.2637,11.3248,10.7753,11.2027,11.0195,11.7521,11.8132,12.4847,11.9353,12.1795,54.4872,56.1355,54.8535,55.5861,25.9158,25.2442,26.221,25.6105,44.5971,58.6996,43.8034,43.4982,32.265,33.3028,31.9597,33.486,27.8083,27.8083,27.6252,27.9304,43.315,43.4371,43.1929,42.7656,33.3028,33.9744,33.3639,34.2186,25.6105,25.3053,25.6716,25.3663,42.8266,42.6435,42.3993,43.6813,32.6923,33.3639,33.3028,32.6923,26.4652,26.2821,25.1832,29.7009,43.3761,43.6203,42.4603,43.5592,15.6593,14.6825,30.9829,15.4762,15.293,15.1099,38.9194,15.5372,16.0867,15.232,16.453,15.4151,35.3175,35.5006,36.0501,35.6838,97.2222,98.0769,97.2222,98.138,59.9817,59.188,60.1038,59.7375,59,59,59,59,59.6764,59.6764,59.6764,59.3712,5.7081800000000005,0.396825,4.18193,57.2344,37.6984,48.8095,37.149,47.7717,28.4799,49.1148,2.77778,0.396825,1106.91,172.829,1401.5,0.0,1.0,1.0,1.0,1.0,0.0,0.07783949999999999,43.1487,43.0968,42.5259,43.1487,0.129731,15.333,95.6416,88.6156,90.0585,96.6506,0.0,8.12637,30.2054,0.0,0.0,-9.18745,98.5763,95.1803,41.7553,347.63699999999994,41.9204,312.831,287.825,42.872,423.644,417.599,414.402,518.95,506.566,598.895,420.097,415.412,523.817,503.632,597.196,409.924,407.254,513.721,513.005,609.0169999999998,408.986,407.904,512.933,512.432,609.951,430.677,430.533,532.828,533.3290000000002,610.4540000000002,431.61300000000006,430.749,532.112,531.54,607.077,598.177,596.765,21.4042,404.715,1139.7
2020-11-22 07:44:15,96.2454,97.5275,96.6117,98.138,64.9267,67.3687,64.8657,65.9646,34.4628,34.0354,33.9744,33.1197,15.1099,15.4151,15.7814,15.0488,15.7814,14.6215,14.9878,14.8657,48.7912,19.6825,24.3712,31.5018,87.9609,123.712,91.9658,70.0855,59,59,59,59,58.9438,59.4933,59.2491,59.6764,59,59,59,59,11.4469,11.2027,11.2637,11.3248,10.7753,11.2027,11.0195,11.7521,11.8132,12.4847,11.9353,12.1795,54.4872,56.1355,54.8535,55.5861,25.9158,25.2442,26.7705,25.6105,44.5971,58.6996,43.254,43.4982,32.265,33.3028,31.3492,33.486,27.8083,27.8083,27.6252,27.9304,43.315,43.4371,43.1929,42.7656,33.3028,33.9744,33.3639,34.2186,25.6105,25.3053,25.6716,25.3663,42.8266,42.6435,42.3993,43.6813,32.6923,33.3639,33.3028,32.6923,26.4652,25.5495,25.1832,29.7009,43.3761,43.6203,42.4603,43.5592,15.6593,14.6825,30.9829,15.4762,15.293,15.1099,38.9194,15.5372,16.0867,15.232,16.453,15.4151,35.3175,35.5006,36.0501,35.6838,97.2222,98.0769,97.2222,98.138,59.9817,59.188,60.1038,59.7375,59,59,59,59,59.6764,59.6764,59.6764,59.3712,5.7081800000000005,0.396825,4.18193,57.2344,37.6984,48.8095,37.149,47.7717,28.4799,49.1148,2.77778,0.396825,1109.26,172.829,1401.35,0.0,1.0,1.0,1.0,1.0,0.0,0.07783949999999999,43.1487,43.0968,42.5259,43.1487,0.129731,14.6715,100.004,87.8893,89.8616,95.5591,0.0,8.12637,32.6771,0.0,0.0,-26.7596,98.5763,95.1803,40.2758,348.849,40.6358,311.025,287.825,42.872,423.644,417.599,414.402,518.95,506.566,598.895,420.097,415.412,523.817,503.632,597.196,409.924,407.254,513.721,513.005,609.0169999999998,408.986,407.904,512.933,512.432,609.951,430.677,430.533,532.828,533.3290000000002,610.4540000000002,431.61300000000006,430.749,532.112,531.54,607.077,598.177,596.765,21.4042,404.715,1139.7
2020-11-22 07:44:20,96.2454,97.5275,96.6117,98.138,64.9267,67.3687,64.8657,65.9646,34.4628,34.0354,33.9744,33.1197,15.1099,15.4151,15.7814,15.7814,15.7814,14.6215,14.9878,14.8657,47.9121,20.5617,24.3712,31.5018,86.8864,123.516,91.9658,70.0855,59,59,59,59,58.9438,59.4933,59.2491,59.6764,59,59,59,59,11.4469,11.2027,11.2637,11.3248,10.7753,11.2027,11.0195,11.7521,11.8132,12.4847,11.9353,12.1795,54.4872,56.1355,54.8535,55.5861,25.9158,25.2442,26.7705,25.6105,44.5971,58.6996,44.2308,43.4982,32.265,33.3028,30.7387,33.486,27.8083,27.8083,27.6252,27.9304,43.315,43.4371,43.1929,42.7656,33.3028,33.9744,33.3639,34.2186,25.6105,25.3053,25.6716,25.3663,42.8266,42.6435,43.0098,43.6813,32.6923,33.3639,33.3028,32.6923,26.4652,26.221,25.1832,29.7009,43.3761,43.6203,43.315,43.5592,15.6593,14.6825,30.9829,15.4762,15.293,14.5604,38.9194,15.5372,16.0867,15.232,16.453,15.4151,35.3175,35.5006,36.0501,35.6838,97.2222,98.0769,97.2222,98.138,59.9817,59.188,60.1038,59.7375,59,59,59,59,59.6764,59.6764,59.6764,59.3712,5.7081800000000005,0.396825,4.18193,57.2344,37.6984,48.8095,37.149,47.7717,28.4799,49.1148,2.77778,0.396825,1109.18,172.829,1403.9,0.0,1.0,1.0,1.0,1.0,0.0,0.07783949999999999,43.1487,43.0968,42.5259,43.1487,0.129731,14.6715,98.2691,92.4049,89.8077,96.2098,0.0,8.12637,32.4995,0.0,0.0,-83.5026,98.5763,95.1803,39.1524,346.872,40.6358,309.768,287.825,42.872,423.644,417.599,414.402,518.95,506.566,598.895,420.097,415.412,523.817,503.632,597.196,409.924,407.254,513.721,513.005,609.0169999999998,408.986,407.904,512.933,512.432,609.951,430.677,430.533,532.828,533.3290000000002,610.4540000000002,431.61300000000006,430.749,532.112,531.54,607.077,598.177,596.765,21.4042,405.244,1140.23
2020-11-22 07:44:25,96.2454,97.5275,97.2833,98.138,66.2088,67.3687,64.8657,65.9646,34.4628,34.0354,33.9744,33.1197,15.1099,15.4151,15.7814,15.7814,15.7814,14.6215,14.9878,14.8657,47.9121,20.5617,25.2503,31.5018,87.7656,124.591,92.8449,71.453,59,59,59,59,58.9438,59.4933,59.2491,59.6764,59,59,59,59,11.4469,11.2027,11.2637,11.3248,10.7753,11.2027,11.0195,11.7521,11.8132,12.4847,11.9353,12.1795,54.4872,56.1355,54.8535,55.5861,25.9158,25.2442,26.221,25.6105,44.5971,58.6996,44.2308,43.4982,32.265,33.3028,34.2796,33.486,27.8083,27.8083,27.6252,27.9304,43.315,43.4371,43.1929,42.7656,33.3028,33.9744,33.3639,34.2186,25.6105,25.3053,25.6716,25.3663,42.8266,42.6435,43.0098,43.6813,32.6923,33.3639,33.3028,32.6923,26.4652,26.221,25.1832,29.7009,43.3761,43.6203,43.315,43.5592,15.6593,14.6825,30.9829,15.4762,15.293,14.5604,38.9194,15.5372,16.0867,15.232,16.453,15.4151,35.3175,35.5006,36.0501,35.6838,97.2222,98.0769,97.2222,98.138,59.9817,59.188,60.1038,59.7375,59,59,59,59,59.6764,59.6764,59.6764,59.3712,5.7081800000000005,0.396825,4.18193,57.2344,37.6984,48.8095,37.149,48.8095,28.4799,49.1148,2.77778,0.396825,1109.23,173.364,1399.47,0.0,1.0,1.0,1.0,1.0,0.0,0.07783949999999999,43.6157,43.5638,42.5259,43.1487,0.129731,14.6715,96.8664,87.6033,89.1278,95.5649,0.0,8.12637,32.7363,0.0,0.0,-67.3379,98.5763,95.1803,40.5152,343.639,41.9602,309.768,287.825,42.872,423.644,417.599,414.402,518.95,506.566,598.895,420.097,415.412,523.817,503.632,598.249,409.924,407.254,513.721,513.005,609.0169999999998,408.986,407.904,512.933,512.432,609.951,430.677,430.533,532.828,533.3290000000002,610.4540000000002,431.61300000000006,430.749,532.112,531.54,607.077,598.177,596.765,21.4042,405.244,1140.74
2020-11-22 07:44:30,96.2454,97.5275,97.2833,98.138,66.2088,67.3687,64.8657,65.9646,33.9133,34.0354,33.9744,33.1197,15.1099,15.4151,15.7814,15.7814,15.7814,14.6215,14.9878,14.8657,47.9121,20.5617,26.2271,31.5018,87.7656,126.252,92.8449,72.3321,59,59,59,59,58.9438,59.4933,59.2491,59.6764,59,59,59,59,11.4469,11.2027,11.2637,11.3248,10.7753,11.2027,11.0195,11.7521,11.8132,12.4847,11.9353,12.1795,54.4872,56.1355,54.8535,55.5861,25.9158,25.2442,26.221,25.6105,44.5971,58.6996,44.2308,43.4982,32.265,33.3028,34.2796,33.486,27.8083,27.8083,27.6252,27.9304,44.0476,43.4371,43.1929,42.7656,33.3028,33.9744,33.3639,34.2186,25.6105,25.3053,25.6716,25.3663,42.8266,43.1929,43.0098,43.6813,32.6923,33.3639,33.3028,32.6923,26.4652,26.221,25.1832,29.7009,43.3761,43.6203,43.315,43.5592,15.6593,14.6825,30.9829,15.4762,15.293,14.5604,38.9194,15.5372,16.0867,15.232,16.453,15.4151,35.3175,35.5006,36.0501,35.6838,97.2222,98.0769,97.2222,98.138,59.9817,59.188,60.1038,59.7375,59,59,59,59,59.6764,59.6764,59.6764,59.3712,5.7081800000000005,0.396825,4.18193,57.2344,37.6984,48.8095,37.149,48.8095,28.4799,49.1148,2.77778,0.396825,1111.5,173.364,1413.17,0.0,1.0,1.0,1.0,1.0,0.0,0.07783949999999999,43.6157,43.5638,42.5259,43.1487,0.129731,14.6715,98.0209,90.1124,89.7385,96.2909,0.0,8.01648,31.766,0.0,0.0,-84.2735,98.5763,95.1803,40.5152,342.231,41.215,311.159,287.825,42.872,423.644,417.599,414.402,518.95,507.568,598.895,420.097,415.412,523.96,503.632,598.249,409.924,407.254,513.721,513.005,609.0169999999998,408.986,407.904,512.933,512.432,609.951,430.677,430.533,532.828,533.3290000000002,610.4540000000002,431.61300000000006,430.749,532.112,531.54,607.077,598.177,597.818,21.4042,405.244,1140.74
2020-11-22 07:44:35,96.2454,97.5275,97.2833,98.138,66.2088,67.3687,65.4151,65.9646,33.9133,34.0354,33.9744,33.1197,15.1099,15.4151,15.7814,15.7814,15.7814,14.6215,14.9878,14.8657,47.9121,20.5617,26.2271,31.5018,88.6447,126.252,93.7241,72.3321,59,59,59,59,58.9438,59.4933,59.2491,59.6764,59,59,59,59,11.4469,11.2027,11.2637,11.3248,10.7753,11.2027,11.0195,11.7521,11.8132,12.4847,11.9353,12.1795,54.4872,56.1355,54.8535,55.5861,25.9158,25.2442,26.221,25.6105,44.5971,58.6996,44.2308,43.4982,32.265,33.3028,34.2796,33.486,27.8083,27.8083,27.6252,27.9304,44.0476,43.4371,43.1929,42.7656,33.3028,33.9744,33.3639,34.2186,25.6105,25.3053,25.6716,25.3663,42.8266,43.1929,43.0098,43.6813,32.6923,33.3639,33.3028,32.6923,26.4652,25.5495,25.1832,29.7009,43.3761,43.6203,43.315,43.5592,15.6593,14.6825,30.9829,15.4762,15.293,14.5604,38.9194,15.5372,16.0867,15.232,16.453,15.4151,35.3175,35.5006,36.0501,35.6838,97.2222,98.0769,97.2222,98.138,59.9817,59.188,60.1038,59.7375,59,59,59,59,59.6764,59.6764,59.6764,59.3712,5.7081800000000005,0.396825,4.18193,57.2344,37.6984,48.8095,37.149,48.8095,28.4799,49.1148,2.77778,0.396825,1112.67,173.364,1411.28,0.0,1.0,1.0,1.0,1.0,0.0,0.07783949999999999,43.6157,43.5638,42.993,43.1487,0.129731,13.9658,95.0844,88.443,89.0717,95.7075,0.0,8.01648,32.2022,0.0,0.0,-54.9994,98.5763,95.1803,40.5152,343.031,40.6145,310.415,287.825,42.872,423.644,417.599,414.402,518.95,507.568,598.895,420.097,415.412,523.96,503.632,598.249,409.924,407.254,513.721,513.005,609.0169999999998,408.986,407.904,512.933,512.432,609.951,430.677,430.533,532.828,533.3290000000002,610.4540000000002,431.61300000000006,430.749,532.112,531.54,607.077,598.177,597.818,21.4042,405.244,1141.29
2020-11-22 07:44:40,96.2454,97.5275,97.2833,98.138,66.2088,67.3687,65.4151,67.6129,33.9133,34.0354,33.9744,33.1197,15.1099,15.4151,15.7814,15.7814,15.7814,14.6215,14.9878,14.8657,47.9121,19.6825,26.2271,31.5018,88.6447,127.131,92.8449,74.5788,59,59,59,59,58.9438,59.4933,59.2491,59.6764,59,59,59,59,11.4469,11.2027,11.2637,11.3248,10.7753,11.2027,11.0195,11.2027,11.8132,12.4847,11.9353,12.1795,54.4872,56.1355,54.8535,55.5861,25.9158,25.2442,26.221,25.6105,44.5971,58.6996,44.2308,43.4982,32.265,33.3028,34.2796,33.486,27.8083,27.8083,27.6252,27.9304,44.0476,43.4371,43.1929,42.7656,33.3028,33.9744,33.3639,34.2186,25.6105,25.3053,25.6716,25.3663,42.8266,43.8034,43.0098,43.6813,32.6923,33.3639,33.3028,32.6923,26.4652,26.7705,25.1832,29.7009,43.3761,43.6203,43.315,43.5592,15.6593,14.6825,30.9829,15.4762,15.293,14.5604,38.9194,15.5372,16.0867,15.232,16.453,15.4151,35.3175,35.5006,36.0501,35.6838,97.2222,98.0769,97.2222,98.138,59.9817,59.188,60.1038,59.7375,59,59,59,59,59.6764,59.6764,59.6764,59.3712,5.7081800000000005,0.396825,4.18193,57.2344,37.6984,48.8095,37.149,48.8095,28.4799,49.1148,2.77778,0.396825,1111.5,173.364,1414.19,0.0,1.0,1.0,1.0,1.0,0.0,0.07783949999999999,43.6157,43.5638,42.993,43.6157,0.129731,13.9658,95.4008,88.7273,89.63600000000002,94.985,0.0,8.01648,32.2622,0.0,0.0,-28.2683,98.5763,95.1803,41.1984,343.56699999999995,39.8687,307.185,287.825,42.872,423.644,417.599,414.402,518.95,507.568,598.895,420.097,415.412,523.96,503.632,598.249,409.924,407.254,513.721,513.005,609.0169999999998,408.986,407.904,512.933,512.432,609.951,430.677,430.533,532.828,533.3290000000002,610.4540000000002,431.61300000000006,430.749,532.112,531.54,607.077,598.177,597.818,21.4042,404.186,1141.81
2020-11-22 07:44:45,96.2454,97.5275,97.2833,98.138,67.0024,67.9182,66.2088,67.6129,33.9133,34.0354,33.9744,33.1197,15.1099,15.4151,15.7814,15.7814,15.7814,14.6215,14.9878,14.8657,47.9121,19.6825,26.2271,32.4786,88.6447,128.01,92.8449,74.6764,59,59,59,59,58.9438,59.4933,59.2491,59.6764,59,59,59,59,11.4469,11.2027,11.2637,11.3248,10.7753,11.2027,11.0195,11.2027,11.8132,12.4847,11.9353,12.1795,54.4872,56.1355,54.8535,55.5861,25.9158,25.2442,26.221,25.6105,44.5971,58.6996,44.2308,43.4982,32.265,33.3028,34.2796,33.486,27.8083,27.8083,27.6252,27.9304,44.0476,43.4371,43.1929,42.7656,33.3028,33.9744,33.3639,34.2186,25.6105,25.3053,25.6716,25.3663,42.8266,44.3529,43.0098,43.6813,32.6923,33.3639,33.3028,32.6923,26.4652,26.7705,25.1832,29.7009,43.3761,43.6203,43.315,43.5592,15.6593,14.6825,30.9829,15.4762,15.293,14.5604,38.9194,15.5372,16.0867,15.232,16.453,15.4151,35.3175,35.5006,36.0501,35.6838,97.2222,98.0769,97.2222,98.138,59.9817,59.188,60.1038,59.7375,59,59,59,59,59.6764,59.6764,59.6764,59.3712,5.7081800000000005,0.396825,4.18193,58.4554,37.6984,48.8095,37.149,48.8095,28.4799,49.1148,2.77778,0.396825,1112.67,173.364,1414.89,0.0,1.0,1.0,1.0,1.0,0.0,0.07783949999999999,43.6157,43.5638,42.993,43.6157,0.129731,14.7597,96.3253,91.0706,88.3479,94.985,0.0,8.01648,32.2622,0.0,0.0,-20.0168,98.5763,95.1803,41.9445,341.6740000000001,40.653,304.032,287.825,42.872,423.644,417.599,414.402,518.95,507.568,598.895,420.097,415.412,524.1030000000002,503.632,598.249,409.924,407.254,513.721,513.005,609.0169999999998,408.986,407.904,512.933,512.432,609.951,430.677,430.533,532.828,533.3290000000002,610.4540000000002,431.61300000000006,430.749,532.112,531.54,607.077,598.177,597.818,21.4042,404.715,1141.81
2020-11-22 07:44:50,96.2454,97.5275,97.2833,98.138,67.5519,67.9182,67.0024,68.2845,33.9133,34.0354,33.9744,33.1197,15.1099,15.4151,15.7814,15.7814,15.7814,14.6215,14.9878,14.8657,47.9121,19.6825,26.2271,32.4786,90.5006,125.177,92.8449,75.6532,59,59,59,59,58.9438,59.4933,59.2491,59.6764,59,59,59,59,11.4469,11.2027,11.2637,11.3248,10.7753,11.2027,11.0195,11.2027,11.8132,12.4847,11.9353,12.1795,54.4872,56.1355,54.8535,55.5861,25.9158,25.2442,25.6716,25.6105,44.5971,58.6996,44.2308,43.4982,32.265,33.3028,34.2796,33.486,27.8083,27.8083,27.6252,27.9304,44.0476,43.4371,43.1929,43.315,33.3028,33.9744,33.3639,34.2186,25.6105,25.3053,25.6716,25.3663,42.8266,44.3529,43.0098,43.6813,32.6923,33.3639,33.3028,32.6923,26.4652,26.7094,25.1832,29.7009,43.3761,43.6203,43.315,43.5592,15.6593,14.6825,30.9829,15.4762,15.293,14.5604,38.9194,15.5372,16.0867,15.232,16.453,15.4151,35.3175,35.5006,36.0501,35.6838,97.2222,98.0769,97.2222,98.138,59.9817,59.188,60.1038,59.7375,59,59,59,59,59.6764,59.6764,59.6764,59.3712,5.7081800000000005,0.396825,2.47253,58.4554,37.6984,48.8095,37.149,48.8095,28.4799,50.1526,2.77778,0.396825,1116.15,173.364,1410.41,0.0,1.0,1.0,1.0,1.0,0.0,0.07783949999999999,43.6157,43.5638,42.993,43.6157,0.129731,14.7597,97.6515,85.8241,89.9086,95.423,0.0,8.01648,32.2622,0.0,0.0,-25.4982,98.5763,95.1803,41.3747,340.593,40.0541,300.261,287.825,42.872,423.644,417.599,414.402,518.95,507.568,598.895,420.097,415.412,524.1030000000002,503.632,598.249,409.924,407.254,513.721,513.005,609.0169999999998,408.986,407.904,512.933,512.432,609.951,430.677,430.533,532.828,533.3290000000002,610.4540000000002,431.61300000000006,430.749,532.112,531.54,607.077,598.177,597.818,21.4042,403.657,1142.87
2020-11-22 07:44:55,96.7949,97.5275,97.2833,98.138,67.5519,67.9182,67.0024,68.2845,33.9133,34.0354,33.9744,33.1197,15.1099,15.4151,15.7814,15.7814,15.7814,15.1709,14.9878,14.8657,47.9121,19.6825,26.2271,32.4786,90.5006,126.056,93.9194,74.4811,59,59,59,59,58.9438,59.4933,59.2491,59.6764,59,59,59,59,11.4469,11.2027,11.2637,11.3248,10.7753,11.2027,11.0195,11.2027,11.8132,12.4847,11.9353,12.1795,54.4872,56.1355,54.8535,55.5861,25.9158,25.2442,25.6716,25.6105,44.5971,58.6996,44.2308,43.4982,32.265,33.3028,34.2796,33.486,27.8083,27.8083,27.6252,27.9304,44.0476,43.4371,43.1929,43.315,33.3028,33.9744,33.3639,34.2186,25.6105,25.3053,25.6716,25.3663,42.8266,43.8034,43.0098,43.6813,32.6923,33.3639,33.3028,32.9976,26.4652,26.7094,25.1832,30.2503,43.3761,43.6203,43.315,43.5592,15.6593,14.6825,30.9829,15.4762,15.293,14.5604,38.9194,15.5372,16.0867,15.232,16.453,15.4151,35.3175,35.5006,36.0501,35.6838,97.2222,98.0769,97.2222,98.138,59.9817,59.188,60.1038,59.7375,59,59,59,59,59.6764,59.6764,59.6764,59.3712,5.7081800000000005,0.396825,2.47253,58.4554,37.6984,48.8095,37.149,48.8095,28.4799,50.1526,2.77778,0.396825,1113.9,173.364,1419.49,0.0,1.0,1.0,1.0,1.0,0.0,0.07783949999999999,43.6157,43.5638,42.993,43.6157,0.129731,14.7597,96.728,86.8451,88.7819,95.8037,0.0,8.01648,32.2287,0.0,0.0,-33.9093,98.5763,95.1803,40.0489,340.593,39.4575,298.107,287.825,42.872,423.644,417.599,414.402,518.95,507.568,598.895,420.097,415.412,524.246,503.632,598.249,409.924,407.254,513.721,513.005,609.0169999999998,408.986,407.904,512.933,512.432,609.951,430.677,430.533,532.828,533.3290000000002,610.4540000000002,431.61300000000006,430.749,532.112,531.54,607.077,598.177,597.818,21.4042,404.186,1143.38
2020-11-22 07:45:00,96.7949,97.5275,97.2833,98.138,68.8339,67.9182,67.6129,69.1392,33.9133,34.0354,33.9744,33.1197,15.1099,15.4151,15.7814,15.7814,15.7814,15.1709,14.9878,14.8657,47.9121,21.5385,25.2503,32.4786,91.6728,124.982,93.0403,74.4811,59,59,59,59,58.9438,59.4933,59.2491,59.6764,59,59,59,59,11.4469,11.2027,11.2637,11.3248,10.7753,11.2027,11.0195,11.2027,11.8132,12.4847,11.9353,12.1795,54.4872,56.1355,54.8535,55.5861,25.9158,25.2442,25.6716,25.6105,44.5971,58.6996,44.2308,43.4982,32.265,33.3028,34.2796,33.486,27.8083,27.8083,27.6252,27.9304,44.0476,43.4371,43.1929,43.315,33.3028,33.9744,33.3639,34.2186,25.6105,25.3053,25.6716,25.3663,42.8266,43.8034,43.0098,43.6813,32.6923,33.3639,33.3028,32.9976,26.4652,26.7094,25.1832,30.2503,43.3761,43.6203,43.315,43.5592,15.6593,14.6825,30.9829,15.4762,15.293,14.5604,38.9194,15.5372,16.0867,15.232,16.453,15.4151,35.3175,35.5006,36.0501,35.6838,97.2222,98.0769,97.2222,98.138,59.9817,59.188,60.1038,59.7375,59,59,59,59,59.6764,59.6764,59.6764,59.3712,5.7081800000000005,0.396825,2.47253,58.4554,37.6984,49.8474,37.149,48.8095,28.4799,50.1526,2.77778,0.396825,1111.55,173.866,1423.71,0.0,1.0,1.0,1.0,1.0,0.0,0.07783949999999999,43.6157,43.5638,42.993,43.6157,0.129731,14.7597,95.9465,86.4811,89.7089,96.7226,0.0,8.01648,33.8812,0.0,0.0,-14.8269,98.5763,95.1803,38.1732,339.26,39.4575,299.17,287.825,42.872,423.644,417.599,414.402,518.95,507.568,598.895,420.097,415.412,524.389,503.632,598.249,409.924,407.254,513.721,513.005,609.0169999999998,408.986,407.904,512.933,512.432,609.951,430.677,430.533,532.828,533.3290000000002,610.4540000000002,431.61300000000006,430.749,532.112,531.54,607.077,598.177,597.818,21.4042,404.186,1143.38
2020-11-22 07:45:05,96.7949,97.5275,97.2833,98.138,68.8339,67.9182,68.4066,69.1392,33.9133,34.0354,33.1197,33.1197,15.1099,15.4151,15.7814,15.7814,15.7814,15.1709,14.9878,14.8657,47.9121,21.5385,25.2503,31.5995,91.6728,127.228,92.1612,74.4811,59,59,59,59,58.9438,59.4933,59.2491,59.6764,59,59,59,59,11.4469,11.2027,11.2637,11.3248,10.7753,11.2027,11.0195,11.2027,11.8132,12.4847,11.9353,12.1795,54.4872,56.1355,54.8535,55.5861,25.9158,25.2442,25.6716,25.6105,44.5971,58.6996,44.2308,43.4982,32.265,33.3028,34.2796,33.486,27.8083,27.8083,27.6252,27.9304,44.0476,43.4371,43.254,43.315,33.3028,33.9744,33.3639,34.2186,25.6105,25.3053,25.6716,25.3663,42.8266,43.8034,43.0098,43.6813,32.6923,33.3639,33.3028,32.9976,26.4652,25.5495,25.1832,30.2503,43.3761,43.6203,43.315,43.5592,15.6593,14.6825,30.9829,15.4762,15.293,14.5604,38.9194,15.5372,16.0867,15.232,16.453,15.4151,35.3175,35.5006,36.0501,35.6838,97.2222,98.0769,97.2222,98.138,59.9817,59.188,60.1038,59.7375,59,59,59,59,59.6764,59.6764,59.6764,59.3712,5.7081800000000005,0.396825,2.47253,58.4554,37.6984,49.8474,37.149,48.8095,26.4652,50.1526,2.77778,0.396825,1110.38,173.866,1424.91,0.0,1.0,1.0,1.0,1.0,0.0,0.07783949999999999,43.6157,43.5638,42.993,43.6157,0.129731,14.7597,95.3336,90.692,90.9533,96.9482,0.0,8.137360000000001,29.197,0.0,0.0,0.112843,98.5763,95.1803,37.2925,334.718,39.4575,301.921,287.825,42.872,423.644,417.599,414.402,518.95,507.568,598.895,420.097,415.412,524.389,503.632,598.249,409.924,407.254,513.721,513.005,609.0169999999998,408.986,407.904,512.933,512.432,609.951,430.677,430.533,532.828,533.3290000000002,610.4540000000002,431.61300000000006,430.749,532.112,531.54,607.077,598.177,597.818,21.4042,403.129,1143.38
2020-11-22 07:45:10,96.7949,97.5275,97.2833,98.138,69.4445,72.1917,68.4066,70.3602,33.9133,34.0354,33.1197,33.1197,15.1099,15.4151,15.7814,14.9878,15.7814,15.1709,14.9878,14.8657,48.9866,21.5385,24.2735,31.5995,90.7936,125.177,93.0403,74.4811,59,59,59,59,58.9438,59.4933,59.2491,59.6764,59,59,59,59,11.4469,11.2027,11.2637,11.3248,10.7753,11.2027,11.0195,11.2027,11.8132,12.4847,12.4847,12.1795,54.4872,56.1355,54.8535,55.5861,25.9158,25.2442,25.6716,25.6105,44.5971,58.6996,44.2308,43.4982,32.265,33.3028,34.2796,33.486,27.8083,27.8083,27.6252,27.9304,44.0476,43.4371,43.254,43.315,33.3028,33.9744,33.3639,34.2186,25.6105,25.3053,25.6716,25.3663,42.8266,43.8034,43.0098,43.6813,32.6923,33.3639,33.3028,32.9976,26.4652,26.5263,25.7326,30.2503,43.3761,43.6203,43.315,43.5592,15.6593,14.6825,30.9829,15.4762,15.293,14.5604,38.9194,15.5372,16.0867,15.232,16.453,15.4151,35.3175,35.5006,36.0501,35.6838,97.2222,98.0769,97.2222,98.138,59.9817,59.188,60.1038,59.7375,59,59,59,59,59.6764,59.6764,59.6764,59.3712,5.7081800000000005,0.396825,2.47253,58.4554,37.6984,49.8474,35.5006,48.8095,26.4652,50.1526,2.77778,0.396825,1106.85,173.866,1416.22,0.0,1.0,1.0,1.0,1.0,0.0,0.07783949999999999,43.6157,43.5638,42.993,43.6157,0.129731,14.1569,97.2866,88.3531,86.7099,94.7418,0.0,8.137360000000001,32.4808,0.0,0.0,0.801633,98.5763,95.1803,36.7678,331.603,38.5718,304.14,287.825,42.872,423.644,417.599,414.402,518.95,508.57,598.895,420.097,415.412,524.5319999999998,503.632,598.249,409.924,407.254,513.721,513.005,609.0169999999998,408.986,407.904,512.933,512.432,609.951,430.677,430.533,532.828,533.3290000000002,610.4540000000002,431.61300000000006,430.749,532.112,531.54,607.077,598.177,597.818,21.4042,403.657,1142.75
2020-11-22 07:45:15,96.7949,97.5275,97.2833,98.138,69.4445,72.1917,69.0171,70.9096,33.9133,34.0354,33.1197,33.1197,15.1099,15.4151,15.7814,15.9646,15.7814,15.1709,14.9878,14.8657,48.9866,21.5385,23.1013,31.5995,90.7936,126.545,92.1612,73.5043,59,59,59,59,58.9438,59.4933,59.2491,59.6764,59,59,59,59,11.4469,11.2027,11.2637,11.3248,10.2259,11.7521,11.0195,11.2027,11.8132,12.4847,12.4847,12.1795,54.4872,56.1355,54.8535,55.5861,25.9158,25.2442,25.6716,25.6105,44.5971,58.6996,44.2308,43.4982,32.265,33.3028,34.2796,32.9365,27.8083,27.8083,27.6252,27.9304,44.0476,43.4371,43.254,43.315,33.3028,33.9744,33.3639,34.2186,25.6105,25.3053,25.6716,25.3663,42.8266,43.8034,43.0098,43.6813,32.6923,33.3639,33.3028,32.9976,26.4652,26.5263,25.7326,30.2503,43.3761,43.6203,43.315,43.5592,15.6593,14.6825,30.9829,15.4762,15.293,14.5604,38.9194,15.5372,16.0867,15.232,16.453,15.4151,35.3175,35.5006,36.0501,35.6838,97.2222,98.0769,97.2222,98.138,59.9817,59.188,60.1038,59.7375,59,59,59,59,59.6764,59.6764,59.6764,59.3712,5.7081800000000005,0.396825,2.47253,58.4554,37.6984,49.8474,35.5006,50.0916,26.4652,50.1526,2.77778,0.396825,1102.04,173.34,1417.46,0.0,1.0,1.0,1.0,1.0,0.0,0.07783949999999999,43.6157,43.5638,42.993,43.6157,0.129731,14.1569,96.6013,86.9711,89.9906,94.7925,0.0,8.03846,31.7725,0.0,0.0,-17.4294,98.5763,95.1803,36.7678,329.892,36.92,304.14,287.825,42.872,423.644,417.599,414.402,518.95,508.57,598.895,420.097,415.412,524.675,503.632,599.254,409.924,407.254,513.721,513.005,609.0169999999998,408.986,407.904,512.933,512.432,609.951,430.677,430.533,532.828,533.3290000000002,610.4540000000002,431.61300000000006,430.749,532.112,531.54,607.077,598.177,597.818,21.4042,404.715,1141.65
2020-11-22 07:45:20,96.7949,97.5275,97.2833,98.138,70.2991,72.1917,69.0171,70.9096,33.9133,34.0354,33.1197,33.1197,15.1099,14.8046,15.7814,15.9646,15.7814,14.6215,14.9878,14.8657,47.9121,20.5617,23.1013,30.7204,90.7936,127.424,92.1612,73.5043,59,59,59,59,58.9438,59.4933,59.2491,59.6764,59,59,59,59,11.4469,11.2027,11.2637,11.3248,10.2259,10.348,11.0195,11.2027,11.8132,12.4847,12.4847,12.1795,54.4872,56.1355,54.8535,55.5861,25.9158,25.2442,25.6716,25.6105,44.5971,58.6996,44.2308,43.4982,32.265,33.3028,34.2796,32.9365,27.8083,27.8083,27.6252,27.9304,44.0476,43.4371,43.254,43.315,33.3028,33.9744,33.3639,34.2186,25.6105,25.3053,25.6716,25.3663,42.8266,43.8034,43.0098,43.6813,32.6923,33.3639,33.3028,32.9976,26.4652,26.5263,26.2821,30.2503,43.9255,43.6203,43.315,43.5592,15.6593,14.6825,30.9829,15.4762,15.293,14.5604,38.9194,15.5372,16.0867,15.232,16.453,15.4151,35.3175,35.5006,36.0501,35.6838,97.2222,98.0769,97.2222,98.138,59.9817,59.188,60.1038,59.7375,59,59,59,59,59.6764,59.6764,59.6764,59.3712,5.7081800000000005,0.396825,2.47253,58.4554,37.6984,49.8474,35.5006,50.0916,26.4652,50.1526,2.77778,0.396825,1103.22,173.34,1422.69,0.0,1.0,1.0,1.0,1.0,0.0,0.07783949999999999,43.6157,43.5638,42.993,43.6157,0.129731,14.1569,97.6404,88.1252,90.96,94.5528,0.0,8.03846,36.0703,0.0,0.0,-47.4873,98.5763,95.1803,39.0393,329.357,36.3715,305.462,287.825,42.872,423.644,417.599,414.402,518.95,508.57,598.895,420.097,415.412,524.794,503.632,599.254,409.924,407.254,513.721,513.005,609.0169999999998,408.986,407.904,512.933,512.432,609.951,430.677,430.533,532.828,533.3290000000002,610.4540000000002,431.61300000000006,430.749,532.112,531.54,607.077,598.177,598.871,21.4042,405.244,1141.03
2020-11-22 07:45:25,96.7949,97.5275,97.2833,98.138,70.2991,72.1917,69.8718,70.9096,33.9133,34.0354,33.1197,33.1197,15.1099,14.8046,15.7814,15.9646,15.7814,15.1709,14.9878,14.8657,47.9121,20.5617,23.9805,31.7949,90.7936,127.424,92.1612,73.3089,59,59,59,59,58.9438,59.4933,59.2491,59.6764,59,59,59,59,11.4469,11.2027,11.2637,11.3248,10.2259,11.2027,11.0195,11.2027,11.8132,12.4847,12.4847,12.1795,54.4872,56.1355,55.7082,55.5861,25.9158,25.2442,25.6716,25.6105,44.5971,58.6996,44.2308,43.4982,32.265,33.3028,33.6691,32.9365,27.8083,27.8083,27.6252,27.9304,44.0476,43.4371,43.254,43.315,33.3028,33.9744,33.3639,34.2186,25.6105,25.3053,25.6716,25.3663,42.8266,43.8034,43.0098,43.6813,32.6923,33.3639,33.3028,32.9976,26.4652,26.5873,26.2821,30.2503,43.9255,43.6203,43.315,43.5592,15.6593,14.6825,30.9829,15.4762,15.293,14.5604,38.9194,15.5372,16.0867,15.232,16.453,15.4151,35.3175,35.5006,36.0501,35.6838,97.2222,98.0769,97.2222,98.138,59.9817,59.188,60.1038,59.7375,59,59,59,59,59.6764,59.6764,59.6764,59.3712,5.7081800000000005,0.396825,0.763126,58.4554,37.6984,49.8474,35.5006,50.0916,26.4652,50.1526,2.77778,0.396825,1105.55,173.868,1424.52,0.0,1.0,1.0,1.0,1.0,0.0,0.07783949999999999,43.6157,43.5638,42.993,43.6157,0.129731,14.8332,97.55,88.5815,90.1801,96.3681,0.0,8.03846,32.0343,0.0,0.0,-60.7904,98.5763,95.1803,40.6183,327.59,35.8574,305.98,287.825,42.872,423.644,417.599,414.402,518.95,508.57,598.895,420.097,415.412,524.938,503.632,599.254,409.924,407.254,513.721,513.005,609.0169999999998,408.986,407.904,512.933,512.432,609.951,430.677,430.533,532.828,533.3290000000002,610.4540000000002,431.61300000000006,430.749,532.112,531.54,607.077,598.177,598.871,21.4042,405.244,1140.5
2020-11-22 07:45:30,96.7949,97.5275,97.2833,98.138,70.8486,72.1917,69.8718,71.4591,33.9133,34.0354,33.1197,33.1197,15.1099,14.8046,15.7814,15.9646,15.7814,15.1709,14.9878,14.8657,47.9121,19.6825,24.8596,30.8181,90.7936,125.177,91.0867,73.3089,59,59,59,59,58.9438,59.4933,59.2491,59.6764,59,59,59,59,11.4469,11.2027,11.2637,11.3248,10.2259,11.2027,11.0195,11.2027,11.8132,12.4847,12.4847,12.1795,54.4872,56.1355,55.7082,55.5861,25.9158,25.2442,25.6716,25.6105,44.5971,58.6996,44.2308,43.4982,32.265,33.3028,33.1197,32.3871,27.8083,27.8083,27.6252,27.9304,43.4982,43.4371,43.254,43.315,33.3028,33.9744,33.3639,34.2186,25.6105,25.3053,25.6716,25.3663,42.8266,43.8034,43.0098,43.6813,32.6923,33.3639,33.3028,32.9976,26.4652,26.5873,26.8926,30.2503,43.9255,43.6203,43.315,43.5592,15.6593,14.6825,30.9829,15.4762,15.293,14.5604,38.9194,15.5372,16.0867,15.232,16.453,15.4151,35.3175,35.5006,36.0501,35.6838,97.2222,98.0769,97.2222,98.138,59.9817,59.188,60.1038,59.7375,59,59,59,59,59.6764,59.6764,59.6764,59.3712,5.7081800000000005,0.396825,0.763126,58.4554,37.6984,49.8474,35.5006,50.0916,26.4652,50.1526,2.77778,0.396825,1105.47,173.868,1427.64,0.0,1.0,1.0,1.0,1.0,0.0,0.07783949999999999,43.6157,43.5638,42.993,43.6157,0.129731,15.4653,96.7376,90.1377,91.2334,96.189,0.0,8.03846,32.9745,0.0,0.0,-78.6026,98.5763,95.1803,41.9445,325.449,35.8574,304.603,287.825,42.872,423.644,417.599,414.402,518.95,508.57,598.895,420.097,415.412,525.081,503.632,599.254,409.924,407.254,513.721,513.005,609.0169999999998,408.986,407.904,512.933,512.432,609.951,430.677,430.533,532.828,533.3290000000002,610.4540000000002,431.61300000000006,430.749,532.112,531.54,607.077,598.177,598.871,21.4042,405.244,1139.97
2020-11-22 07:45:35,96.7949,97.5275,97.2833,98.138,70.8486,72.1917,70.7876,71.4591,33.9133,34.0354,33.1197,33.1197,15.1099,14.8046,15.7814,15.9646,15.7814,15.1709,14.9878,14.8657,47.9121,20.6593,26.0317,30.8181,90.7936,126.252,90.8913,73.2112,59,59,59,59,58.9438,59.4933,59.2491,59.6764,59,59,59,59,11.4469,11.2027,11.2637,11.3248,10.2259,11.2027,11.0195,11.2027,11.8132,12.4847,11.8132,12.1795,54.4872,56.1355,55.7082,55.5861,25.9158,25.2442,25.6716,25.6105,44.5971,58.6996,44.2308,43.4982,32.265,33.3028,33.1197,32.3871,27.8083,27.8083,27.6252,27.9304,43.4982,43.4371,43.254,43.315,33.3028,33.9744,33.3639,34.2186,25.6105,25.3053,25.6716,25.3663,42.8266,43.8034,43.0098,43.6813,32.6923,33.3639,33.3028,32.9976,26.4652,26.5873,26.8926,30.2503,43.9255,43.6203,43.315,43.5592,15.6593,14.6825,30.9829,15.4762,15.293,14.5604,38.9194,15.5372,16.0867,15.232,16.453,15.4151,35.3175,35.5006,36.0501,35.6838,97.2222,98.0769,97.2222,98.138,59.9817,59.188,60.1038,59.7375,59,59,59,59,59.6764,59.6764,59.6764,59.3712,5.7081800000000005,0.396825,0.763126,58.4554,35.8669,49.8474,35.5006,50.0916,26.4652,50.1526,2.77778,0.396825,1112.61,174.399,1429.04,0.0,1.0,1.0,1.0,1.0,0.0,0.07783949999999999,43.6157,43.5638,42.993,43.6157,0.129731,15.4653,97.6493,88.3374,89.6367,96.189,0.0,8.03846,34.4424,0.0,0.0,-114.443,98.5763,95.1803,40.8585,323.657,36.7487,301.688,287.825,42.872,423.644,417.599,414.402,518.95,508.57,598.895,420.097,415.412,525.081,503.632,599.254,409.924,407.254,513.721,513.005,609.0169999999998,408.986,407.904,512.933,512.432,609.951,430.677,430.533,532.828,533.3290000000002,610.4540000000002,431.61300000000006,430.749,532.112,531.54,607.077,598.177,598.871,21.4042,405.244,1139.97
2020-11-22 07:45:40,96.7949,97.5275,97.2833,98.138,71.7644,72.1917,71.4591,72.7411,33.9133,34.0354,33.1197,33.1197,15.1099,14.8046,15.7814,15.9646,15.7814,15.1709,14.9878,14.8657,48.7912,20.6593,26.0317,31.6972,88.7424,128.107,90.8913,74.3834,59,59,59,59,58.9438,59.4933,59.2491,59.6764,59,59,59,59,11.4469,11.2027,11.2637,11.3248,10.2259,11.2027,11.0195,11.2027,11.8132,12.4847,11.8132,12.1795,54.4872,56.1355,55.7082,55.5861,25.9158,25.2442,25.6716,25.6105,44.5971,58.6996,44.2308,43.4982,32.265,33.3028,32.5702,31.8376,27.8083,27.8083,27.6252,27.9304,44.9023,43.4371,43.254,43.315,33.3028,33.9744,33.3639,34.2186,25.6105,25.3053,25.6716,25.3663,42.8266,43.8034,43.0098,43.6813,32.6923,33.3639,33.3028,32.9976,26.4652,25.2442,27.442,30.2503,43.9255,43.6203,43.315,43.5592,15.6593,14.6825,30.9829,15.4762,15.293,14.5604,38.9194,15.5372,16.0867,15.232,16.453,15.4151,35.3175,35.5006,36.0501,35.6838,97.2222,98.0769,97.2222,98.138,59.9817,59.188,60.1038,59.7375,59,59,59,59,59.6764,59.6764,59.6764,59.3712,5.7081800000000005,0.396825,0.763126,58.4554,35.8669,49.8474,35.5006,50.0916,26.4652,50.1526,2.77778,0.396825,1114.92,174.399,1427.87,0.0,1.0,1.0,1.0,1.0,0.0,0.07783949999999999,43.6157,43.5638,42.993,43.6157,0.129731,14.8479,96.8104,88.3374,90.0661,95.4919,0.0,8.03846,31.4087,0.0,0.0,-137.501,98.5763,95.1803,40.8585,323.657,37.422,297.012,287.825,43.883,423.644,417.599,414.402,518.95,508.57,598.895,420.097,415.412,525.248,503.632,599.254,409.924,407.254,513.721,513.005,609.0169999999998,408.986,407.904,512.933,512.432,609.951,430.677,430.533,532.828,533.3290000000002,610.4540000000002,431.61300000000006,430.749,532.112,531.54,608.131,598.177,598.871,21.4042,404.715,1140.48
2020-11-22 07:45:45,96.7949,97.5275,97.2833,98.138,71.7644,72.1917,71.4591,72.7411,33.9133,34.0354,33.1197,33.1197,15.1099,14.8046,15.7814,15.9646,15.7814,15.1709,14.9878,14.8657,47.9121,20.6593,26.0317,31.6972,88.7424,130.256,93.0403,74.3834,59,59,59,59,58.9438,59.4933,59.2491,59.6764,59,59,59,59,11.4469,11.2027,11.2637,11.3248,10.7753,11.2027,11.0195,11.2027,11.8132,12.4847,12.3626,12.1795,54.4872,56.1355,55.7082,55.5861,25.9158,25.2442,25.6716,25.6105,44.5971,58.6996,44.2308,43.4982,32.265,33.3028,32.5702,31.8376,27.8083,27.8083,27.6252,27.9304,43.4982,43.4371,43.254,43.315,33.3028,33.9744,33.3639,34.2186,25.6105,25.3053,25.6716,25.3663,42.8266,43.8034,43.0098,43.6813,32.6923,33.3639,33.3028,32.9976,26.4652,26.221,27.442,30.2503,43.9255,43.6203,43.315,43.5592,15.6593,14.6825,30.9829,15.4762,15.293,14.5604,38.9194,15.5372,16.0867,15.232,16.453,15.4151,35.3175,35.5006,36.0501,35.6838,97.2222,98.0769,97.2222,98.138,59.9817,59.188,60.1038,59.7375,59,59,59,59,59.6764,59.6764,59.6764,59.3712,5.7081800000000005,0.396825,0.763126,58.4554,35.8669,49.8474,35.5006,50.0916,26.4652,50.1526,2.77778,0.396825,1116.09,174.399,1429.16,0.0,1.0,1.0,1.0,1.0,0.0,0.07783949999999999,43.6157,43.5638,42.993,43.6157,0.129731,14.8479,97.5695,87.4262,89.0905,95.4919,0.0,8.03846,31.5562,0.0,0.0,-80.8448,98.5763,95.1803,40.8585,324.962,37.422,291.825,287.825,43.883,423.644,417.599,414.402,518.95,508.57,598.895,420.097,415.412,525.248,503.632,599.254,409.924,407.254,513.721,513.005,609.0169999999998,408.986,407.904,512.933,512.432,611.005,430.677,430.533,532.828,533.3290000000002,610.4540000000002,431.61300000000006,430.749,532.112,531.54,608.131,598.177,598.871,21.4042,405.244,1141.68
2020-11-22 07:45:50,96.7949,97.5275,97.2833,98.138,72.8022,72.1917,72.1306,73.9011,33.9133,34.0354,33.1197,33.1197,15.1099,14.8046,15.7814,15.9646,15.7814,15.1709,14.9878,14.8657,47.9121,20.6593,26.0317,31.6972,87.8633,130.256,94.0171,74.3834,59,59,59,59,58.9438,59.4933,59.2491,59.6764,59,59,59,59,11.4469,11.2027,11.2637,11.3248,10.7753,11.2027,11.0195,11.2027,11.8132,12.4847,12.3626,12.1795,54.4872,56.1355,55.7082,55.5861,25.9158,25.2442,25.6716,25.6105,44.5971,58.6996,44.2308,44.0476,32.265,33.3028,32.0208,31.2271,27.8083,27.8083,27.6252,27.9304,43.4982,43.4371,43.254,43.315,33.3028,33.9744,33.3639,34.2186,25.6105,25.3053,25.6716,25.3663,43.9255,43.8034,43.0098,43.6813,32.6923,33.3639,33.3028,32.9976,26.4652,26.221,27.442,30.2503,43.9255,43.6203,43.315,43.5592,15.6593,14.6825,30.9829,15.4762,15.293,14.5604,38.9194,15.5372,16.0867,15.232,16.453,15.4151,35.3175,35.5006,36.0501,35.6838,97.2222,98.0769,97.2222,98.138,59.9817,59.188,60.1038,59.7375,59,59,59,59,59.6764,59.6764,59.6764,59.3712,5.7081800000000005,0.396825,0.763126,58.4554,35.8669,49.8474,35.5006,50.0916,26.4652,50.1526,2.77778,0.396825,1115.01,174.93,1433.44,0.0,1.0,1.0,1.0,1.0,0.0,0.07783949999999999,44.0827,43.5638,42.993,43.6157,0.129731,14.1863,96.9493,89.0428,89.932,95.4919,0.0,8.03846,31.5562,0.0,1.16974,-112.729,98.5763,95.1803,40.8585,326.5,36.7658,288.444,287.825,43.883,423.644,417.599,414.402,518.95,508.57,598.895,420.097,415.412,525.248,503.632,599.254,409.924,407.254,513.721,513.005,609.0169999999998,408.986,407.904,512.933,512.432,611.005,430.677,430.533,532.828,533.3290000000002,610.4540000000002,431.61300000000006,430.749,532.112,531.54,608.131,598.177,598.871,21.4042,405.244,1142.21
2020-11-22 07:45:55,96.7949,97.5275,97.2833,98.138,73.3516,75.3053,72.7411,73.9011,33.9133,34.0354,33.1197,33.1197,15.1099,14.8046,15.7814,15.9646,15.7814,14.6215,14.9878,14.8657,48.7912,19.7802,26.0317,31.6972,87.8633,131.429,94.0171,72.9182,59,59,59,59,58.9438,59.4933,59.2491,59.6764,59,59,59,59,11.4469,11.2027,11.2637,11.3248,11.4469,11.2027,11.0195,11.2027,11.8132,12.4847,12.3626,12.1795,54.4872,56.1355,55.7082,55.5861,25.9158,25.2442,25.6716,25.6105,44.5971,58.6996,44.2308,44.0476,32.265,33.3028,32.0208,31.2271,27.8083,27.8083,27.6252,27.9304,43.4982,43.4371,43.254,43.315,33.3028,33.9744,33.3639,34.2186,25.6105,25.3053,25.6716,25.3663,43.9255,43.8034,43.0098,43.6813,32.6923,33.3639,33.3028,32.9976,26.4652,26.221,27.442,30.2503,43.9255,43.6203,43.315,43.5592,15.6593,14.6825,30.9829,15.4762,15.293,15.1099,38.9194,15.5372,16.0867,15.232,16.453,15.4151,35.3175,35.5006,36.0501,35.6838,97.2222,98.0769,97.2222,98.138,59.9817,59.188,60.1038,59.7375,59,59,59,59,59.6764,59.6764,59.6764,59.3712,5.7081800000000005,0.396825,0.763126,58.4554,35.8669,49.8474,35.5006,50.0916,26.4652,50.1526,2.77778,0.396825,1116.18,174.93,1426.79,0.0,1.0,1.0,1.0,1.0,0.0,0.07783949999999999,44.0827,43.5638,42.993,43.6157,0.129731,13.4954,96.9493,89.0757,89.8697,95.22,0.0,8.03846,31.2912,0.0,0.0,-110.319,98.5763,95.1803,40.8585,328.2680000000001,38.0832,286.106,287.825,43.883,423.644,417.599,414.402,518.95,508.57,598.895,420.097,415.412,525.248,503.632,599.254,409.924,407.254,513.721,513.005,609.0169999999998,408.986,407.904,512.933,512.432,611.005,430.677,430.533,532.828,533.3290000000002,610.4540000000002,431.61300000000006,430.749,532.112,531.54,608.131,598.177,598.871,21.2332,405.244,1142.87
2020-11-22 07:46:00,96.7949,97.5275,97.2833,98.138,74.0232,75.9158,72.7411,73.9011,33.9133,34.0354,33.1197,33.1197,15.1099,14.8046,15.7814,15.9646,15.7814,15.232,14.9878,14.8657,48.7912,19.7802,26.9109,31.6972,90.2076,131.429,95.3846,72.0391,59,59,59,59,58.9438,59.4933,59.2491,59.6764,59,59,59,59,11.4469,11.2027,11.2637,11.3248,11.4469,11.2027,11.0195,11.2027,11.8132,12.4847,12.3626,12.1795,54.4872,56.1355,55.7082,55.5861,25.9158,25.2442,25.6716,25.6105,44.5971,58.6996,44.2308,44.0476,32.9365,33.3028,31.4713,30.5556,27.8083,27.8083,27.6252,27.9304,44.7192,43.4371,43.254,43.315,33.3028,33.9744,33.3639,34.2186,25.6105,25.3053,25.6716,25.3663,43.9255,43.8034,43.0098,43.6813,32.6923,33.3639,33.3028,32.9976,26.4652,26.221,26.8315,30.2503,43.9255,43.6203,43.315,43.5592,15.6593,14.6825,30.9829,15.4762,15.293,15.1099,38.9194,15.5372,16.0867,15.232,16.453,15.4151,35.3175,35.5006,36.0501,35.6838,97.2222,98.0769,97.2222,98.138,59.9817,59.188,60.1038,59.7375,59,59,59,59,59.6764,59.6764,59.6764,59.3712,5.7081800000000005,0.396825,0.763126,58.4554,35.8669,49.8474,35.5006,50.0916,26.4652,50.1526,2.77778,0.396825,1114.92,174.93,1426.75,0.0,1.0,1.0,1.0,1.0,0.0,0.07783949999999999,44.0827,43.5638,42.993,43.6157,0.129731,13.4954,96.6378,90.0797,88.3198,95.22,0.0,8.03846,32.015,0.0,0.0,-114.824,98.5763,95.1803,40.8585,328.755,38.0832,284.817,287.825,43.883,423.644,417.599,414.402,518.95,508.57,598.895,420.097,415.412,525.391,503.632,599.254,409.924,407.254,513.721,513.005,609.0169999999998,408.986,407.904,512.933,512.432,611.005,430.677,430.533,532.828,533.3290000000002,610.4540000000002,431.61300000000006,430.749,532.112,531.54,608.131,598.177,598.871,21.2332,405.772,1143.52
2020-11-22 07:46:05,96.7949,97.5275,97.2833,98.138,74.0232,75.9158,72.7411,75.0,33.9133,34.0354,33.1197,33.1197,15.1099,14.8046,15.7814,14.9267,15.7814,15.232,14.9878,14.8657,49.6703,19.7802,26.9109,31.6972,90.2076,129.475,94.1148,72.0391,59,59,59,59,58.9438,59.4933,59.2491,59.6764,59,59,59,59,11.4469,11.2027,11.2637,11.3248,11.4469,11.2027,11.0195,11.2027,11.8132,12.4847,12.3626,12.1795,54.4872,56.1355,55.7082,55.5861,25.9158,25.2442,25.6716,25.6105,44.5971,58.6996,44.2308,44.0476,32.9365,33.3028,31.4713,36.2332,27.8083,27.8083,27.6252,27.9304,44.7192,43.4371,43.254,43.315,33.3028,33.9744,33.3639,34.2186,25.6105,25.3053,25.6716,25.3663,43.9255,43.8034,43.0098,43.6813,32.6923,33.3639,33.3028,32.9976,26.4652,26.7705,26.8315,30.2503,43.9255,43.6203,43.315,43.5592,15.6593,14.6825,30.9829,15.4762,15.293,15.1099,38.9194,15.5372,16.0867,15.232,16.453,15.4151,35.3175,35.5006,36.0501,35.6838,97.2222,98.0769,97.2222,98.138,59.9817,59.188,60.1038,59.7375,59,59,59,59,59.6764,59.6764,59.6764,59.3712,5.7081800000000005,0.396825,0.763126,58.4554,35.8669,49.8474,35.5006,50.0916,26.4652,50.1526,2.77778,0.396825,1114.92,174.93,1429.74,0.0,1.0,1.0,1.0,1.0,0.0,0.07783949999999999,44.0827,43.5638,42.993,43.6157,0.129731,14.201,97.9021,90.1635,89.8663,95.9567,0.0,8.03846,32.6597,0.0,0.0,-102.917,98.5763,95.1803,41.5549,323.577,37.5158,284.817,287.825,43.883,423.644,417.599,414.402,518.95,508.57,598.895,420.097,415.412,525.534,503.632,599.254,409.924,407.254,513.721,513.005,609.0169999999998,408.986,407.904,512.933,512.432,611.005,430.677,430.533,532.828,533.3290000000002,610.4540000000002,431.61300000000006,430.749,532.112,531.54,608.131,598.177,598.871,21.2332,405.244,1144.12
2020-11-22 07:46:10,96.7949,97.5275,97.2833,98.138,74.5727,76.4652,73.2906,75.0,33.9133,34.0354,33.1197,33.1197,15.1099,14.8046,15.7814,15.5983,15.7814,15.232,14.9878,14.8657,48.4982,20.6593,26.0317,31.6972,91.1844,130.64700000000002,94.1148,73.0159,59,59,59,59,58.9438,59.4933,59.2491,59.6764,59,59,59,59,11.4469,11.2027,11.2637,11.3248,11.4469,11.2027,11.0195,11.2027,11.8132,12.4847,11.7521,12.1795,54.4872,56.1355,55.7082,55.5861,25.9158,25.2442,25.6716,25.6105,44.5971,58.6996,44.2308,44.0476,32.9365,33.3028,34.5238,36.2332,27.8083,27.8083,27.6252,27.9304,44.7192,43.4371,43.254,43.315,33.3028,33.9744,33.3639,34.2186,25.6105,25.3053,25.6716,25.3663,43.9255,43.8034,43.0098,43.6813,32.6923,33.3639,33.3028,32.9976,26.4652,26.7705,26.8315,30.2503,43.9255,43.6203,43.315,43.5592,15.6593,14.6825,30.9829,15.4762,15.293,15.1099,38.9194,15.5372,16.0867,15.232,16.453,15.4151,35.3175,35.5006,36.0501,35.6838,97.2222,98.0769,97.2222,98.138,59.9817,59.188,60.1038,59.7375,59,59,59,59,59.6764,59.6764,59.6764,59.3712,5.7081800000000005,0.396825,0.763126,58.4554,35.8669,49.8474,35.5006,50.0916,26.4652,50.1526,2.77778,0.396825,1112.61,174.93,1429.91,0.0,1.0,1.0,1.0,1.0,0.0,0.07783949999999999,44.0827,43.5638,42.993,43.6157,0.129731,14.201,98.2244,87.1174,88.2271,95.9567,0.0,8.03846,35.22,0.0,1.13769,-93.7176,98.5763,95.1803,42.1071,318.51,38.2275,285.8520000000001,287.825,43.883,423.644,417.599,414.402,518.95,508.57,598.895,420.097,415.412,525.534,503.632,600.307,409.924,407.254,513.721,513.005,609.0169999999998,408.986,407.904,512.933,512.432,611.005,430.677,430.533,532.828,533.3290000000002,610.4540000000002,431.61300000000006,430.749,532.112,531.54,608.131,598.177,598.871,21.2332,405.244,1144.62
2020-11-22 07:46:15,96.7949,97.5275,97.2833,98.138,74.5727,76.4652,73.2906,75.0,33.9133,34.0354,33.1197,33.1197,15.1099,14.8046,15.7814,15.5983,15.7814,15.232,14.9878,14.8657,48.4982,20.6593,26.0317,32.967,91.1844,129.768,94.9939,73.895,59,59,59,59,58.9438,59.4933,59.2491,59.6764,59,59,59,59,11.4469,11.2027,11.2637,11.3248,11.4469,11.2027,11.0195,11.2027,11.8132,12.4847,11.7521,12.1795,54.4872,56.1355,55.7082,55.5861,25.9158,25.2442,25.6716,25.6105,44.5971,58.6996,44.2308,44.0476,32.9365,33.3028,34.5238,35.5006,27.8083,27.8083,27.6252,27.9304,44.7192,43.4371,43.254,43.315,33.3028,33.9744,33.3639,34.2186,25.6105,25.3053,25.6716,25.3663,43.9255,43.8034,43.0098,43.6813,32.6923,33.3639,33.3028,32.9976,26.4652,25.8547,26.8315,30.2503,43.9255,43.6203,43.315,43.5592,15.6593,14.6825,30.9829,15.4762,15.293,15.1099,38.9194,15.5372,16.0867,15.232,16.453,15.4151,35.3175,35.5006,36.0501,35.6838,97.2222,98.0769,97.2222,98.138,59.9817,59.188,60.1038,59.7375,59,59,59,59,59.6764,59.6764,59.6764,59.3712,5.7081800000000005,0.396825,0.763126,58.4554,35.8669,49.8474,35.5006,50.0916,26.4652,50.1526,2.77778,0.396825,1115.01,174.93,1437.65,0.0,1.0,1.0,1.0,1.0,0.0,0.07783949999999999,44.0827,43.5638,42.993,43.6157,0.129731,14.201,98.7035,89.1664,90.0139,94.981,0.0,8.03846,32.7217,0.0,0.0,-81.3917,98.5763,95.1803,40.4752,317.937,38.7862,288.737,287.825,43.883,423.644,417.599,414.402,518.95,508.57,598.895,420.097,415.412,525.653,503.632,600.307,409.924,407.254,513.721,513.005,609.0169999999998,408.986,407.904,512.933,512.432,611.005,430.677,430.533,532.828,533.3290000000002,610.4540000000002,431.61300000000006,430.749,532.112,531.54,608.131,598.177,599.9,21.2332,405.244,1145.26
2020-11-22 07:46:20,96.7949,97.5275,97.2833,98.138,74.5727,76.4652,74.4506,76.4652,33.9133,34.0354,33.1197,33.1197,15.1099,14.8046,15.7814,15.5983,15.7814,15.232,14.9878,14.8657,48.4982,20.6593,26.0317,34.0415,92.4542,129.768,93.9194,74.7741,59,59,59,59,58.9438,59.4933,59.2491,59.6764,59,59,59,59,11.4469,11.2027,11.2637,11.3248,11.4469,11.2027,11.0195,11.2027,11.8132,12.4847,12.3016,12.1795,54.4872,56.1355,55.7082,55.5861,25.9158,25.7936,25.6716,26.2821,44.5971,58.6996,44.2308,44.0476,32.9365,33.3028,34.5238,34.8901,27.8083,27.8083,27.6252,27.9304,44.7192,43.4371,43.254,43.315,33.3028,33.9744,33.3639,34.2186,25.6105,25.3053,25.6716,25.3663,43.9255,43.8034,43.0098,43.6813,32.6923,33.3639,33.3028,32.9976,26.4652,26.7094,26.8315,30.2503,43.9255,43.6203,43.315,44.1087,15.6593,14.6825,30.9829,15.4762,15.293,15.1099,38.9194,15.5372,16.0867,15.232,16.453,15.4151,35.3175,35.5006,36.0501,35.6838,97.2222,98.0769,97.2222,98.138,59.9817,59.188,60.1038,59.7375,59,59,59,59,59.6764,59.6764,59.6764,59.3712,5.7081800000000005,0.396825,0.763126,58.4554,35.8669,49.8474,33.0586,50.0916,26.4652,50.1526,2.77778,0.396825,1112.66,174.93,1434.26,0.0,1.0,1.0,1.0,1.0,0.0,0.07783949999999999,44.0827,44.0308,42.993,43.6157,0.129731,14.201,96.3858,90.7965,89.1175,96.4123,0.0,8.03846,32.5175,0.0,0.0,-61.6102,98.5763,95.1803,39.9653,318.6090000000001,39.4968,290.829,287.825,43.883,422.635,417.599,414.402,518.95,508.57,598.895,420.097,415.412,525.653,503.632,600.307,409.924,407.254,513.721,513.005,609.0169999999998,408.986,407.904,512.933,512.432,611.005,430.677,430.533,532.828,533.3290000000002,610.4540000000002,431.61300000000006,430.749,532.112,531.54,608.131,598.177,599.9,21.2332,405.244,1145.26
2020-11-22 07:46:25,96.7949,97.5275,97.2833,98.138,75.4884,76.4652,74.4506,76.4652,33.9133,34.0354,33.1197,33.1197,15.1099,14.8046,15.7814,14.9267,15.7814,14.6215,14.9878,14.8657,48.4982,20.6593,26.0317,31.5018,92.4542,129.768,91.6728,73.895,59,59,59,59,58.9438,59.4933,59.2491,59.6764,59,59,59,59,11.4469,11.2027,11.2637,11.3248,11.4469,11.2027,11.0195,11.2027,11.8132,12.4847,12.3016,12.1795,54.4872,56.1355,55.7082,55.5861,25.9158,25.7936,25.6716,26.2821,44.5971,58.6996,44.2308,44.0476,32.9365,33.3028,34.5238,34.8901,28.663,27.8083,27.6252,27.9304,44.7192,43.4371,43.254,43.315,33.8523,33.9744,33.3639,34.2186,25.6105,25.3053,25.6716,25.3663,43.9255,43.8034,43.0098,43.6813,32.6923,33.3639,33.3028,32.9976,26.4652,26.7094,26.8315,30.2503,43.9255,43.6203,43.315,44.1087,15.6593,14.6825,30.9829,15.4762,15.293,15.1099,38.9194,15.5372,16.0867,15.232,16.453,15.4151,35.3175,35.5006,36.0501,35.6838,97.2222,98.0769,97.2222,98.138,59.9817,59.188,60.1038,59.7375,59,59,59,59,59.6764,59.6764,59.6764,59.3712,5.7081800000000005,0.396825,0.763126,58.4554,35.8669,49.8474,33.0586,50.0916,24.3895,50.1526,2.77778,0.396825,1115.01,174.93,1432.11,0.0,1.0,1.0,1.0,1.0,0.0,0.07783949999999999,44.0827,44.0308,43.46,43.6157,0.129731,14.201,96.9141,89.9746,88.3789,96.4123,0.0,8.03846,33.0886,0.0,0.0,-45.351000000000006,98.5763,95.1803,39.9653,320.502,40.5926,291.584,287.825,43.883,422.635,417.599,414.402,518.95,508.57,598.895,420.097,415.412,525.7959999999998,503.632,600.307,409.924,407.254,513.721,513.005,609.0169999999998,408.986,407.904,512.933,512.432,611.005,430.677,430.533,532.828,533.3290000000002,610.4540000000002,431.61300000000006,430.749,532.112,531.54,608.131,598.177,599.9,21.2332,404.715,1145.26
2020-11-22 07:46:30,96.7949,97.5275,97.2833,98.138,75.4884,77.0147,74.4506,76.4652,33.9133,34.0354,33.1197,33.1197,15.1099,14.8046,15.7814,15.5372,15.7814,14.6215,14.9878,14.8657,48.4982,19.7802,25.0549,29.9389,92.4542,130.64700000000002,91.4774,73.895,59,59,59,59,58.9438,59.4933,59.2491,59.6764,59,59,59,59,11.4469,11.2027,11.2637,11.3248,11.4469,11.2027,11.0195,11.2027,11.8132,12.4847,12.3016,12.1795,54.4872,56.1355,55.7082,55.5861,27.8694,25.7936,25.6716,26.2821,44.5971,58.6996,44.2308,44.0476,32.9365,33.3028,34.5238,34.0354,28.663,27.8083,27.6252,27.9304,44.7192,44.0476,43.254,43.315,33.8523,33.9744,33.3639,34.2186,25.6105,25.3053,25.6716,25.3663,43.9255,43.8034,43.0098,43.6813,32.6923,33.3639,33.3028,32.9976,26.4652,25.5495,26.8315,30.2503,43.9255,43.6203,43.315,44.1087,15.6593,14.6825,30.9829,15.4762,15.293,15.1099,38.9194,15.5372,16.0867,15.232,16.453,15.4151,35.3175,35.5006,36.0501,35.6838,97.2222,98.0769,97.2222,98.138,59.9817,59.188,60.1038,59.7375,59,59,59,59,59.6764,59.6764,59.6764,59.3712,5.7081800000000005,0.396825,0.763126,58.4554,35.8669,49.8474,33.0586,50.0916,24.3895,50.1526,2.77778,0.396825,1116.18,174.93,1438.76,0.0,1.0,1.0,1.0,1.0,0.0,0.07783949999999999,44.0827,44.0308,43.46,43.6157,0.129731,14.201,96.2541,87.8737,89.3008,95.791,0.0,8.03846,33.1188,0.0,0.0,-42.228,98.5763,95.1803,39.346,321.08,41.3198,294.371,287.825,43.883,422.635,417.599,414.402,518.95,508.57,598.895,420.097,415.412,525.7959999999998,503.632,600.307,409.924,407.254,513.721,513.005,609.0169999999998,408.986,407.904,512.933,512.432,611.005,430.677,430.533,532.828,533.3290000000002,610.4540000000002,431.61300000000006,430.749,532.112,531.54,608.131,598.177,599.9,21.2332,404.186,1145.8
2020-11-22 07:46:35,96.7949,97.5275,97.2833,98.138,75.4884,77.0147,74.4506,76.4652,33.9133,34.0354,33.1197,33.1197,15.1099,14.8046,15.7814,15.5372,15.7814,14.6215,14.9878,14.8657,48.4982,19.7802,25.0549,29.9389,92.4542,131.624,91.4774,73.895,59,59,59,59,58.9438,59.4933,59.2491,59.6764,59,59,59,59,11.4469,11.2027,11.2637,11.3248,11.4469,11.2027,11.0195,11.2027,11.8132,12.4847,12.3016,12.1795,54.4872,56.1355,55.7082,55.5861,26.5873,25.7936,25.6716,26.2821,44.5971,58.6996,44.2308,44.0476,32.9365,33.3028,34.5238,34.0354,28.663,27.8083,27.6252,27.9304,44.7192,44.0476,43.254,43.315,33.8523,33.9744,33.3639,34.2186,25.6105,25.3053,25.6716,25.3663,43.9255,43.8034,43.0098,43.6813,32.6923,33.3639,33.3028,32.9976,26.4652,26.8315,26.8315,30.2503,43.9255,43.6203,43.315,44.1087,15.6593,14.6825,30.9829,15.4762,15.293,15.1099,38.9194,15.5372,16.0867,15.232,16.453,15.4151,35.3175,35.5006,36.0501,35.6838,97.2222,98.0769,97.2222,98.138,59.9817,59.188,60.1038,59.7375,59,59,59,59,59.6764,59.6764,59.6764,59.3712,5.7081800000000005,0.396825,0.763126,58.4554,35.8669,49.8474,33.0586,50.0916,24.3895,51.3736,2.77778,0.396825,1117.34,174.93,1431.97,0.0,1.0,1.0,1.0,1.0,0.0,0.07783949999999999,44.0827,44.0308,43.46,43.6157,0.129731,14.201,96.0524,90.0197,89.3008,95.791,0.0,8.03846,33.1207,0.0,0.0,-46.224,98.5763,95.1803,39.346,321.7940000000001,41.8683,296.003,287.825,43.883,422.635,417.599,414.402,518.95,508.57,598.895,420.097,415.412,525.7959999999998,503.632,600.307,409.924,407.254,513.721,513.005,609.0169999999998,408.986,407.904,512.933,512.432,611.005,430.677,430.533,532.828,533.3290000000002,610.4540000000002,431.61300000000006,430.749,532.112,531.54,608.131,598.177,599.9,21.2332,405.244,1145.8
2020-11-22 07:46:40,96.7949,97.5275,97.2833,98.138,75.4884,77.0147,74.4506,76.4652,33.9133,34.0354,33.1197,33.1197,15.1099,14.8046,15.7814,15.5372,15.7814,14.6215,14.9878,14.8657,47.619,19.7802,25.0549,31.0134,93.5287,130.549,93.8217,75.0672,59,59,59,59,58.9438,59.4933,59.2491,59.6764,59,59,59,59,11.4469,11.2027,11.2637,11.3248,11.4469,11.2027,11.0195,11.2027,11.8132,12.4847,12.3016,12.1795,54.4872,56.1355,55.7082,55.5861,26.5873,25.7936,25.6716,26.2821,44.5971,58.6996,44.2308,44.0476,32.9365,33.3028,34.5238,33.486,28.663,27.8083,27.6252,27.9304,44.7192,44.0476,43.254,43.315,33.8523,33.9744,33.3639,34.2186,25.6105,25.3053,25.6716,25.3663,43.9255,43.8034,43.0098,43.6813,32.6923,33.3639,33.3028,32.9976,26.4652,26.8315,26.8315,30.2503,43.9255,43.6203,43.315,44.1087,15.6593,14.6825,30.9829,15.4762,15.293,15.1099,38.9194,14.9878,16.0867,15.232,16.453,15.4151,35.3175,35.5006,36.0501,35.6838,97.2222,98.0769,97.2222,98.138,59.9817,59.188,60.1038,59.7375,59,59,59,59,59.6764,59.6764,59.6764,59.3712,5.7081800000000005,0.396825,0.763126,58.4554,35.8669,49.8474,33.0586,50.0916,24.3895,51.3736,2.77778,0.396825,1111.49,174.93,1425.23,0.0,1.0,1.0,1.0,1.0,0.0,0.07783949999999999,44.0827,44.0308,43.46,43.6157,0.129731,14.201,95.4895,89.0602,88.6085,96.5075,0.0,8.03846,30.7162,0.0,0.0,-54.1075,98.5763,95.1803,39.346,322.736,41.3333,296.003,287.825,43.883,422.635,417.599,414.402,518.95,508.57,598.895,420.097,415.412,525.939,503.632,600.307,409.924,407.254,513.721,513.005,609.0169999999998,408.986,407.904,512.933,512.432,611.005,430.677,430.533,532.828,533.3290000000002,610.4540000000002,431.61300000000006,430.749,532.112,531.54,608.131,598.177,599.9,21.2332,404.715,1146.4
2020-11-22 07:46:45,96.7949,97.5275,97.2833,98.138,75.4884,77.0147,75.0,76.4652,33.9133,34.0354,33.1197,33.1197,15.1099,14.8046,15.7814,15.5372,15.7814,14.6215,14.9878,14.8657,45.3724,19.7802,25.0549,31.9902,93.5287,128.791,92.7473,74.0903,59,59,59,59,58.9438,59.4933,59.2491,59.6764,59,59,59,59,11.4469,11.2027,11.2637,11.3248,11.4469,11.2027,11.0195,11.2027,11.8132,12.4847,12.3016,12.1795,54.4872,56.1355,55.7082,55.5861,26.5873,25.7936,25.6716,26.2821,44.5971,58.6996,44.2308,44.0476,32.9365,33.3028,34.5238,33.486,28.663,27.8083,27.6252,27.9304,44.7192,44.0476,43.254,43.315,33.8523,33.9744,33.3639,34.2186,25.6105,25.3053,25.6716,25.3663,43.9255,43.8034,43.0098,43.6813,32.6923,33.3639,33.3028,32.9976,26.4652,26.8315,26.8315,30.2503,43.9255,43.6203,43.315,44.1087,15.6593,14.6825,30.9829,15.4762,15.293,15.1099,38.9194,14.9878,16.0867,15.232,16.453,15.4151,35.3175,35.5006,36.0501,35.6838,97.2222,98.0769,97.2222,98.138,59.9817,59.188,60.1038,59.7375,59,59,59,59,59.6764,59.6764,59.6764,59.3712,5.7081800000000005,0.396825,0.763126,59.5543,35.8669,49.8474,33.0586,51.1294,24.3895,51.3736,2.77778,0.396825,1109.14,174.93,1431.09,0.0,1.0,1.0,1.0,1.0,0.0,0.07783949999999999,44.0827,44.0308,43.46,43.6157,0.129731,14.201,97.0099,89.2596,90.2132,96.5075,0.0,8.03846,35.4524,0.0,0.0,-46.7213,98.5763,95.1803,40.5072,323.368,41.9602,296.003,287.825,43.883,422.635,417.599,414.402,518.95,508.57,598.895,420.097,415.412,525.939,503.632,600.307,409.924,407.254,513.721,513.005,609.0169999999998,408.986,407.904,512.933,512.432,611.005,430.677,430.533,532.828,533.3290000000002,610.4540000000002,431.61300000000006,430.749,532.112,531.54,608.131,598.177,599.9,21.2332,404.186,1145.9
2020-11-22 07:46:50,96.7949,97.5275,97.2833,98.138,75.4884,77.0147,75.0,77.0147,33.9133,34.0354,33.1197,33.1197,15.1099,14.8046,15.7814,15.5372,15.7814,14.6215,14.9878,14.8657,45.3724,18.9011,24.1758,31.9902,91.6728,128.791,93.7241,74.0903,59,59,59,59,58.9438,59.4933,59.2491,59.6764,59,59,59,59,11.4469,11.2027,11.2637,11.3248,11.4469,11.2027,11.0195,11.2027,11.8132,12.4847,11.7521,11.63,54.4872,56.1355,55.7082,55.5861,26.5873,25.7936,25.6716,26.2821,44.5971,58.6996,44.2308,44.0476,32.9365,33.3028,34.5238,32.7534,28.663,27.8083,27.6252,27.9304,44.7192,44.0476,43.254,43.315,33.8523,33.9744,33.3639,34.2186,25.6105,25.3053,25.6716,25.3663,43.9255,43.8034,43.0098,43.6813,32.6923,33.3639,33.3028,32.9976,26.4652,26.3431,26.8315,30.2503,43.9255,43.6203,43.315,44.1087,15.6593,14.6825,30.9829,15.4762,15.293,15.1099,38.9194,14.9878,16.0867,15.232,16.453,15.4151,35.3175,35.5006,36.0501,35.6838,97.2222,98.0769,97.2222,98.138,59.9817,59.188,60.1038,59.7375,59,59,59,59,59.6764,59.6764,59.6764,59.3712,5.7081800000000005,0.396825,0.763126,59.5543,35.8669,49.8474,33.0586,51.1294,24.3895,51.3736,2.77778,0.396825,1109.14,175.44299999999996,1427.57,0.0,1.0,1.0,1.0,1.0,0.0,0.07783949999999999,44.0827,44.0308,43.46,44.0827,0.129731,14.201,96.2931,86.4817,89.1574,95.3752,0.0,8.03846,33.5812,0.0,0.0,-46.1108,98.5763,95.1803,41.0895,325.67,39.7902,295.343,287.825,43.883,422.635,417.599,414.402,518.95,508.57,598.895,420.097,415.412,525.939,503.632,600.307,409.924,407.254,513.721,513.005,609.0169999999998,408.986,407.904,512.933,512.432,611.005,430.677,430.533,532.828,533.3290000000002,610.4540000000002,431.61300000000006,430.749,532.112,531.54,608.131,598.177,599.9,21.2332,404.186,1145.36
2020-11-22 07:46:55,96.7949,97.5275,97.2833,98.138,75.4884,77.0147,75.0,77.0147,33.9133,34.0354,33.1197,33.1197,15.1099,14.8046,15.7814,15.5372,15.7814,14.6215,14.9878,14.8657,47.2283,19.7802,25.0549,31.9902,91.6728,128.791,94.7009,74.0903,59,59,59,59,58.9438,59.4933,59.2491,59.6764,59,59,59,59,11.4469,11.2027,11.2637,11.3248,11.4469,11.2027,11.0195,11.2027,11.8132,12.4847,12.3016,13.1563,54.4872,56.1355,55.7082,55.5861,26.5873,25.7936,25.6716,26.2821,44.5971,58.6996,44.2308,44.0476,32.9365,33.3028,34.5238,32.7534,28.663,27.8083,27.6252,27.9304,44.7192,44.0476,43.254,43.8645,33.8523,33.9744,33.3639,34.2186,25.6105,25.3053,25.6716,25.3663,43.9255,43.8034,43.5592,44.3529,32.6923,33.3639,33.3028,32.9976,26.4652,26.3431,26.8315,30.2503,43.9255,43.6203,43.315,44.1087,15.6593,14.6825,30.9829,15.4762,15.293,15.1099,38.9194,14.9878,16.0867,15.232,16.453,15.4151,35.3175,35.5006,36.0501,35.6838,97.2222,98.0769,97.2222,98.138,59.9817,59.188,60.1038,59.7375,59,59,59,59,59.6764,59.6764,59.6764,59.3712,5.7081800000000005,0.396825,0.763126,59.5543,35.8669,50.5189,33.0586,51.1294,24.3895,51.3736,2.77778,0.396825,1107.93,175.44299999999996,1428.73,0.0,1.0,1.0,1.0,1.0,0.0,0.07783949999999999,44.0827,44.0308,43.46,44.0827,0.129731,14.201,97.2846,88.5814,88.1133,96.2137,0.0,8.03846,33.5812,0.0,0.0,-41.4571,98.5763,95.1803,41.0895,327.664,40.3086,295.343,287.825,43.883,422.635,417.599,414.402,518.95,508.57,598.895,420.097,415.412,525.939,503.632,600.307,409.924,407.254,513.721,513.005,609.0169999999998,408.986,407.904,512.933,512.432,611.005,430.677,430.533,532.828,533.3290000000002,610.4540000000002,431.61300000000006,430.749,532.112,531.54,608.131,598.177,599.9,21.2332,404.715,1144.8
2020-11-22 07:47:00,96.7949,97.5275,97.2833,98.138,75.4884,77.0147,75.0,77.0147,33.9133,34.0354,33.1197,33.1197,15.1099,14.8046,15.7814,15.5372,15.7814,14.6215,14.9878,14.8657,47.2283,19.7802,25.0549,30.8181,90.4029,128.791,94.7009,75.4579,59,59,59,59,58.9438,59.4933,59.2491,59.6764,59,59,59,59,11.4469,11.2027,11.2637,11.3248,10.8974,11.2027,11.0195,11.2027,11.8132,12.4847,12.3016,11.8132,54.4872,56.1355,55.7082,55.5861,26.5873,25.7936,25.6716,26.2821,44.5971,58.6996,44.2308,44.0476,32.9365,33.3028,34.5238,32.0818,28.663,27.8083,27.6252,27.9304,44.7192,44.0476,43.254,43.8645,33.8523,33.9744,33.3639,34.2186,25.6105,25.3053,25.6716,25.3663,43.9255,44.3529,43.5592,44.3529,32.6923,33.3639,33.3028,32.9976,26.4652,26.3431,26.8315,30.2503,43.9255,43.6203,43.315,44.1087,15.6593,14.6825,30.9829,15.4762,15.293,15.1099,38.9194,14.9878,16.0867,15.232,16.453,15.4151,35.3175,35.5006,36.0501,35.6838,97.2222,98.0769,97.2222,98.138,59.9817,59.188,60.1038,59.7375,59,59,59,59,59.6764,59.6764,59.6764,59.3712,5.7081800000000005,0.396825,0.763126,59.5543,35.8669,50.5189,33.0586,51.1294,24.3895,51.3736,2.77778,0.396825,1105.58,175.44299999999996,1431.07,0.0,1.0,1.0,1.0,1.0,0.0,0.07783949999999999,44.0827,44.0308,43.46,44.0827,0.129731,14.201,98.556,91.1877,89.9648,97.5258,0.0,8.03846,34.6421,0.0,0.0,-58.6363,98.5763,95.1803,41.0895,328.957,40.3086,297.777,287.825,43.883,422.635,417.599,414.402,518.95,508.57,598.895,420.097,415.412,525.939,503.632,600.307,409.924,407.254,513.721,513.005,609.0169999999998,408.986,407.904,512.933,512.432,611.005,430.677,430.533,532.828,533.3290000000002,610.4540000000002,431.61300000000006,430.749,532.112,531.54,608.131,599.182,599.9,21.2332,404.715,1144.19
2020-11-22 07:47:05,96.7949,97.5275,97.2833,98.138,75.4884,77.0147,75.0,77.0147,33.9133,34.0354,33.1197,33.1197,15.1099,14.8046,15.7814,15.5372,15.7814,14.6215,14.9878,14.8657,48.2051,19.7802,25.0549,31.9902,90.4029,129.768,93.7241,75.4579,59,59,59,59,58.9438,59.4933,59.2491,59.6764,59,59,59,59,11.4469,11.2027,11.2637,11.3248,10.8974,11.2027,11.0195,11.2027,11.8132,12.4847,12.3016,11.8132,54.4872,56.1355,55.7082,55.5861,26.5873,25.7936,25.6716,26.2821,44.5971,58.6996,44.2308,44.0476,32.9365,33.3028,34.5238,32.0818,28.663,27.8083,27.6252,27.9304,44.7192,44.0476,43.254,43.8645,33.8523,33.9744,33.3639,34.2186,25.6105,25.3053,25.6716,25.9158,43.9255,44.9023,43.5592,43.7424,32.6923,33.3639,33.3028,32.9976,26.4652,25.4884,26.8315,30.2503,43.9255,43.6203,43.315,44.1087,15.6593,14.6825,30.9829,15.4762,15.293,15.1099,38.9194,14.9878,16.0867,15.232,16.453,15.4151,35.3175,35.5006,36.0501,35.6838,97.2222,98.0769,97.2222,98.138,59.9817,59.188,60.1038,59.7375,59,59,59,59,59.6764,59.6764,59.6764,59.3712,5.7081800000000005,0.396825,0.763126,59.5543,35.8669,50.5189,33.0586,51.1294,24.3895,51.3736,2.77778,0.396825,1105.61,175.44299999999996,1430.84,0.0,1.0,1.0,1.0,1.0,0.0,0.07783949999999999,44.0827,44.0308,43.46,44.0827,0.129731,14.201,96.8188,89.7005,90.0119,97.4717,0.0,8.03846,31.0482,0.0,0.0,-33.9854,98.5763,95.1803,40.5152,331.19,40.8369,299.688,287.825,43.883,422.635,417.599,414.402,518.95,508.57,598.895,420.097,415.412,526.107,503.632,601.336,409.924,407.254,513.721,513.005,609.0169999999998,408.986,407.904,512.933,512.432,611.005,430.677,430.533,532.828,533.3290000000002,610.4540000000002,431.61300000000006,430.749,532.112,531.54,608.131,599.182,599.9,21.2332,403.657,1143.61
2020-11-22 07:47:10,96.7949,97.5275,97.2833,98.138,75.4884,77.0147,75.5495,77.0147,33.9133,34.0354,33.1197,33.1197,15.1099,14.8046,15.7814,14.9878,15.7814,14.6215,14.9878,14.8657,49.1819,19.7802,25.0549,31.9902,92.1612,129.768,93.7241,76.5323,59,59,59,59,58.9438,59.4933,59.2491,59.6764,59,59,59,59,11.4469,11.2027,11.2637,11.3248,10.8974,11.7521,11.0195,11.2027,11.8132,12.4847,12.3016,11.8132,54.4872,56.1355,55.7082,55.5861,26.5873,25.7936,25.6716,26.2821,44.5971,58.6996,44.2308,44.0476,32.9365,33.3028,34.5238,32.0818,28.663,27.8083,27.6252,27.9304,44.7192,44.0476,43.254,43.8645,33.8523,33.9744,33.3639,34.2186,25.6105,25.3053,25.6716,25.9158,43.9255,44.1087,43.5592,43.7424,32.6923,33.3639,33.3028,32.9976,26.4652,26.7705,26.8315,30.2503,43.9255,43.6203,43.315,44.1087,15.6593,14.6825,30.9829,15.4762,15.293,15.1099,38.9194,14.9878,16.0867,15.232,16.453,15.4151,35.3175,35.5006,36.0501,35.6838,97.2222,98.0769,97.2222,98.138,59.9817,59.188,60.1038,59.7375,59,59,59,59,59.6764,59.6764,59.6764,59.3712,5.7081800000000005,0.396825,0.763126,59.5543,35.8669,50.5189,31.1661,51.1294,24.3895,51.3736,2.77778,0.396825,1104.43,175.44299999999996,1430.78,0.0,1.0,1.0,1.0,1.0,0.0,0.07783949999999999,44.0827,44.0308,43.46,44.0827,0.129731,14.201,97.2902,86.6472,88.4645,95.9246,0.0,8.03846,33.2561,0.0,0.0,-61.1046,98.5763,95.1803,41.1424,330.533,42.0001,301.09,287.825,43.883,422.635,417.599,414.402,518.95,508.57,599.9,420.097,415.412,526.107,503.632,601.336,409.924,407.254,513.721,513.005,609.0169999999998,408.986,407.904,512.933,512.432,611.005,430.677,430.533,532.828,533.3290000000002,610.4540000000002,431.61300000000006,430.749,532.112,531.54,608.131,599.182,600.905,21.2332,405.772,1142.33
2020-11-22 07:47:15,96.7949,97.5275,97.2833,98.138,75.4884,77.0147,75.5495,77.0147,33.9133,34.0354,33.1197,33.1197,15.1099,14.8046,15.7814,15.5983,15.7814,14.6215,14.9878,14.8657,49.1819,19.7802,25.0549,31.9902,93.0403,130.94,92.4542,75.5556,59,59,59,59,58.9438,59.4933,59.2491,59.6764,59,59,59,59,11.4469,11.2027,11.2637,11.3248,10.8974,11.7521,11.0195,11.2027,11.8132,12.4847,12.3016,11.8132,54.4872,56.1355,55.7082,55.5861,26.5873,25.7936,25.6716,26.2821,44.5971,58.6996,44.2308,44.0476,32.9365,33.3028,34.5238,38.0647,28.663,27.8083,27.6252,27.9304,44.7192,44.0476,43.254,43.8645,33.8523,33.9744,33.3639,34.2186,25.6105,25.3053,25.6716,25.9158,43.9255,44.1087,43.5592,43.7424,32.6923,33.3639,33.3028,32.9976,26.4652,26.7705,26.8315,30.2503,43.9255,43.6203,43.315,44.1087,15.6593,14.6825,30.9829,15.4762,15.293,15.1099,38.9194,14.9878,16.0867,15.232,16.453,15.4151,35.3175,35.5006,36.0501,35.6838,97.2222,98.0769,97.2222,98.138,59.9817,59.188,60.1038,59.7375,59,59,59,59,59.6764,59.6764,59.6764,59.3712,5.7081800000000005,0.396825,0.763126,59.5543,35.8669,50.5189,31.1661,51.1294,24.3895,51.3736,2.77778,0.396825,1103.11,174.892,1433.82,0.0,1.0,1.0,1.0,1.0,0.0,0.07783949999999999,44.0827,44.0308,43.46,44.0827,0.129731,14.8626,95.6997,91.0286,88.0052,97.5234,0.0,8.03846,34.1208,0.0,0.0,-63.2728,98.5763,95.1803,41.6892,329.5540000000001,40.7303,301.09,287.825,43.883,422.635,417.599,414.402,518.95,508.57,599.9,420.097,415.412,526.25,503.632,601.336,409.924,407.254,513.721,513.005,609.0169999999998,408.986,407.904,512.933,512.432,611.005,430.677,430.533,532.828,533.3290000000002,610.4540000000002,431.61300000000006,430.749,532.112,531.54,609.137,599.182,600.905,21.2332,405.772,1141.79
2020-11-22 07:47:20,96.7949,97.5275,97.2833,98.138,75.4884,77.0147,75.5495,77.0147,33.9133,34.0354,33.1197,33.1197,15.1099,14.8046,15.7814,15.5983,15.7814,14.6215,14.9878,14.8657,49.1819,20.6593,25.0549,31.1111,92.5519,130.061,93.431,75.5556,59,59,59,59,58.9438,59.4933,59.2491,59.6764,59,59,59,59,11.4469,11.2027,11.2637,11.3248,10.8974,11.7521,11.0195,11.2027,11.8132,12.4847,12.3016,11.8132,55.0366,56.1355,55.7082,55.5861,26.5873,25.7936,25.6716,26.2821,44.5971,58.6996,44.2308,44.0476,32.9365,33.3028,34.5238,38.0647,28.663,27.8083,27.6252,27.9304,44.7192,44.0476,43.254,43.8645,33.8523,33.9744,33.3639,34.2186,25.6105,25.3053,25.6716,25.9158,43.9255,44.1087,43.5592,43.7424,32.6923,33.3639,33.3028,32.9976,26.4652,25.1221,26.8315,30.2503,43.9255,43.6203,43.315,44.1087,15.6593,14.6825,30.9829,15.4762,15.293,15.1099,38.9194,14.9878,16.0867,15.232,16.453,15.4151,35.3175,35.5006,36.0501,35.6838,97.2222,98.0769,97.2222,98.138,59.9817,59.188,60.1038,59.7375,59,59,59,59,59.6764,59.6764,59.6764,59.3712,5.7081800000000005,0.396825,0.763126,59.5543,35.8669,50.5189,31.1661,51.1294,24.3895,51.3736,2.77778,0.396825,1099.64,174.892,1428.7,0.0,1.0,1.0,1.0,1.0,0.0,0.07783949999999999,44.0827,44.0308,43.46,44.0827,0.129731,15.4947,96.176,87.2245,87.7096,96.7003,0.0,8.03846,33.2631,0.0,0.0,-45.6424,98.5763,95.1803,42.214,327.51,41.2806,297.635,287.825,43.883,422.635,417.599,414.402,518.95,508.57,599.9,420.097,415.412,526.25,503.632,601.336,409.924,407.254,513.721,513.005,609.0169999999998,408.986,407.904,512.933,512.432,612.012,430.677,430.533,532.828,533.3290000000002,610.4540000000002,431.61300000000006,430.749,532.112,531.54,609.137,599.182,600.905,21.2332,405.772,1141.25
2020-11-22 07:47:25,96.7949,97.5275,97.2833,98.138,75.4884,77.0147,75.5495,77.0147,33.9133,34.0354,33.1197,33.1197,15.1099,14.8046,15.7814,15.5983,15.7814,14.6215,14.9878,14.8657,49.1819,20.6593,25.0549,31.1111,91.5751,130.061,95.6777,75.5556,59,59,59,59,58.9438,59.4933,59.2491,59.6764,59,59,59,59,11.4469,11.2027,11.2637,11.3248,10.8974,11.6911,11.0195,11.2027,11.8132,12.4847,11.7521,11.8132,55.0366,56.1355,55.7082,55.5861,26.5873,25.7936,25.6716,26.2821,44.5971,58.6996,44.2308,44.0476,32.9365,33.3028,34.5238,36.2943,28.663,27.8083,27.6252,27.9304,44.7192,44.0476,43.254,43.8645,33.8523,33.9744,33.3639,34.2186,25.6105,25.3053,25.6716,25.9158,43.9255,44.1087,43.5592,43.7424,32.6923,33.3639,33.3028,32.9976,26.4652,26.4652,26.8315,30.2503,43.9255,43.6203,43.315,44.1087,15.6593,14.6825,30.9829,15.4762,15.293,15.1099,38.9194,14.9878,16.0867,15.232,16.453,15.4151,35.3175,35.5006,36.0501,35.6838,97.2222,98.0769,97.2222,98.138,59.9817,59.188,60.1038,59.7375,59,59,59,59,59.6764,59.6764,59.6764,59.3712,5.7081800000000005,0.396825,0.763126,59.5543,35.8669,50.5189,31.1661,52.2283,24.3895,51.3736,2.77778,0.396825,1099.61,175.44099999999997,1424.63,0.0,1.0,1.0,1.0,1.0,0.0,0.07783949999999999,44.0827,44.0308,43.46,44.0827,0.129731,15.4947,96.9235,87.3087,88.2836,96.7003,0.0,8.03846,34.7835,0.0,0.0,-30.7131,98.5763,95.1803,42.214,326.431,41.9825,292.708,287.825,43.883,422.635,417.599,414.402,518.95,508.57,599.9,420.097,415.412,526.393,503.632,601.336,409.924,407.254,513.721,513.005,609.0169999999998,408.986,407.904,512.933,512.432,612.012,430.677,430.533,532.828,533.3290000000002,610.4540000000002,431.61300000000006,430.749,532.112,531.54,609.137,599.182,600.905,21.2332,405.244,1140.12
2020-11-22 07:47:30,96.7949,97.5275,97.2833,98.138,75.4884,77.0147,75.5495,77.0147,33.9133,34.0354,33.1197,33.1197,15.1099,14.8046,15.7814,15.5983,15.7814,14.6215,14.9878,14.8657,49.1819,20.6593,25.9341,31.1111,91.5751,130.061,94.7009,74.3834,59,59,59,59,58.9438,59.4933,59.2491,59.6764,59,59,59,59,11.4469,11.2027,11.2637,11.3248,10.348,10.348,11.0195,11.2027,11.8132,12.4847,11.7521,12.3626,55.0366,56.1355,55.7082,55.5861,26.5873,25.7936,25.6716,26.2821,44.5971,58.6996,44.2308,44.0476,32.9365,33.3028,34.5238,35.5617,28.663,27.8083,27.6252,27.9304,44.7192,44.0476,43.254,43.8645,33.8523,33.9744,33.3639,34.2186,25.6105,25.3053,25.6716,25.9158,43.9255,44.1087,43.5592,43.7424,32.6923,33.3639,33.3028,32.9976,26.4652,26.4652,26.8315,30.2503,43.9255,43.6203,43.315,44.1087,15.6593,14.6825,30.9829,15.4762,15.293,15.1099,38.9194,14.9878,16.0867,15.232,16.453,15.4151,35.3175,35.5006,36.0501,35.6838,97.2222,98.0769,97.2222,98.138,59.9817,59.188,60.1038,59.7375,59,59,59,59,59.6764,59.6764,59.6764,59.3712,5.7081800000000005,0.396825,0.763126,59.5543,35.8669,50.5189,31.1661,52.2283,24.3895,51.3736,2.77778,0.396825,1100.87,175.44099999999997,1428.01,0.0,1.0,1.0,1.0,1.0,0.0,0.07783949999999999,44.0827,44.0308,43.46,44.0827,0.129731,15.4947,96.5673,90.9975,88.4601,96.7003,0.0,8.03846,34.6977,0.0,0.0,-35.8375,98.5763,95.1803,42.8678,325.841,41.2416,288.099,287.825,43.883,422.635,417.599,414.402,518.95,508.57,599.9,420.097,415.412,526.393,503.632,601.336,409.924,407.254,513.721,513.005,609.0169999999998,408.986,407.904,512.933,512.432,612.012,430.677,430.533,532.828,533.3290000000002,611.508,431.61300000000006,430.749,532.112,531.54,609.137,599.182,600.905,21.2332,405.772,1139.51
2020-11-22 07:47:35,96.7949,97.5275,97.2833,98.138,75.4884,77.0147,76.0989,77.0147,33.9133,34.0354,33.1197,33.1197,15.1099,14.8046,15.7814,15.5983,15.7814,15.1709,14.9878,14.8657,47.9121,20.6593,25.9341,32.0879,91.5751,130.061,94.5055,74.3834,59,59,59,59,58.9438,59.4933,59.2491,59.6764,59,59,59,59,11.4469,11.2027,11.2637,11.3248,10.5922,10.348,11.0195,11.2027,11.8132,12.4847,12.4237,12.3626,55.0366,56.1355,55.7082,55.5861,26.5873,25.7936,25.6716,26.2821,44.5971,58.6996,44.2308,44.0476,32.9365,33.3028,34.5238,34.8901,28.663,27.8083,27.6252,27.9304,44.7192,44.0476,43.254,43.8645,33.8523,33.9744,33.3639,34.768,25.6105,25.3053,25.6716,25.9158,43.9255,44.1087,43.5592,43.7424,32.6923,33.3639,33.3028,32.9976,26.4652,26.4652,26.8315,30.2503,43.9255,43.6203,43.315,44.1087,15.6593,14.6825,30.9829,15.4762,15.293,15.1099,38.9194,14.9878,16.0867,15.232,16.453,15.4151,35.3175,35.5006,36.0501,35.6838,97.2222,98.0769,97.2222,98.138,59.9817,59.188,60.1038,59.7375,59,59,59,59,59.6764,59.6764,59.6764,59.3712,5.7081800000000005,0.396825,0.763126,59.5543,35.8669,50.5189,31.1661,52.2283,24.3895,51.3736,2.77778,0.396825,1104.42,175.44099999999997,1430.47,0.0,1.0,1.0,1.0,1.0,0.0,0.07783949999999999,44.0827,44.0308,43.46,44.0827,0.129731,14.7891,96.5673,86.8932,87.6445,96.0663,0.0,8.03846,34.3787,0.0,0.0,-28.1562,98.5763,95.1803,43.589,322.644,40.0162,287.3,287.825,43.883,422.635,417.599,414.402,518.95,508.57,599.9,420.097,415.412,526.393,503.632,601.336,409.924,407.254,513.721,513.005,609.0169999999998,408.986,407.904,512.933,512.432,612.012,430.677,430.533,532.828,533.3290000000002,611.508,431.61300000000006,430.749,532.112,531.54,609.137,599.182,600.905,21.2332,405.772,1138.94
2020-11-22 07:47:40,96.7949,97.5275,97.2833,98.138,75.4884,77.0147,76.0989,77.0147,33.9133,34.0354,33.1197,33.1197,15.1099,14.8046,15.7814,15.5983,15.7814,15.1709,14.9878,14.8657,47.9121,21.7338,25.9341,33.1624,92.4542,131.136,95.3846,74.6764,59,59,59,59,58.9438,59.4933,59.2491,59.6764,59,59,59,59,11.4469,11.2027,11.2637,11.3248,10.5922,10.348,11.0195,11.2027,11.8132,12.4847,12.4237,12.3626,55.0366,56.1355,55.7082,55.5861,26.5873,25.7936,25.6716,26.2821,44.5971,58.6996,44.2308,44.0476,32.9365,33.3028,34.5238,34.8901,28.663,27.8083,27.6252,27.9304,44.7192,44.0476,43.254,43.8645,33.8523,33.9744,33.3639,34.768,25.6105,25.3053,25.6716,25.9158,43.9255,44.1087,43.5592,43.7424,32.6923,33.3639,33.3028,32.9976,26.4652,26.4652,26.8315,30.2503,43.9255,43.6203,43.315,44.1087,15.6593,14.6825,30.9829,15.4762,15.293,15.1099,38.9194,14.9878,16.0867,15.232,16.453,15.4151,35.3175,35.5006,36.0501,35.6838,97.2222,98.0769,97.2222,98.138,59.9817,59.188,60.1038,59.7375,59,59,59,59,59.6764,59.6764,59.6764,59.3712,5.7081800000000005,0.396825,0.763126,59.5543,35.8669,50.5189,31.1661,52.2283,24.3895,51.3736,2.77778,0.396825,1102.06,176.013,1426.17,0.0,1.0,1.0,1.0,1.0,0.0,0.07783949999999999,44.0827,44.0308,43.46,44.0827,0.129731,14.0687,96.5673,89.6693,90.0219,96.7799,0.0,8.03846,35.8171,0.0,0.0,-42.4913,98.5763,95.1803,44.2717,320.055,39.383,289.082,287.825,43.883,422.635,417.599,414.402,519.952,508.57,599.9,420.097,415.412,526.393,503.632,601.336,409.924,407.254,513.721,513.005,609.0169999999998,408.986,407.904,512.933,512.432,612.012,430.677,430.533,532.828,533.3290000000002,611.508,431.61300000000006,430.749,532.112,531.54,609.137,599.182,600.905,21.2332,405.772,1138.94
2020-11-22 07:47:45,96.7949,97.5275,97.2833,97.5885,75.4884,77.0147,76.0989,77.0147,33.9133,34.0354,33.1197,33.1197,15.1099,14.8046,15.7814,15.5983,15.7814,15.1709,14.9878,14.8657,48.9866,21.7338,25.9341,33.1624,92.4542,131.136,95.3846,74.6764,59,59,59,59,58.9438,59.4933,59.2491,59.6764,59,59,59,59,11.4469,11.2027,11.2637,11.3248,10.5922,10.348,11.0195,11.2027,11.8132,12.4847,12.4237,12.3626,55.0366,56.1355,55.7082,55.5861,26.5873,25.7936,25.6716,26.2821,44.5971,58.6996,44.2308,44.0476,32.9365,33.3028,34.5238,33.7302,28.663,27.8083,27.6252,27.9304,44.7192,44.0476,43.254,43.8645,33.8523,33.9744,33.3639,34.768,25.6105,25.3053,25.6716,25.9158,43.6813,44.1087,43.5592,43.7424,32.6923,33.3639,33.3028,32.9976,26.4652,25.8547,26.2821,30.2503,44.475,43.6203,43.315,44.1087,15.6593,14.6825,30.9829,15.4762,15.293,15.1099,38.9194,14.9878,16.0867,15.232,16.453,15.4151,35.3175,35.5006,36.0501,35.6838,97.2222,98.0769,97.2222,98.138,59.9817,59.188,60.1038,59.7375,59,59,59,59,59.6764,59.6764,59.6764,59.3712,5.7081800000000005,0.396825,0.763126,59.5543,35.8669,50.5189,31.1661,52.2283,24.3895,51.3736,2.77778,0.396825,1103.24,176.013,1430.94,0.0,1.0,1.0,1.0,1.0,0.0,0.07783949999999999,44.0827,44.0308,43.46,44.0827,0.129731,14.0687,97.9462,88.3963,89.2351,95.7264,0.0,8.03846,36.0692,0.0,0.0,-25.7901,98.5763,95.1803,44.9641,318.368,38.7898,291.189,287.825,43.883,422.635,417.599,414.402,519.952,508.57,599.9,420.097,415.412,526.536,503.632,601.336,409.924,408.3130000000001,513.721,513.005,609.0169999999998,408.986,407.904,512.933,512.432,612.012,430.677,430.533,532.828,533.3290000000002,611.508,431.61300000000006,430.749,532.112,531.54,609.137,599.182,600.905,21.2332,404.715,1138.94
2020-11-22 07:47:50,96.7949,97.5275,97.2833,97.5885,75.4884,77.0147,76.0989,77.0147,33.9133,34.0354,33.1197,33.1197,15.1099,14.8046,15.7814,15.5983,15.7814,15.1709,14.9878,14.8657,48.9866,21.7338,25.9341,33.1624,92.4542,131.136,94.5055,74.6764,59,59,59,59,58.9438,59.4933,59.2491,59.6764,59,59,59,59,11.4469,11.2027,11.2637,11.3248,10.5922,10.348,11.0195,11.2027,11.8132,12.4847,12.4237,12.3626,55.0366,56.1355,55.1587,55.5861,26.5873,25.7936,25.6716,26.2821,44.5971,58.6996,44.2308,44.0476,32.9365,33.3028,34.5238,33.7302,28.663,27.8083,27.6252,27.9304,44.7192,44.0476,43.254,43.8645,33.8523,33.9744,33.3639,34.2186,25.6105,25.3053,25.6716,25.9158,43.6813,44.1087,43.5592,43.7424,32.6923,33.3639,33.3028,32.9976,26.4652,26.7094,26.2821,30.2503,44.475,43.6203,43.315,44.1087,15.6593,14.6825,30.9829,15.4762,15.293,15.1099,38.9194,14.9878,16.0867,15.232,16.453,15.4151,35.3175,35.5006,36.0501,35.6838,97.2222,98.0769,97.2222,98.138,59.9817,59.188,60.1038,59.7375,59,59,59,59,59.6764,59.6764,59.6764,59.3712,5.7081800000000005,0.396825,0.763126,59.5543,35.8669,50.5189,31.1661,52.2283,24.3895,51.3736,2.77778,0.396825,1103.24,176.516,1425.52,0.0,1.0,1.0,1.0,1.0,0.0,0.07783949999999999,44.0827,44.0308,43.46,44.0827,0.129731,14.0687,96.4418,88.7603,89.389,95.7264,0.0,8.03846,34.8295,0.0,0.0,-33.0051,98.5763,95.1803,44.9641,317.835,39.4938,291.721,287.825,43.883,422.635,417.599,414.402,519.952,508.57,599.9,420.097,415.412,526.536,503.632,601.336,410.982,408.3130000000001,513.721,513.005,609.0169999999998,410.044,407.904,512.933,512.432,612.012,430.677,430.533,532.828,533.3290000000002,611.508,431.61300000000006,430.749,532.112,531.54,609.137,600.187,600.905,21.2332,405.244,1138.94
2020-11-22 07:47:55,96.7949,97.5275,97.2833,97.5885,75.4884,77.0147,76.0989,77.0147,33.9133,34.0354,33.1197,33.1197,15.1099,14.8046,15.7814,15.5983,15.7814,15.1709,14.9878,14.8657,48.9866,21.7338,25.9341,32.1856,93.5287,130.256,94.5055,74.6764,59,59,59,59,58.9438,59.4933,59.2491,59.6764,59,59,59,59,11.4469,11.2027,11.2637,11.3248,10.5922,10.348,11.0195,11.2027,11.8132,12.4847,12.4237,12.3626,55.0366,56.1355,55.1587,55.5861,26.5873,25.7936,25.6716,26.2821,44.5971,58.6996,44.2308,44.0476,32.9365,33.3028,34.5238,33.1197,28.663,27.8083,27.6252,27.9304,44.7192,44.0476,43.9255,43.8645,33.8523,33.9744,33.3639,34.2186,25.6105,25.8547,25.6716,25.9158,43.6813,44.1087,43.5592,43.7424,32.6923,33.3639,33.3028,32.9976,26.4652,26.7094,26.2821,30.2503,44.475,43.6203,43.315,44.1087,15.6593,14.6825,30.9829,15.4762,15.293,15.1099,38.9194,14.9878,16.0867,15.232,16.453,15.4151,35.3175,35.5006,36.0501,35.6838,97.2222,98.0769,97.2222,98.138,59.9817,59.188,60.1038,59.7375,59,59,59,59,59.6764,59.6764,59.6764,59.3712,5.7081800000000005,0.396825,0.763126,59.5543,35.8669,50.5189,31.1661,52.2283,24.3895,51.3736,2.77778,0.396825,1103.24,176.516,1431.93,0.0,1.0,1.0,1.0,1.0,0.0,0.07783949999999999,44.0827,44.0308,43.46,44.0827,0.129731,14.0687,95.7353,87.3496,89.389,95.7264,0.0,8.03846,35.265,0.0,0.0,-48.5541,98.5763,95.1803,43.5018,320.41,39.4938,291.721,287.825,43.883,422.635,417.599,414.402,519.952,509.62,599.9,420.097,415.412,526.679,503.632,601.336,410.982,408.3130000000001,513.721,513.005,610.071,410.044,407.904,512.933,512.432,612.012,430.677,430.533,532.828,533.3290000000002,611.508,431.61300000000006,430.749,532.112,531.54,609.137,600.187,600.905,21.2332,405.772,1138.94
2020-11-22 07:48:00,96.7949,97.5275,97.2833,97.5885,76.0379,77.0147,76.6484,77.0147,33.9133,34.0354,33.1197,33.1197,15.1099,14.8046,15.7814,14.9878,15.7814,14.6215,14.9878,14.8657,48.9866,21.7338,25.9341,30.232,93.5287,130.256,94.5055,75.6532,59,59,59,59,58.9438,59.4933,59.2491,59.6764,59,59,59,59,11.4469,11.2027,11.2637,11.3248,10.5922,10.348,11.0195,11.2027,11.8132,12.4847,12.4237,12.3626,55.0366,56.1355,55.1587,55.5861,26.5873,25.7936,25.6716,26.2821,44.5971,60.1038,44.2308,44.0476,32.9365,33.3028,34.5238,32.5702,28.663,28.3578,27.6252,27.9304,44.7192,44.0476,43.9255,43.8645,33.8523,33.9744,33.3639,34.2186,25.6105,25.8547,25.6716,25.9158,44.1697,44.1087,43.5592,44.2918,32.6923,33.3639,33.3028,32.9976,26.4652,25.9768,26.2821,30.2503,44.475,43.6203,44.2918,44.1087,15.6593,14.6825,30.9829,15.4762,15.293,15.1099,38.9194,14.9878,16.0867,15.232,16.453,15.4151,35.3175,35.5006,36.0501,35.6838,97.2222,98.0769,97.2222,98.138,59.9817,59.188,60.1038,59.7375,59,59,59,59,59.6764,59.6764,59.6764,59.3712,5.7081800000000005,0.396825,0.763126,59.5543,35.8669,50.5189,31.1661,52.2283,24.3895,51.3736,2.77778,0.396825,1104.34,176.516,1429.82,0.0,1.0,1.0,1.0,1.0,0.0,0.07783949999999999,44.0827,44.0308,43.46,44.0827,0.129731,14.0687,97.5906,89.0194,86.4219,95.7264,0.0,8.03846,36.1641,0.0,0.0,-38.6206,98.5763,95.1803,42.9211,322.376,39.3458,288.579,287.825,43.883,422.635,417.599,414.402,520.9540000000002,509.62,599.9,420.097,415.412,526.822,503.632,601.336,410.982,408.3130000000001,513.721,513.005,610.071,410.044,408.962,512.933,512.432,612.012,430.677,430.533,533.877,533.3290000000002,611.508,431.61300000000006,430.749,532.112,531.54,609.137,600.187,600.905,21.2332,405.244,1138.94
2020-11-22 07:48:05,96.7949,97.5275,97.2833,97.5885,76.0379,77.0147,76.6484,77.0147,33.9133,34.0354,33.1197,33.1197,15.1099,14.8046,15.7814,15.7204,15.7814,14.6215,14.9878,14.8657,48.9866,21.7338,25.9341,28.3761,94.4078,132.308,95.7753,76.7277,59,59,59,59,58.9438,59.4933,59.2491,59.6764,59,59,59,59,11.4469,11.2027,11.2637,11.3248,10.5922,10.348,11.0195,11.2027,11.8132,12.4847,11.8742,12.3626,55.0366,56.1355,55.1587,55.5861,26.5873,25.7936,25.6716,26.2821,44.5971,60.1038,44.2308,44.0476,32.9365,33.3028,34.5238,32.5702,28.663,28.3578,27.6252,27.9304,44.7192,44.0476,43.9255,43.8645,33.8523,33.9744,33.3639,34.2186,25.6105,25.8547,25.6716,25.9158,44.1697,44.1087,43.5592,44.2918,32.6923,33.3639,33.3028,32.9976,26.4652,26.7705,26.2821,30.2503,44.475,43.6203,44.2918,44.1087,15.6593,14.6825,30.9829,15.4762,15.293,15.1099,38.9194,14.9878,16.0867,15.232,16.453,15.4151,35.3175,35.5006,36.0501,35.6838,97.2222,98.0769,97.2222,98.138,59.9817,59.188,60.1038,59.7375,59,59,59,59,59.6764,59.6764,59.6764,59.3712,5.7081800000000005,0.396825,0.763126,59.5543,35.8669,50.5189,31.1661,52.2283,24.3895,51.3736,2.77778,0.396825,1104.42,176.516,1425.9,0.0,1.0,1.0,1.0,1.0,0.0,0.07783949999999999,44.0827,44.0308,43.46,44.0827,0.129731,14.0687,95.6457,90.1501,88.7698,96.1694,0.0,8.03846,36.4055,0.0,0.0,-25.7871,98.5763,95.1803,43.4876,322.959,39.3458,287.513,287.825,43.883,422.635,417.599,414.402,520.9540000000002,509.62,600.953,420.097,415.412,526.941,503.632,601.336,410.982,408.3130000000001,513.721,513.005,610.071,410.044,408.962,512.933,512.432,612.012,430.677,430.533,533.877,533.3290000000002,611.508,431.61300000000006,430.749,532.112,531.54,609.137,600.187,600.905,21.2332,405.244,1138.94
2020-11-22 07:48:10,96.7949,97.5275,97.2833,97.5885,76.0379,77.0147,76.6484,77.0147,33.9133,34.0354,33.1197,33.1197,15.1099,14.8046,15.7814,15.7204,15.7814,14.6215,14.9878,14.8657,48.9866,20.8547,25.9341,29.3529,93.3333,130.842,95.7753,76.7277,59,59,59,59,58.9438,59.4933,59.2491,59.6764,59,59,59,59,11.4469,11.2027,11.2637,11.3248,11.1416,10.348,11.0195,11.2027,11.8132,12.4847,11.8742,12.3626,55.0366,56.1355,55.1587,55.5861,26.5873,25.7936,25.6716,26.2821,44.5971,60.1038,45.0855,44.0476,32.9365,33.3028,34.5238,31.8376,28.663,28.3578,27.6252,27.9304,44.7192,44.0476,43.9255,43.8645,33.8523,33.9744,34.768,34.2186,25.6105,25.8547,25.6716,25.9158,44.1697,44.1087,43.5592,44.2918,32.6923,33.3639,33.3028,33.1807,26.4652,26.7705,26.2821,30.2503,44.475,43.6203,44.2918,44.1087,15.6593,14.6825,30.9829,15.4762,15.293,15.1099,38.9194,14.9878,16.0867,15.232,16.453,15.4151,35.3175,35.5006,36.0501,35.6838,97.2222,98.0769,97.2222,98.138,59.9817,59.188,60.1038,59.7375,59,59,59,59,59.6764,59.6764,59.6764,59.3712,5.7081800000000005,0.396825,0.763126,59.5543,35.8669,50.5189,31.1661,52.2283,24.3895,51.3736,2.77778,0.396825,1106.78,176.516,1430.05,0.0,1.0,1.0,1.0,1.0,0.0,0.07783949999999999,44.0827,44.0308,43.46,44.0827,0.129731,14.745,95.0848,89.1722,91.0968,96.1694,0.0,8.03846,35.9756,0.0,0.0,-8.30349,98.5763,95.1803,43.4876,324.936,37.7271,287.513,287.825,43.883,422.635,417.599,414.402,520.9540000000002,509.62,600.953,420.097,415.412,527.0840000000002,503.632,602.389,410.982,408.3130000000001,513.721,513.005,610.071,410.044,408.962,512.933,512.432,612.012,430.677,430.533,533.877,533.3290000000002,611.508,431.61300000000006,430.749,532.112,532.589,609.137,600.187,601.9580000000002,21.2332,404.715,1139.99
2020-11-22 07:48:15,96.7949,97.5275,97.2833,97.5885,76.0379,77.0147,76.6484,77.0147,33.9133,34.0354,33.1197,33.1197,15.1099,14.8046,15.7814,15.7204,15.7814,14.6215,14.9878,14.8657,50.3541,20.8547,25.0549,30.525,92.2588,131.722,94.7985,75.8486,59,59,59,59,58.9438,59.4933,59.2491,59.6764,59,59,59,59,11.4469,11.2027,11.2637,11.3248,11.1416,10.348,11.0195,11.2027,11.8132,12.4847,12.4237,12.3626,55.0366,56.1355,55.1587,55.5861,26.5873,25.7936,25.6716,26.2821,44.5971,60.1038,45.0855,44.0476,32.9365,33.3028,34.5238,31.8376,28.663,28.3578,27.6252,27.9304,44.7192,44.0476,43.9255,43.8645,33.8523,33.9744,34.3407,34.8901,25.6105,25.8547,25.6716,25.9158,44.1697,44.1087,43.5592,44.2918,32.6923,33.3639,33.3028,33.1807,26.4652,26.7705,26.2821,30.2503,44.475,43.6203,44.2918,44.1087,15.6593,14.6825,30.9829,15.4762,15.293,15.1099,38.9194,14.9878,16.0867,15.232,16.453,15.4151,35.3175,35.5006,36.0501,35.6838,97.2222,98.0769,97.2222,98.138,59.9817,59.188,60.1038,59.7375,59,59,59,59,59.6764,59.6764,59.6764,59.3712,5.7081800000000005,0.396825,0.763126,59.5543,35.8669,50.5189,31.1661,52.2283,24.3895,51.3736,2.77778,0.396825,1105.6,176.516,1443.29,0.0,1.0,1.0,1.0,1.0,0.0,0.07783949999999999,44.0827,44.0308,43.46,44.0827,0.129731,15.3477,96.77,87.8968,89.0705,96.144,0.0,8.03846,39.891,0.0,0.0,-14.8967,98.5763,95.1803,42.652,327.459,36.8348,287.513,287.825,43.883,422.635,417.599,414.402,520.9540000000002,509.62,600.953,420.097,415.412,527.227,503.632,602.389,410.982,408.3130000000001,513.721,513.005,610.071,410.044,408.962,512.933,512.432,612.012,430.677,430.533,533.877,533.3290000000002,611.508,431.61300000000006,430.749,532.112,532.589,609.137,600.187,601.9580000000002,21.2332,404.715,1139.99
2020-11-22 07:48:20,96.7949,97.5275,97.2833,97.5885,76.9536,77.0147,76.6484,77.0147,33.9133,34.0354,33.1197,33.1197,15.1099,14.8046,15.7814,15.7204,15.7814,14.6215,14.9878,14.8657,50.3541,20.8547,25.0549,32.5763,91.2821,132.601,95.6777,75.8486,59,59,59,59,58.9438,59.4933,59.2491,59.6764,59,59,59,59,11.4469,11.2027,11.2637,11.3248,11.6911,10.348,11.0195,11.2027,11.8132,12.4847,12.4237,12.3626,54.4872,56.1355,55.1587,55.5861,26.5873,25.7936,25.6716,26.2821,44.5971,60.1038,45.0855,44.0476,32.9365,33.3028,34.5238,35.1954,28.663,28.3578,27.6252,27.9304,44.7192,44.0476,43.9255,43.8645,34.4017,33.9744,34.3407,34.3407,25.6105,25.8547,25.6716,25.9158,44.1697,44.1087,43.5592,44.2918,32.6923,33.3639,33.3028,33.1807,26.4652,26.4042,26.2821,30.2503,44.475,43.6203,44.2918,44.1087,15.6593,14.6825,30.9829,15.4762,15.293,15.1099,38.9194,14.9878,16.0867,15.232,16.453,15.4151,35.3175,35.5006,36.0501,35.6838,97.2222,98.0769,97.2222,98.138,59.9817,59.188,60.1038,59.7375,59,59,59,59,59.6764,59.6764,59.6764,59.3712,5.7081800000000005,0.396825,0.763126,59.5543,35.8669,50.5189,31.1661,52.2283,24.3895,51.3736,2.77778,0.396825,1106.78,176.516,1439.57,0.0,1.0,1.0,1.0,1.0,0.0,0.07783949999999999,44.0827,44.0308,43.46,44.0827,0.129731,15.3477,97.5153,88.9344,88.5125,95.4853,0.0,8.03846,36.9062,0.0,0.0,-12.0569,98.5763,95.1803,42.652,327.51,37.4572,285.94,287.825,43.883,422.635,417.599,414.402,520.9540000000002,509.62,600.953,420.097,415.412,527.371,503.632,602.389,410.982,408.3130000000001,513.721,513.005,610.071,410.044,408.962,512.933,512.432,612.012,430.677,430.533,533.877,533.3290000000002,611.508,431.61300000000006,430.749,532.112,532.589,609.137,600.187,601.9580000000002,21.2332,405.244,1140.61
2020-11-22 07:48:25,96.7949,97.5275,97.2833,97.5885,76.9536,77.0147,77.1978,77.7473,33.9133,34.0354,33.1197,33.1197,15.1099,14.8046,15.7814,15.7204,15.7814,14.6215,14.9878,14.8657,50.3541,19.9756,25.0549,32.5763,92.5519,133.48,94.7985,76.9231,59,59,59,59,58.9438,59.4933,59.2491,59.6764,59,59,59,59,11.4469,11.2027,11.2637,11.3248,10.1648,10.348,11.0195,11.2027,11.8132,12.4847,12.4237,12.3626,54.4872,56.1355,55.9524,55.5861,26.5873,25.7936,26.6484,26.2821,45.2076,60.1038,45.0855,44.0476,32.9365,33.3028,34.5238,35.1954,28.663,28.3578,27.6252,27.9304,44.7192,44.0476,43.9255,43.8645,34.4017,33.9744,34.3407,34.3407,25.6105,25.8547,25.6716,25.9158,44.1697,44.1087,43.5592,44.2918,33.2418,33.3639,33.3028,33.1807,26.4652,26.9536,26.2821,30.2503,44.475,43.6203,44.2918,44.1087,15.6593,14.6825,30.9829,15.4762,15.293,15.1099,38.9194,14.9878,16.0867,15.232,16.453,15.4151,35.3175,35.5006,36.0501,35.6838,97.2222,98.0769,97.2222,98.138,59.9817,59.188,60.1038,59.7375,59,59,59,59,59.6764,59.6764,59.6764,59.3712,5.7081800000000005,0.396825,0.763126,59.5543,35.8669,50.5189,31.1661,52.2283,24.3895,51.3736,2.77778,0.396825,1106.78,177.03099999999995,1436.7,0.0,1.0,1.0,1.0,1.0,0.0,0.07783949999999999,44.5498,44.0308,43.46,44.0827,0.129731,15.3477,96.2106,87.6698,89.4845,95.4074,0.0,8.03846,38.1105,0.0,0.0,-17.815,98.5763,95.1803,43.2324,325.302,38.6805,284.384,287.825,43.883,422.635,417.599,414.402,520.9540000000002,509.62,600.953,420.097,415.412,527.371,503.632,602.389,410.982,408.3130000000001,513.721,513.005,610.071,410.044,408.962,512.933,512.432,612.012,430.677,430.533,533.877,533.3290000000002,611.508,431.61300000000006,430.749,533.1619999999998,532.589,609.137,600.187,601.9580000000002,21.2332,404.715,1141.15
2020-11-22 07:48:30,96.7949,97.5275,97.2833,97.0391,76.9536,77.0147,77.1978,77.7473,33.9133,34.0354,33.1197,33.1197,15.1099,14.8046,15.7814,15.7204,15.7814,14.6215,14.9878,14.8657,48.8889,19.9756,25.0549,32.5763,92.5519,133.48,96.0684,76.9231,59,59,59,59,58.9438,59.4933,59.2491,59.6764,59,59,59,59,11.4469,11.2027,11.2637,11.3248,10.7753,10.348,11.0195,11.2027,11.8132,12.4847,12.4237,12.3626,54.4872,56.1355,55.9524,55.5861,26.5873,25.7936,26.6484,26.2821,45.2076,60.1038,45.0855,44.0476,32.9365,33.3028,34.5238,35.1954,28.663,28.3578,28.2357,27.9304,44.7192,44.0476,43.9255,43.8645,33.8523,33.9744,34.3407,34.3407,25.6105,25.8547,26.4042,25.9158,44.1697,44.1087,43.5592,44.2918,33.2418,33.3639,33.3028,33.1807,26.4652,26.9536,26.2821,30.2503,44.475,43.6203,44.2918,44.1087,15.6593,14.6825,30.9829,15.4762,15.293,15.1099,38.9194,14.9878,16.0867,15.232,16.453,15.4151,35.3175,35.5006,36.0501,35.6838,97.2222,98.0769,97.2222,98.138,59.9817,59.188,60.1038,59.7375,59,59,59,59,59.6764,59.6764,59.6764,59.3712,5.7081800000000005,0.396825,0.763126,59.5543,35.8669,50.5189,31.1661,52.2283,24.3895,52.4115,2.77778,0.396825,1106.78,177.03099999999995,1444.09,0.0,1.0,1.0,1.0,1.0,0.0,0.07783949999999999,44.5498,44.0308,43.46,44.0827,0.129731,15.3477,96.1721,89.5962,88.7443,94.6077,0.0,8.03846,35.8606,0.0,0.0,-20.155,98.5763,95.1803,42.5688,327.021,38.6805,283.3520000000001,287.825,43.883,422.635,417.599,414.402,520.9540000000002,509.62,600.953,420.097,415.412,527.514,503.632,602.389,410.982,408.3130000000001,513.721,513.005,610.071,410.044,408.962,512.933,512.432,612.012,430.677,430.533,533.877,533.3290000000002,611.508,431.61300000000006,430.749,533.1619999999998,532.589,610.143,600.187,601.9580000000002,21.2332,404.715,1141.78
2020-11-22 07:48:35,96.7949,97.5275,97.2833,97.0391,77.8693,79.0293,77.1978,78.8462,33.9133,34.0354,33.1197,33.1197,15.1099,14.8046,15.7814,15.7204,15.7814,14.6215,14.9878,14.8657,48.8889,19.9756,24.0781,33.6508,92.5519,133.48,96.9475,76.9231,59,59,59,59,58.9438,59.4933,59.2491,59.6764,59,59,59,59,11.4469,11.2027,11.2637,11.3248,10.7753,10.348,11.0195,11.2027,11.8132,12.4847,12.4237,12.3626,54.4872,56.1355,55.9524,55.5861,26.5873,25.7936,26.6484,26.2821,45.2076,60.1038,44.536,44.0476,32.9365,33.3028,34.5238,35.1954,28.663,28.3578,28.2357,27.9304,44.7192,44.0476,43.9255,43.8645,33.8523,33.9744,34.3407,33.7912,25.6105,25.8547,26.4042,25.9158,44.1697,44.1087,43.5592,44.2918,33.2418,33.3639,33.3028,33.1807,26.4652,25.4884,26.2821,30.2503,44.475,43.6203,44.2918,44.1087,15.6593,14.6825,30.9829,15.4762,15.293,15.1099,38.9194,14.9878,16.0867,15.232,16.453,15.4151,35.3175,35.5006,36.0501,35.6838,97.2222,98.0769,97.2222,98.138,59.9817,59.188,60.1038,59.7375,59,59,59,59,59.6764,59.6764,59.6764,59.3712,5.7081800000000005,0.396825,0.763126,59.5543,35.8669,50.5189,29.823,52.2283,24.3895,52.4115,2.77778,0.396825,1107.88,177.03099999999995,1447.23,0.0,1.0,1.0,1.0,1.0,0.0,0.07783949999999999,44.5498,44.0308,43.927,44.0827,0.129731,14.745,97.0502,87.6715,88.7831,96.5172,0.0,8.03846,37.5897,0.0,0.0,-29.7751,98.5763,95.1803,42.5688,327.934,38.6805,282.84,287.825,43.883,422.635,417.599,414.402,522.003,509.62,600.953,420.097,415.412,527.514,503.632,602.389,410.982,408.3130000000001,513.721,513.005,610.071,410.044,408.962,512.933,512.432,612.012,430.677,430.533,533.877,533.3290000000002,611.508,431.61300000000006,430.749,533.1619999999998,532.589,610.143,600.187,601.9580000000002,21.2332,404.186,1142.3
2020-11-22 07:48:40,96.7949,97.5275,97.2833,97.0391,78.4799,79.0293,77.1978,78.8462,33.9133,34.0354,33.1197,33.1197,15.1099,14.8046,15.7814,15.7204,15.7814,14.6215,14.9878,14.8657,48.8889,19.9756,24.0781,34.6276,92.5519,133.48,95.873,76.9231,59,59,59,59,58.9438,59.4933,59.2491,59.6764,59,59,59,59,11.4469,11.2027,11.2637,11.3248,10.7753,10.348,11.0195,11.2027,11.8132,12.4847,12.4237,12.3626,54.4872,56.1355,55.9524,55.5861,26.5873,25.7936,26.6484,26.2821,45.2076,60.1038,43.9255,44.0476,32.9365,33.3028,34.5238,34.6459,28.663,28.3578,28.2357,27.9304,44.7192,44.0476,43.9255,43.8645,33.8523,33.9744,34.3407,33.7912,25.6105,25.8547,26.4042,25.9158,44.1697,44.1087,43.5592,44.2918,33.2418,33.3639,33.3028,33.1807,26.4652,26.5873,26.2821,30.2503,45.0244,43.6203,44.2918,44.1087,15.6593,14.6825,30.9829,15.4762,15.293,15.1099,38.9194,14.9878,16.0867,15.232,16.453,15.4151,35.3175,35.5006,36.0501,35.6838,97.2222,98.0769,97.2222,98.138,59.9817,59.188,60.1038,59.7375,59,59,59,59,59.6764,59.6764,59.6764,59.3712,5.7081800000000005,0.396825,0.763126,59.5543,35.8669,51.5568,29.823,52.2283,24.3895,52.4115,2.77778,0.396825,1105.52,177.03099999999995,1438.22,0.0,1.0,1.0,1.0,1.0,0.0,0.07783949999999999,44.5498,44.0308,43.927,44.0827,0.129731,14.745,96.742,87.1168,89.1532,97.3282,0.0,8.03846,41.0456,0.0,0.0,-9.378,98.5763,95.1803,42.5688,328.038,38.475,282.84,287.825,43.883,422.635,417.599,414.402,522.003,509.62,600.953,421.153,415.412,527.6569999999998,503.632,602.389,410.982,408.3130000000001,513.721,513.005,610.071,410.044,408.962,512.933,512.432,612.012,430.677,430.533,533.877,533.3290000000002,611.508,431.61300000000006,430.749,533.1619999999998,532.589,610.143,601.24,601.9580000000002,21.2332,405.772,1142.84
2020-11-22 07:48:45,96.7949,97.5275,97.2833,97.0391,78.4799,79.5788,77.7473,79.3956,33.9133,34.0354,33.1197,33.1197,15.1099,14.8046,15.7814,15.7204,15.7814,14.6215,14.9878,14.8657,48.8889,19.9756,24.0781,34.6276,93.431,132.405,94.9939,76.9231,59,59,59,59,58.9438,59.4933,59.2491,59.6764,59,59,59,59,11.4469,11.2027,11.2637,11.3248,10.7753,10.348,11.0195,11.2027,11.8132,12.4847,11.8132,12.3626,54.4872,56.1355,55.9524,55.5861,26.5873,25.7936,26.6484,26.2821,45.2076,60.1038,44.7802,44.0476,32.9365,33.3028,34.5238,34.0965,28.663,28.3578,28.2357,27.9304,44.7192,44.0476,43.9255,43.8645,33.8523,33.9744,34.3407,33.7912,25.6105,25.8547,26.4042,25.9158,44.1697,44.1087,43.5592,44.2918,33.2418,33.3639,33.3028,33.1807,26.4652,26.5873,26.2821,30.2503,45.0244,43.6203,44.2918,44.1087,15.6593,14.6825,30.9829,15.4762,15.293,15.1099,38.9194,14.9878,16.0867,15.232,16.453,15.4151,35.3175,35.5006,36.0501,35.6838,97.2222,98.0769,97.2222,98.138,59.9817,59.188,60.1038,59.7375,59,59,59,59,59.6764,59.6764,59.6764,59.3712,5.7081800000000005,0.396825,0.763126,59.5543,35.8669,51.5568,29.823,52.2283,22.2527,52.4115,2.77778,0.396825,1107.96,177.03099999999995,1445.01,0.0,1.0,1.0,1.0,1.0,0.0,0.07783949999999999,44.5498,44.0308,43.927,44.0827,0.129731,14.0246,95.159,89.0144,89.1532,97.3571,0.0,8.03846,38.6058,0.0,0.0,-16.0142,98.5763,95.1803,43.0804,325.033,39.2008,281.05400000000003,287.825,43.883,422.635,417.599,414.402,522.003,509.62,600.953,421.153,415.412,527.6569999999998,503.632,602.389,410.982,408.3130000000001,513.721,513.005,610.071,410.044,408.962,512.933,512.432,613.018,430.677,430.533,533.877,533.3290000000002,611.508,431.61300000000006,430.749,533.1619999999998,532.589,610.143,601.24,601.9580000000002,21.2332,405.772,1143.39
2020-11-22 07:48:50,96.7949,97.5275,97.2833,97.0391,79.3956,79.5788,77.7473,79.3956,33.9133,34.0354,33.1197,33.1197,15.1099,14.8046,15.7814,15.7204,15.7814,14.6215,14.9878,14.8657,48.8889,19.9756,24.0781,34.6276,93.431,133.382,95.873,76.044,59,59,59,59,58.9438,59.4933,59.2491,59.6764,59,59,59,59,11.4469,11.2027,11.2637,11.3248,10.7753,10.348,11.0195,11.2027,11.8132,12.4847,12.3626,12.3626,54.4872,56.1355,55.9524,55.5861,26.5873,25.7936,27.1978,26.2821,45.2076,60.1038,44.7802,44.0476,32.9365,33.3028,34.5238,34.0965,28.663,28.3578,28.2357,27.9304,44.7192,44.0476,43.9255,43.8645,33.8523,33.9744,34.3407,33.7912,25.6105,25.8547,26.4042,25.9158,44.1697,44.1087,43.5592,44.2918,33.2418,33.3639,33.3028,33.1807,26.4652,25.6105,26.2821,30.7998,45.0244,43.6203,44.2918,44.6581,15.6593,14.6825,30.9829,15.4762,15.293,15.1099,38.9194,14.9878,16.0867,15.232,16.453,15.4151,35.3175,35.5006,36.0501,35.6838,97.2222,98.0769,97.2222,98.138,59.9817,59.188,60.1038,59.7375,59,59,59,59,59.6764,59.6764,59.6764,59.3712,5.7081800000000005,0.396825,0.763126,59.5543,35.8669,51.5568,29.823,52.2283,22.2527,52.4115,2.77778,0.396825,1109.14,177.03099999999995,1446.31,0.0,1.0,1.0,1.0,1.0,0.0,0.07783949999999999,44.5498,44.0308,43.927,44.5498,0.129731,14.0246,96.8259,86.6685,88.4295,97.4951,0.0,8.03846,39.1293,0.0,0.0,-23.1201,98.5763,95.1803,43.0804,321.125,38.5106,280.013,287.825,44.8959,422.635,417.599,415.484,522.003,509.62,600.953,421.153,416.421,527.6569999999998,503.632,602.389,410.982,408.3130000000001,513.721,513.005,610.071,410.044,408.962,512.933,512.432,613.018,430.677,430.533,533.877,533.3290000000002,611.508,431.61300000000006,430.749,533.1619999999998,532.589,610.143,601.24,601.9580000000002,21.2332,405.772,1143.92
2020-11-22 07:48:55,96.7949,97.5275,97.2833,97.0391,79.3956,79.5788,79.0293,80.2503,33.9133,34.0354,33.1197,33.1197,15.1099,14.8046,15.7814,14.9267,15.7814,14.6215,14.9878,14.8657,49.8657,19.9756,24.0781,33.5531,94.6032,133.382,94.9939,76.9231,59,59,59,59,58.9438,59.4933,59.2491,59.6764,59,59,59,59,11.4469,11.2027,11.2637,11.3248,10.7753,10.348,11.0195,11.2027,11.8132,12.4847,12.3626,12.3626,54.4872,56.1355,55.9524,55.5861,26.5873,25.7936,27.1978,26.2821,45.2076,60.1038,44.7802,44.0476,32.9365,33.3028,34.5238,33.547,28.663,28.3578,28.2357,27.9304,44.7192,44.0476,43.9255,43.8645,33.8523,33.9744,34.3407,33.2418,25.6105,25.8547,26.4042,25.9158,44.1697,44.1087,43.5592,44.2918,33.2418,33.3639,33.3028,33.1807,26.4652,26.8926,26.2821,30.7998,45.0244,43.6203,44.2918,44.6581,15.6593,14.6825,30.9829,15.4762,15.293,15.1099,38.9194,14.9878,16.0867,15.232,16.453,15.4151,35.3175,35.5006,36.0501,35.6838,97.2222,98.0769,97.2222,98.138,59.9817,59.188,60.1038,59.7375,59,59,59,59,59.6764,59.6764,59.6764,59.3712,5.7081800000000005,0.396825,0.763126,59.5543,35.8669,51.5568,29.823,52.2283,22.2527,52.4115,2.77778,0.396825,1106.81,177.546,1447.8,0.0,1.0,1.0,1.0,1.0,0.0,0.07783949999999999,44.5498,44.4979,43.927,44.5498,0.129731,14.0246,96.1269,88.1335,89.5688,96.2417,0.0,8.03846,38.3215,0.0,0.0,-26.5481,98.5763,95.1803,43.0804,317.405,39.019,280.021,287.825,44.8959,422.635,417.599,415.484,522.003,509.62,601.982,421.153,416.421,527.8240000000002,503.632,602.389,410.982,408.3130000000001,513.721,513.005,610.071,410.044,408.962,512.933,512.432,613.018,430.677,430.533,533.877,533.3290000000002,611.508,431.61300000000006,430.749,533.1619999999998,532.589,610.143,601.24,601.9580000000002,21.2332,405.244,1144.42
2020-11-22 07:49:00,96.7949,97.5275,97.2833,97.0391,79.3956,80.1282,79.0293,80.2503,33.9133,34.0354,33.1197,33.1197,15.1099,14.8046,15.7814,15.9035,15.7814,14.6215,14.9878,14.8657,49.8657,19.9756,24.0781,32.674,94.6032,133.382,94.9939,76.9231,59,59,59,59,58.9438,59.4933,59.2491,59.6764,59,59,59,59,11.4469,11.2027,11.2637,11.3248,10.7753,10.348,11.0195,11.2027,11.8132,12.4847,12.3626,12.3626,54.4872,56.1355,55.9524,55.5861,26.5873,25.7936,26.6484,26.2821,45.2076,59.5543,44.7802,44.0476,32.9365,33.3028,34.5238,33.547,28.663,28.3578,28.2357,27.9304,44.7192,44.0476,43.9255,43.8645,33.8523,33.9744,34.3407,34.8901,25.6105,25.8547,26.4042,25.9158,44.1697,44.1087,44.1087,44.2918,33.2418,33.3639,33.3028,33.1807,26.4652,26.8926,26.2821,30.7998,45.0244,43.6203,44.2918,44.6581,15.6593,14.6825,30.9829,15.4762,15.293,15.1099,38.9194,14.9878,16.0867,15.232,16.453,15.4151,35.3175,35.5006,36.0501,35.6838,97.2222,98.0769,97.2222,98.138,59.9817,59.188,60.1038,59.7375,59,59,59,59,59.6764,59.6764,59.6764,59.3712,5.7081800000000005,0.396825,0.763126,59.5543,35.8669,51.5568,29.823,52.2283,22.2527,52.4115,2.77778,0.396825,1106.81,177.546,1447.4,0.0,1.0,1.0,1.0,1.0,0.0,0.07783949999999999,44.5498,44.4979,43.927,44.5498,0.129731,14.0246,96.8421,90.2163,90.1733,96.8941,0.0,8.03846,39.4113,0.0,0.0,-14.6135,98.5763,95.1803,43.81399999999999,315.014,39.055,281.316,287.825,44.8959,422.635,418.656,415.484,522.003,509.62,601.982,421.153,416.421,527.8240000000002,502.534,602.389,410.982,408.3130000000001,513.721,513.005,610.071,410.044,408.962,512.933,512.432,613.018,430.677,430.533,533.877,533.3290000000002,611.508,431.61300000000006,430.749,533.1619999999998,532.589,610.143,601.24,601.9580000000002,21.2332,405.772,1145.0
2020-11-22 07:49:05,96.7949,97.5275,97.2833,97.0391,79.3956,80.1282,79.0293,80.2503,33.9133,34.1575,33.1197,33.6691,15.1099,14.8046,15.7814,15.9035,15.7814,15.1709,14.9878,14.8657,48.4982,19.9756,24.0781,32.674,95.7753,133.382,95.873,75.8486,59,59,59,59,58.9438,59.4933,59.2491,59.6764,59,59,59,59,11.4469,11.2027,11.2637,11.3248,10.7753,10.348,11.0195,11.2027,11.8132,12.4847,12.3626,12.3626,54.4872,56.1355,55.9524,55.5861,26.5873,25.7936,26.6484,26.2821,45.2076,59.5543,44.7802,44.0476,32.9365,33.3028,34.5238,32.9365,28.663,28.3578,28.2357,27.9304,44.7192,44.0476,43.9255,44.4139,33.8523,33.9744,34.3407,34.8901,25.6105,25.8547,26.4042,25.9158,44.1697,44.1087,44.1087,44.2918,33.2418,33.3639,33.3028,33.1807,26.4652,26.8926,26.2821,30.7998,45.0244,43.6203,44.2918,44.6581,15.6593,14.6825,30.9829,15.4762,15.293,15.1099,38.9194,14.9878,16.0867,15.232,16.453,15.4151,35.3175,35.5006,36.0501,35.6838,97.2222,98.0769,97.2222,98.138,59.9817,59.188,60.1038,59.7375,59,59,59,59,59.6764,59.6764,59.6764,59.3712,5.7081800000000005,0.396825,0.763126,59.5543,35.8669,51.5568,29.823,52.2283,22.2527,52.4115,2.77778,0.396825,1109.17,177.546,1439.55,0.0,1.0,1.0,1.0,1.0,0.0,0.07783949999999999,44.5498,44.4979,43.927,44.5498,0.129731,14.0246,95.6674,89.6072,88.7804,96.8941,0.0,8.03846,41.6438,0.0,0.0,-6.31492,98.5763,95.1803,43.81399999999999,313.951,39.055,281.835,287.825,44.8959,422.635,418.656,415.484,522.003,509.62,601.982,421.153,416.421,527.8240000000002,502.534,603.395,410.982,408.3130000000001,513.721,513.005,610.071,410.044,408.962,512.933,512.432,613.018,430.677,430.533,533.877,533.3290000000002,612.515,431.61300000000006,430.749,533.1619999999998,532.589,610.143,601.24,601.9580000000002,21.2332,405.244,1145.0
2020-11-22 07:49:10,96.7949,97.5275,97.2833,97.0391,79.3956,80.1282,79.0293,80.2503,33.9133,34.1575,33.7912,33.6691,15.1099,14.8046,15.7814,15.9035,15.7814,15.1709,14.9878,14.8657,48.4982,19.9756,24.0781,32.674,94.6032,133.382,94.9939,75.8486,59,59,59,59,58.9438,59.4933,59.2491,59.6764,59,59,59,59,11.4469,11.2027,11.2637,11.3248,10.7753,10.348,11.0195,11.2027,11.8132,12.4847,12.3626,12.3626,54.4872,56.1355,55.9524,55.5861,26.5873,25.7936,26.6484,26.2821,45.2076,59.5543,44.7802,44.0476,32.9365,33.3028,34.5238,32.326,28.663,28.3578,28.2357,27.9304,44.7192,44.0476,43.9255,44.4139,33.8523,33.9744,34.3407,34.8901,25.6105,26.4042,26.4042,25.9158,44.1697,44.1087,44.1087,44.2918,33.2418,33.3639,33.3028,33.1807,26.4652,26.0379,26.2821,30.7998,45.0244,43.6203,44.2918,44.6581,15.6593,14.6825,30.9829,15.4762,15.293,15.1099,38.9194,14.9878,16.0867,15.232,16.453,15.4151,35.3175,35.5006,36.0501,35.6838,97.2222,98.0769,97.2222,98.138,59.9817,59.188,60.1038,59.7375,59,59,59,59,59.6764,59.6764,59.6764,59.3712,5.7081800000000005,0.396825,0.763126,59.5543,35.8669,51.5568,29.823,52.2283,22.2527,52.4115,2.77778,0.396825,1109.2,177.546,1447.42,0.0,1.0,1.0,1.0,1.0,0.0,0.07783949999999999,44.5498,44.4979,43.927,44.5498,0.129731,14.0246,96.4814,90.4947,87.9197,95.8718,0.0,8.03846,38.3861,0.0,0.0,-1.61498,98.5763,95.1803,44.4403,311.72,40.2271,281.835,287.825,44.8959,422.635,418.656,415.484,522.003,509.62,601.982,421.153,416.421,527.8240000000002,502.534,603.395,410.982,408.3130000000001,513.721,513.005,610.071,410.044,408.962,512.933,512.432,613.018,430.677,430.533,533.877,533.3290000000002,612.515,431.61300000000006,430.749,533.1619999999998,532.589,610.143,601.24,602.964,21.2332,405.244,1145.54
2020-11-22 07:49:15,96.7949,97.5275,97.2833,98.0769,79.3956,80.1282,79.0293,80.2503,34.4628,34.1575,33.7912,34.4017,15.1099,14.8046,15.7814,15.9035,15.7814,15.1709,14.9878,14.8657,49.475,20.8547,25.1526,32.674,92.3565,133.382,94.9939,77.6068,59,59,59,59,58.9438,59.4933,59.2491,59.6764,59,59,59,59,11.4469,11.2027,11.2637,11.3248,10.7753,10.8974,11.0195,11.2027,11.8132,12.4847,12.3626,12.3626,54.4872,56.1355,55.9524,55.5861,26.5873,25.7936,26.6484,26.2821,45.757,59.5543,44.7802,44.0476,32.9365,33.3028,34.5238,32.326,28.663,28.3578,28.2357,27.9304,44.7192,44.0476,43.9255,44.4139,33.8523,33.9744,34.3407,34.8901,25.6105,26.4042,26.4042,25.9158,44.1697,44.1087,44.1087,44.2918,33.2418,33.3639,33.3028,33.1807,26.4652,26.7094,26.2821,30.7998,45.0244,43.6203,44.2918,44.6581,15.6593,14.6825,30.9829,15.4762,15.293,15.1099,38.9194,14.9878,16.0867,15.232,16.453,15.4151,35.3175,35.5006,36.0501,35.6838,97.2222,98.0769,97.2222,98.138,59.9817,59.188,60.1038,59.7375,59,59,59,59,59.6764,59.6764,59.6764,59.3712,5.7081800000000005,0.396825,0.763126,59.5543,35.8669,51.5568,29.823,53.2662,22.2527,52.4115,2.77778,0.396825,1104.48,177.546,1443.49,0.0,1.0,1.0,1.0,1.0,0.0,0.07783949999999999,44.5498,44.4979,43.927,44.5498,0.129731,14.6862,94.6465,89.8359,89.4584,96.2191,0.0,8.03846,39.5467,0.0,0.0,-6.803939999999999,98.5763,95.1803,44.4403,310.593,40.2271,280.547,287.825,44.8959,422.635,418.656,415.484,522.003,509.62,601.982,421.153,416.421,527.8240000000002,502.534,603.395,410.982,408.3130000000001,513.721,513.005,611.077,410.044,408.962,512.933,512.432,613.018,430.677,430.533,533.877,533.3290000000002,612.515,431.61300000000006,430.749,533.1619999999998,532.589,610.143,601.24,602.964,21.2332,405.772,1145.54
2020-11-22 07:49:20,96.7949,97.5275,97.2833,98.0769,79.3956,80.1282,79.5788,80.2503,34.4628,34.768,33.7912,34.4017,15.1099,14.8046,15.7814,15.9035,15.7814,15.1709,14.9878,14.8657,51.3309,20.8547,26.0317,33.5531,92.3565,133.382,93.9194,78.486,59,59,59,59,58.9438,59.4933,59.2491,59.6764,59,59,59,59,11.4469,11.2027,11.2637,11.3248,10.7753,10.8974,11.0195,11.2027,11.8132,12.4847,11.8132,12.3626,54.4872,56.1355,55.9524,55.5861,26.5873,25.7936,26.0989,26.2821,45.757,59.5543,44.7802,44.0476,32.9365,33.3028,34.5238,31.3492,28.663,28.3578,28.2357,27.9304,44.7192,44.0476,43.9255,44.4139,33.8523,33.9744,34.3407,34.8901,25.6105,25.8547,26.4042,25.9158,44.1697,44.1087,44.1087,44.2918,33.2418,33.3639,33.3028,33.1807,26.4652,26.7094,26.2821,30.7998,45.0244,43.6203,44.2918,44.6581,15.6593,14.6825,30.9829,15.4762,15.293,15.1099,38.9194,14.9878,16.0867,15.232,16.453,15.4151,35.3175,35.5006,36.0501,35.6838,97.2222,98.0769,97.2222,98.138,59.9817,59.188,60.1038,59.7375,59,59,59,59,59.6764,59.6764,59.6764,59.3712,5.7081800000000005,0.396825,0.763126,60.348,35.8669,51.5568,29.823,53.2662,22.2527,52.4115,2.77778,0.396825,1099.75,177.546,1437.0,0.0,1.0,1.0,1.0,1.0,0.0,0.07783949999999999,44.5498,44.4979,43.927,44.5498,0.129731,13.9364,96.039,88.5744,90.6476,96.2191,0.0,8.03846,44.6042,0.0,0.0,-3.36334,98.5763,95.1803,43.7156,310.064,41.6527,276.689,287.825,44.8959,422.635,418.656,415.484,522.003,509.62,601.982,421.153,416.421,527.8240000000002,502.534,603.395,410.982,408.3130000000001,513.721,513.005,611.077,410.044,408.962,512.933,512.432,613.018,430.677,430.533,533.877,533.3290000000002,612.515,431.61300000000006,430.749,533.1619999999998,532.589,610.143,601.24,602.964,21.2332,405.772,1145.54
2020-11-22 07:49:25,96.7949,97.5275,97.2833,98.0769,79.3956,80.1282,79.5788,80.7998,34.4628,34.768,33.7912,34.4017,15.1099,14.8046,15.7814,15.9035,15.7814,15.1709,14.9878,14.8657,50.2564,20.8547,26.0317,34.5299,93.7241,131.233,94.7985,77.5092,59,59,59,59,58.9438,59.4933,59.2491,59.6764,59,59,59,59,11.4469,11.2027,11.2637,11.3248,10.7753,11.4469,11.0195,11.2027,11.8132,12.4847,11.8132,12.3626,54.4872,56.1355,55.9524,55.5861,26.5873,25.7936,26.0989,26.2821,45.757,59.5543,44.7802,44.0476,32.9365,33.3028,34.5238,34.5238,28.663,28.3578,28.2357,27.9304,44.7192,44.0476,43.9255,44.4139,33.8523,33.9744,34.3407,34.3407,25.6105,25.8547,26.4042,25.9158,44.1697,44.7192,44.1087,44.2918,33.2418,33.3639,33.3028,33.1807,26.4652,26.7094,26.2821,30.7998,45.0244,43.6203,44.2918,44.6581,15.6593,14.6825,30.9829,15.4762,15.293,15.1099,38.9194,14.9878,16.0867,15.232,16.453,15.4151,35.3175,35.5006,36.0501,35.6838,97.2222,98.0769,97.2222,98.138,59.9817,59.188,60.1038,59.7375,59,59,59,59,59.6764,59.6764,59.6764,59.3712,5.7081800000000005,0.396825,0.763126,60.348,35.8669,51.5568,29.823,53.2662,22.2527,52.4115,2.77778,0.396825,1097.37,177.546,1439.76,0.0,1.0,1.0,1.0,1.0,0.0,0.07783949999999999,44.5498,44.4979,43.927,44.5498,0.129731,13.9364,96.039,88.926,90.0203,96.824,0.0,8.03846,49.5572,0.0,0.0,-2.2012,98.5763,95.1803,43.7156,309.038,42.3036,274.161,287.825,44.8959,422.635,418.656,415.484,522.003,508.594,601.982,421.153,416.421,527.8240000000002,501.508,603.395,410.982,408.3130000000001,513.721,513.005,611.077,410.044,408.962,512.933,512.432,613.018,430.677,430.533,533.877,533.3290000000002,612.515,431.61300000000006,430.749,533.1619999999998,532.589,610.143,601.24,602.964,21.2332,405.244,1145.54
2020-11-22 07:49:30,96.7949,97.5275,97.2833,98.0769,79.3956,80.6777,79.5788,80.7998,34.4628,34.768,34.5849,34.4017,15.1099,14.8046,15.7814,15.9035,15.7814,14.6215,14.9878,14.8657,50.2564,20.8547,26.9109,34.5299,93.7241,130.159,95.7753,76.2393,59,59,59,59,58.9438,59.4933,59.2491,59.6764,59,59,59,59,11.4469,11.2027,11.2637,11.3248,10.7753,12.0574,11.0195,11.7521,11.8132,12.4847,12.3626,12.3626,54.4872,56.1355,55.9524,55.5861,26.5873,25.7936,26.0989,26.2821,45.757,59.5543,44.7802,44.0476,32.9365,33.3028,33.9744,34.5238,28.663,28.3578,28.2357,27.9304,44.7192,44.0476,43.9255,44.4139,33.8523,33.9744,34.3407,34.3407,25.6105,25.8547,26.4042,25.9158,44.1697,44.7192,44.1087,44.2918,33.2418,33.3639,33.3028,33.1807,26.4652,25.9768,26.2821,30.7998,45.0244,43.6203,44.2918,44.6581,15.6593,14.6825,30.9829,15.4762,15.293,15.1099,38.9194,14.9878,16.0867,15.232,16.453,15.4151,35.3175,35.5006,36.0501,35.6838,97.2222,98.0769,97.2222,98.138,59.9817,59.188,60.1038,59.7375,59,59,59,59,59.6764,59.6764,59.6764,59.3712,5.7081800000000005,0.396825,0.763126,60.348,35.8669,51.5568,29.823,53.2662,22.2527,52.4115,2.77778,0.396825,1094.91,177.546,1444.84,0.0,1.0,1.0,1.0,1.0,0.0,0.07783949999999999,44.5498,44.4979,43.927,44.5498,0.129731,13.9364,95.1105,87.1549,89.9001,96.824,0.0,8.03846,49.894,0.0,0.0,-7.43537,98.5763,95.1803,43.1846,306.943,43.3663,272.904,287.825,44.8959,422.635,418.656,415.484,522.003,508.594,601.982,421.153,416.421,527.6569999999998,501.508,603.395,410.982,408.3130000000001,513.721,513.005,611.077,410.044,408.962,512.933,512.432,613.018,430.677,430.533,533.877,533.3290000000002,612.515,431.61300000000006,430.749,533.1619999999998,532.589,610.143,601.24,602.964,21.2332,405.244,1145.54
2020-11-22 07:49:35,96.7949,97.5275,97.2833,98.0769,79.3956,80.6777,79.5788,80.7998,35.0122,34.8291,34.5849,34.4017,15.1099,14.8046,15.7814,15.9035,15.7814,14.6215,14.9878,14.8657,50.2564,19.6825,26.9109,34.5299,93.7241,130.159,95.7753,76.2393,59,59,59,59,58.9438,59.4933,59.2491,59.6764,59,59,59,59,11.4469,11.2027,11.2637,11.3248,10.7753,10.5922,11.0195,11.7521,11.8132,12.4847,12.3626,12.3626,54.4872,56.1355,55.9524,55.5861,26.5873,25.7936,26.0989,26.2821,45.757,59.5543,44.7802,44.0476,32.9365,33.3028,33.9744,34.5238,28.663,28.3578,28.2357,27.9304,44.7192,44.0476,43.9255,44.4139,33.8523,33.9744,34.3407,34.3407,25.6105,25.8547,26.4042,25.9158,44.1697,44.536,44.1087,44.2918,33.2418,33.3639,33.3028,33.1807,26.4652,26.8315,26.2821,30.7998,45.0244,43.6203,44.2918,44.6581,15.6593,14.6825,30.9829,15.4762,15.293,15.1099,38.9194,14.9878,16.0867,15.232,16.453,15.4151,35.3175,35.5006,36.0501,35.6838,97.2222,98.0769,97.2222,98.138,59.9817,59.188,60.1038,59.7375,59,59,59,59,59.6764,59.6764,59.6764,59.3712,5.7081800000000005,0.396825,0.763126,60.348,35.8669,51.5568,29.823,53.2662,22.2527,52.4115,2.77778,0.396825,1091.41,177.546,1444.65,0.0,1.0,1.0,1.0,1.0,0.0,0.07783949999999999,44.5498,44.4979,43.927,44.5498,0.129731,13.9364,96.1669,89.2415,90.6719,95.543,0.0,8.03846,50.8957,0.0,0.0,-29.9558,98.5763,95.1803,42.4043,306.943,42.6599,272.904,287.825,44.8959,422.635,418.656,415.484,522.003,507.52,601.982,422.162,416.421,527.6569999999998,500.505,603.395,410.982,409.323,513.721,513.005,611.077,410.044,408.962,512.933,512.432,613.018,430.677,430.533,533.877,533.3290000000002,612.515,431.61300000000006,430.749,533.1619999999998,532.589,610.143,602.245,602.964,21.2332,405.244,1145.54
2020-11-22 07:49:40,96.7949,97.5275,97.2833,98.0769,79.3956,80.6777,79.5788,80.7998,35.0122,34.8291,34.5849,34.4017,15.1099,14.8046,15.7814,15.9035,15.7814,14.6215,14.9878,14.8657,50.2564,19.6825,26.9109,33.5531,92.8449,130.159,95.7753,77.8022,59,59,59,59,58.9438,59.4933,59.2491,59.6764,59,59,59,59,11.4469,11.2027,11.2637,11.3248,10.7753,10.5922,11.0195,11.7521,11.8132,12.4847,12.3626,12.3626,54.4872,56.1355,55.9524,55.5861,26.5873,25.7936,26.0989,26.2821,45.757,59.5543,44.7802,44.0476,32.9365,33.3028,33.9744,34.5238,28.663,28.3578,28.2357,27.9304,44.7192,44.0476,43.9255,44.4139,33.8523,33.9744,34.3407,34.3407,25.6105,25.8547,26.4042,25.9158,44.1697,44.536,44.1087,44.2918,33.2418,33.3639,33.3028,33.1807,26.4652,26.8315,26.2821,30.7998,45.0244,43.6203,44.2918,44.6581,15.6593,14.6825,30.9829,15.4762,15.293,15.1099,38.9194,14.9878,16.0867,15.232,16.453,15.4151,35.3175,35.5006,36.0501,35.6838,97.2222,98.0769,97.2222,98.138,59.9817,59.188,60.1038,59.7375,59,59,59,59,59.6764,59.6764,59.6764,59.3712,5.7081800000000005,0.396825,0.763126,60.348,35.8669,51.5568,29.823,53.2662,22.2527,52.4115,2.77778,0.396825,1090.3,177.546,1442.15,0.0,1.0,1.0,1.0,1.0,0.0,0.07783949999999999,44.5498,44.4979,43.927,44.5498,0.129731,13.3043,96.2583,89.2415,89.9261,96.1596,0.0,8.03846,52.4302,0.0,0.0,-62.3919,98.5763,95.1803,41.8137,307.7,42.9982,272.904,287.825,44.8959,422.635,418.656,415.484,522.003,506.447,601.982,422.162,416.421,527.6569999999998,500.505,603.395,410.982,409.323,513.721,513.005,611.077,410.044,408.962,512.933,512.432,613.018,430.677,430.533,533.877,533.3290000000002,612.515,431.61300000000006,430.749,533.1619999999998,532.589,610.143,602.245,602.964,21.2332,405.244,1145.0
2020-11-22 07:49:45,96.7949,97.5275,97.2833,98.0769,79.3956,80.6777,80.1282,80.7998,35.0122,35.6227,34.5849,34.4017,15.1099,14.8046,15.7814,15.9035,15.7814,14.6215,14.9878,14.8657,49.0842,19.6825,26.9109,33.5531,92.8449,131.136,95.7753,78.8767,59,59,59,59,58.9438,59.4933,59.2491,59.6764,59,59,59,59,11.4469,11.2027,11.2637,11.3248,10.7753,10.5922,11.0195,11.7521,11.8132,12.4847,12.3626,12.3626,54.4872,56.1355,55.9524,55.5861,26.5873,25.7936,26.0989,26.2821,45.757,59.5543,44.7802,44.0476,32.9365,33.3028,33.9744,34.5238,28.663,28.3578,28.2357,27.9304,44.7192,44.6581,43.9255,44.4139,33.8523,33.9744,34.3407,33.7912,25.6105,25.8547,26.4042,25.9158,44.1697,44.536,44.1087,44.2918,33.2418,33.3639,33.3028,33.1807,26.4652,26.0379,26.2821,30.7998,45.0244,43.6203,44.2918,44.6581,15.6593,14.6825,30.9829,15.4762,15.293,15.1099,38.9194,14.9878,16.0867,15.232,16.453,15.4151,35.3175,35.5006,36.0501,35.6838,97.2222,98.0769,97.2222,98.138,59.9817,59.188,60.1038,59.7375,59,59,59,59,59.6764,59.6764,59.6764,59.3712,5.7081800000000005,0.396825,0.763126,60.348,35.8669,51.5568,29.823,53.2662,22.2527,52.4115,2.77778,0.396825,1092.69,177.546,1443.17,0.0,1.0,1.0,1.0,1.0,0.0,0.07783949999999999,44.5498,44.4979,43.927,44.5498,0.129731,13.3043,95.6903,86.8181,89.279,96.1596,0.0,7.93956,52.1575,0.0,0.0,-67.777,98.5763,95.1803,42.988,307.7,43.5964,274.915,287.825,44.8959,422.635,418.656,415.484,522.003,505.444,601.982,422.162,416.421,527.6569999999998,499.456,603.395,410.982,409.323,513.721,513.005,611.077,410.044,408.962,512.933,512.432,613.018,430.677,430.533,533.877,533.3290000000002,612.515,431.61300000000006,430.749,533.1619999999998,532.589,610.143,602.245,602.964,21.2332,406.301,1145.0
2020-11-22 07:49:50,96.7949,97.5275,97.2833,98.0769,79.3956,80.6777,80.1282,80.7998,35.5617,35.6227,34.5849,34.4017,15.1099,14.8046,15.7814,14.9267,15.7814,14.6215,14.9878,14.8657,49.0842,19.6825,26.9109,32.2833,91.8681,131.136,97.6313,77.7045,59,59,59,59,58.9438,59.4933,59.2491,59.6764,59,59,59,59,11.4469,11.2027,11.2637,11.3248,10.7753,10.5922,11.0195,11.7521,11.8132,12.4847,12.3626,12.3626,54.4872,56.1355,55.9524,55.5861,26.5873,25.7936,26.0989,26.2821,45.757,59.5543,44.7802,44.0476,32.9365,33.3028,33.9744,34.5238,28.663,28.3578,28.2357,27.9304,44.7192,44.6581,43.9255,44.4139,33.8523,33.9744,34.3407,33.7912,25.6105,25.8547,26.4042,25.9158,44.1697,44.536,44.1087,44.2918,33.2418,33.3639,33.3028,33.1807,26.4652,26.7094,26.2821,30.7998,45.0244,43.6203,44.2918,44.6581,15.6593,14.6825,30.9829,15.4762,15.293,15.1099,38.9194,14.9878,16.0867,15.232,16.453,15.4151,35.3175,35.5006,36.0501,35.6838,97.2222,98.0769,97.2222,98.138,59.9817,59.188,60.1038,59.7375,59,59,59,59,59.6764,59.6764,59.6764,59.3712,5.7081800000000005,0.396825,0.763126,60.348,35.8669,51.5568,29.823,53.2662,22.2527,52.4115,2.77778,0.396825,1092.72,177.546,1449.92,0.0,1.0,1.0,1.0,1.0,0.0,0.07783949999999999,44.5498,44.4979,43.927,44.5498,0.129731,13.3043,96.5785,87.895,90.7831,95.4901,0.0,7.93956,51.3955,0.0,0.0,-96.4921,98.5763,95.1803,43.6727,306.125,44.1969,277.456,287.825,44.8959,422.635,418.656,415.484,522.003,505.444,601.982,422.162,416.421,527.6569999999998,499.456,603.395,410.982,409.323,513.721,513.005,611.077,410.044,408.962,512.933,512.432,613.018,430.677,430.533,533.877,533.3290000000002,612.515,431.61300000000006,430.749,533.1619999999998,532.589,611.149,602.245,602.964,21.2332,405.244,1145.0
2020-11-22 07:49:55,96.7949,97.5275,97.2833,98.6264,79.3956,80.6777,80.1282,80.7998,35.5617,35.6227,35.1954,34.9512,15.1099,14.8046,15.7814,16.0256,15.7814,14.6215,14.9878,14.8657,49.0842,19.6825,26.9109,32.2833,91.8681,131.136,97.6313,77.7045,59,59,59,59,58.9438,59.4933,59.2491,59.6764,59,59,59,59,11.4469,11.2027,11.2637,11.3248,10.7753,10.5922,11.0195,11.7521,11.8132,12.4847,12.3626,12.3626,54.4872,56.1355,55.9524,55.5861,26.5873,25.7936,26.0989,26.2821,45.757,59.5543,44.7802,44.0476,32.9365,33.3028,33.9744,34.5238,28.663,28.3578,28.2357,27.9304,44.7192,44.6581,43.9255,44.4139,33.8523,33.9744,34.3407,33.7912,25.6105,25.8547,26.4042,25.9158,44.1697,44.536,44.1087,44.2918,33.2418,33.3639,33.3028,33.1807,26.4652,26.7094,26.2821,30.7998,45.0244,43.6203,44.2918,44.6581,15.6593,14.6825,30.9829,15.4762,15.293,15.1099,38.9194,14.9878,16.0867,15.232,16.453,15.4151,35.3175,35.5006,36.0501,35.6838,97.2222,98.0769,97.2222,98.138,59.9817,59.188,60.1038,59.7375,59,59,59,59,59.6764,59.6764,59.6764,59.3712,5.7081800000000005,0.396825,0.763126,60.348,35.8669,51.5568,29.823,53.2662,22.2527,52.4115,2.77778,0.396825,1090.25,177.546,1453.85,0.0,1.0,1.0,1.0,1.0,0.0,0.07783949999999999,44.5498,44.4979,43.927,44.5498,0.129731,13.9364,96.4684,89.3849,88.9849,96.101,0.0,7.93956,51.6294,0.0,0.0,-111.268,98.5763,95.1803,43.6727,308.35,44.1969,278.737,287.825,44.8959,422.635,418.656,415.484,522.003,504.442,603.036,422.162,416.421,527.6569999999998,499.456,603.395,410.982,409.323,513.721,513.005,611.077,410.044,408.962,512.933,512.432,613.018,430.677,430.533,533.877,534.354,612.515,431.61300000000006,430.749,533.1619999999998,532.589,611.149,602.245,602.964,21.2332,405.244,1144.47
2020-11-22 07:50:00,96.7949,97.5275,97.2833,98.6264,79.3956,80.6777,80.1282,80.7998,36.3553,35.6227,35.1954,36.1722,15.1099,14.8046,15.7814,16.0256,15.7814,14.6215,14.9878,14.8657,49.0842,18.8034,26.9109,33.2601,91.8681,132.112,96.6544,77.7045,59,59,59,59,58.9438,59.4933,59.2491,59.6764,59,59,59,59,11.4469,11.2027,11.2637,11.3248,10.7753,10.5922,11.0195,11.7521,11.8132,12.4847,11.7521,12.3626,54.4872,56.1355,55.9524,55.5861,26.5873,25.7936,26.0989,26.2821,45.757,59.5543,44.7802,44.0476,32.9365,33.3028,33.9744,34.5238,28.663,28.3578,28.2357,27.9304,44.7192,44.6581,43.9255,44.4139,33.8523,33.9744,34.3407,33.7912,25.6105,25.8547,26.4042,25.9158,44.1697,44.536,44.1087,44.2918,33.2418,33.3639,33.3028,33.1807,26.4652,26.7094,26.2821,30.7998,45.0244,43.6203,44.2918,44.6581,15.6593,14.6825,30.9829,15.4762,15.293,15.1099,38.9194,14.9878,16.0867,15.232,16.453,15.4151,35.3175,35.5006,36.0501,35.6838,97.2222,98.0769,97.2222,98.138,59.9817,59.188,60.1038,59.7375,59,59,59,59,59.6764,59.6764,59.6764,59.3712,5.7081800000000005,0.396825,0.763126,60.348,35.8669,51.5568,29.823,53.2662,22.2527,52.4115,2.77778,0.396825,1093.83,177.025,1451.37,0.0,1.0,1.0,1.0,1.0,0.0,0.07783949999999999,44.5498,44.4979,43.927,44.5498,0.129731,13.9364,97.083,91.1201,90.9417,96.101,0.0,7.93956,50.7717,0.0,0.0,-123.439,98.5763,95.1803,43.6727,310.66,44.0206,279.251,287.825,44.8959,422.635,418.656,415.484,522.003,504.442,603.036,422.162,416.421,527.6569999999998,499.456,603.395,412.04,409.323,513.721,513.005,611.077,410.044,408.962,512.933,512.432,613.018,430.677,430.533,533.877,534.354,612.515,431.61300000000006,430.749,533.1619999999998,532.589,611.149,602.245,602.964,21.2332,405.772,1143.92
2020-11-22 07:50:05,96.7949,97.5275,97.2833,98.6264,79.3956,80.6777,80.1282,80.7998,36.3553,36.1722,35.7448,36.1722,15.1099,14.8046,15.7814,16.0256,15.7814,15.1709,14.9878,14.8657,49.0842,18.8034,26.9109,33.2601,91.8681,132.112,96.6544,78.9743,59,59,59,59,58.9438,59.4933,59.2491,59.6764,59,59,59,59,11.4469,11.2027,11.2637,11.3248,10.7753,10.5922,11.0195,11.2027,11.8132,12.4847,12.3016,12.3626,54.4872,56.1355,55.9524,55.5861,26.5873,25.7936,26.0989,26.2821,45.757,59.5543,44.7802,44.7192,32.9365,33.3028,33.9744,34.5238,28.663,28.3578,28.2357,27.9304,44.7192,44.6581,43.9255,44.4139,33.8523,33.9744,34.3407,33.7912,25.6105,25.8547,26.4042,25.9158,44.1697,44.536,44.1087,44.2918,33.2418,33.3639,33.3028,33.1807,26.4652,26.0989,26.2821,30.7998,45.0244,43.6203,44.2918,44.6581,15.6593,14.6825,30.9829,15.4762,15.293,15.1099,38.9194,14.9878,16.0867,15.232,16.453,15.4151,35.3175,35.5006,36.0501,35.6838,97.2222,98.0769,97.2222,98.138,59.9817,59.188,60.1038,59.7375,59,59,59,59,59.6764,59.6764,59.6764,59.3712,5.7081800000000005,0.396825,0.763126,60.348,35.8669,51.5568,29.823,53.2662,22.2527,52.4115,2.77778,0.396825,1095.02,177.025,1452.0,0.0,1.0,1.0,1.0,1.0,0.0,0.07783949999999999,44.5498,44.4979,43.927,44.5498,0.129731,13.9364,96.0987,87.5218,89.82799999999997,96.101,0.0,7.93956,52.7344,0.0,0.0,-84.335,98.5763,95.1803,43.0729,311.525,46.1854,279.251,287.825,44.8959,422.635,418.656,415.484,522.003,504.442,603.036,422.162,416.421,527.6569999999998,499.456,603.395,412.04,409.323,513.721,513.005,611.077,411.102,410.02,512.933,512.432,613.018,430.677,430.533,533.877,534.354,612.515,431.61300000000006,430.749,533.1619999999998,533.638,611.149,602.245,602.964,21.2332,404.715,1143.92
2020-11-22 07:50:10,96.7949,97.5275,97.2833,98.6264,79.3956,80.6777,80.6777,80.7998,36.3553,36.1722,36.5385,36.1722,15.1099,14.8046,15.7814,16.0256,15.7814,15.1709,14.9878,14.8657,49.9634,18.8034,26.9109,34.2369,93.0403,133.382,96.6544,77.9976,59,59,59,59,58.9438,59.4933,59.2491,59.6764,59,59,59,59,11.4469,11.2027,11.2637,11.3248,10.2259,10.5922,11.0195,11.2027,11.8132,12.4847,12.3016,12.3626,54.4872,56.1355,55.9524,55.5861,26.5873,25.7936,26.0989,26.2821,45.757,59.5543,44.7802,44.7192,32.9365,33.3028,33.4249,34.5238,28.663,28.3578,28.2357,27.9304,44.7192,44.6581,43.9255,44.4139,33.8523,33.9744,34.3407,34.5238,25.6105,25.8547,26.4042,25.9158,44.1697,44.536,44.1087,44.2918,33.2418,33.3639,33.3028,33.1807,27.5031,26.8315,26.2821,30.7998,45.0244,43.6203,44.2918,44.6581,15.6593,14.6825,30.9829,15.4762,15.293,15.1099,38.9194,14.9878,16.0867,15.232,16.453,15.4151,35.3175,35.5006,36.0501,35.6838,97.2222,98.0769,97.2222,98.138,59.9817,59.188,60.1038,59.7375,59,59,59,59,59.6764,59.6764,59.6764,59.3712,5.7081800000000005,0.396825,0.763126,60.348,35.8669,51.5568,29.823,53.2662,22.2527,52.4115,2.77778,0.396825,1089.13,177.533,1446.67,0.0,1.0,1.0,1.0,1.0,0.0,0.07783949999999999,44.5498,44.4979,43.927,44.5498,0.129731,13.9364,97.0558,88.9885,88.4397,94.3443,0.0,7.93956,51.9902,0.0,0.0,-66.8817,98.5763,95.1803,42.5093,312.622,46.7499,280.495,287.825,44.8959,422.635,418.656,415.484,522.003,504.442,603.036,422.162,416.421,527.8,498.429,603.395,412.04,409.323,513.721,513.005,611.077,411.102,410.02,512.933,512.432,613.018,430.677,430.533,533.877,534.354,612.515,431.61300000000006,430.749,533.1619999999998,533.638,611.149,602.245,602.964,21.2332,404.715,1143.92
2020-11-22 07:50:15,96.7949,97.5275,97.2833,98.6264,79.3956,80.6777,80.6777,80.7998,36.3553,36.1722,36.5385,36.1722,15.1099,14.8046,15.7814,14.9267,15.7814,15.1709,14.9878,14.8657,51.1355,18.8034,26.9109,33.1624,93.0403,132.405,97.5336,77.9976,59,59,59,59,58.9438,59.4933,59.2491,59.6764,59,59,59,59,11.4469,11.2027,11.2637,11.3248,10.2259,10.5922,11.0195,11.2027,11.8132,12.4847,12.3016,12.3626,54.4872,56.1355,55.9524,55.5861,26.5873,25.7936,26.0989,26.2821,45.757,59.5543,44.7802,44.7192,32.9365,33.3028,33.4249,34.5238,28.663,28.3578,28.2357,27.9304,44.7192,44.6581,43.9255,44.4139,33.8523,33.9744,33.7912,34.5238,25.6105,25.8547,26.4042,25.9158,44.1697,44.536,44.1087,44.2918,33.2418,33.3639,33.3028,33.1807,26.7705,26.8315,26.2821,30.7998,45.0244,43.6203,44.2918,44.6581,15.6593,14.6825,30.9829,15.4762,15.293,15.1099,38.9194,14.9878,16.0867,15.232,16.453,15.4151,35.3175,35.5006,36.0501,35.6838,97.2222,98.0769,97.2222,98.138,59.9817,59.188,60.1038,59.7375,59,59,59,59,59.6764,59.6764,59.6764,59.3712,5.7081800000000005,0.396825,0.763126,60.348,35.8669,51.5568,29.823,53.2662,22.2527,52.4115,2.77778,0.396825,1092.74,177.533,1450.97,0.0,1.0,1.0,1.0,1.0,0.0,0.07783949999999999,44.5498,44.4979,43.927,44.5498,0.129731,13.9364,96.6185,88.9885,89.8132,96.1906,0.0,7.93956,55.1272,0.0,0.0,-51.4772,98.5763,95.1803,41.7721,314.558,46.7499,282.29,287.825,44.8959,422.635,418.656,415.484,522.003,504.442,603.036,422.162,416.421,527.943,498.429,603.395,412.04,409.323,513.721,513.005,611.077,411.102,410.02,512.933,512.432,613.018,430.677,430.533,533.877,534.354,612.515,431.61300000000006,430.749,533.1619999999998,533.638,611.149,602.245,602.964,21.2332,404.186,1143.92
2020-11-22 07:50:20,96.7949,97.5275,97.2833,98.6264,79.3956,80.6777,80.6777,80.7998,37.5763,36.7827,36.5385,36.1722,15.1099,14.8046,15.7814,15.4762,15.7814,15.1709,14.9878,14.8657,49.2796,19.6825,27.8877,33.1624,93.9194,133.284,97.5336,79.3651,59,59,59,59,58.9438,59.4933,59.2491,59.6764,59,59,59,59,11.4469,11.2027,11.2637,11.3248,10.2259,10.5922,11.0195,11.2027,11.8132,12.4847,12.3016,12.3626,54.4872,56.1355,55.9524,55.5861,26.5873,25.7936,26.0989,26.2821,45.757,59.5543,44.7802,44.7192,32.9365,33.3028,33.4249,34.5238,28.663,28.3578,28.2357,27.9304,44.7192,44.6581,43.9255,44.4139,33.8523,33.9744,33.7912,34.5238,25.6105,25.8547,26.4042,25.9158,44.1697,44.536,44.1087,44.2918,33.2418,33.3639,33.3028,33.1807,26.7705,25.8547,26.2821,30.7998,45.0244,43.6203,44.2918,44.6581,15.6593,14.6825,30.9829,15.4762,15.293,15.1099,38.9194,14.9878,16.0867,15.232,16.453,15.4151,35.3175,35.5006,36.0501,35.6838,97.2222,98.0769,97.2222,98.138,59.9817,59.188,60.1038,59.7375,59,59,59,59,59.6764,59.6764,59.6764,59.3712,5.7081800000000005,0.396825,0.763126,60.348,35.8669,51.5568,29.823,53.2662,22.2527,52.4115,2.77778,0.396825,1090.36,177.533,1452.29,0.0,1.0,1.0,1.0,1.0,0.0,0.07783949999999999,44.5498,44.4979,43.927,44.5498,0.129731,13.9364,97.9951,90.5857,89.0996,95.026,0.0,8.04945,51.9508,0.0,0.0,-42.7752,98.5763,95.1803,41.252,316.353,46.9782,283.585,287.825,44.8959,422.635,418.656,415.484,522.003,503.44,603.036,422.162,416.421,528.086,498.429,603.395,412.04,409.323,513.721,513.005,611.077,411.102,410.02,512.933,512.432,613.018,430.677,430.533,533.877,534.354,612.515,431.61300000000006,430.749,533.1619999999998,533.638,611.149,602.245,602.964,21.2332,405.244,1143.92
2020-11-22 07:50:25,96.7949,97.5275,97.2833,98.6264,79.3956,80.6777,80.6777,80.7998,37.5763,36.7827,36.5385,36.7827,15.1099,14.8046,15.7814,15.4762,15.7814,15.1709,14.9878,14.8657,49.2796,20.5617,28.7668,33.1624,94.8962,133.284,96.5568,79.3651,59,59,59,59,58.9438,59.4933,59.2491,59.6764,59,59,59,59,11.4469,11.2027,11.2637,11.3248,10.2259,10.5922,11.0195,11.2027,11.8132,12.4847,12.3016,12.3626,54.4872,56.1355,55.9524,55.5861,26.5873,25.7936,26.0989,26.2821,45.757,59.5543,44.7802,44.7192,32.9365,33.3028,33.4249,33.9744,28.663,28.3578,28.2357,27.9304,44.7192,44.6581,43.9255,44.4139,33.8523,33.9744,33.7912,34.5238,25.6105,25.8547,26.4042,25.9158,44.1697,44.536,44.1087,44.2918,33.2418,33.3639,33.3028,33.1807,26.7705,26.7705,26.2821,30.7998,45.0244,43.6203,44.2918,44.6581,15.6593,14.6825,30.9829,15.4762,15.293,14.5604,38.9194,14.9878,16.0867,15.232,16.453,15.4151,35.3175,35.5006,36.0501,35.6838,97.2222,98.0769,97.2222,98.138,59.9817,59.188,60.1038,59.7375,59,59,59,59,59.6764,59.6764,59.6764,59.3712,5.7081800000000005,0.396825,0.763126,60.348,35.8669,51.5568,29.823,53.2662,22.2527,52.4115,2.77778,0.396825,1091.58,176.952,1449.43,0.0,1.0,1.0,1.0,1.0,0.0,0.07783949999999999,44.5498,44.4979,43.927,44.5498,0.129731,14.6126,96.7306,89.0607,89.0996,95.7133,0.0,8.04945,52.4905,0.0,0.0,-54.495,98.5763,95.1803,41.7553,317.05,46.319,284.119,287.825,44.8959,422.635,418.656,415.484,522.003,503.44,603.036,422.162,416.421,528.229,498.429,603.395,412.04,409.323,513.721,513.005,611.077,411.102,410.02,512.933,512.432,613.018,430.677,430.533,533.877,534.354,612.515,431.61300000000006,430.749,534.211,533.638,611.149,602.245,602.964,21.2332,405.244,1144.44
2020-11-22 07:50:30,96.7949,97.5275,97.2833,98.6264,80.3114,80.6777,80.6777,80.7998,37.5763,37.3932,37.0879,36.7827,15.1099,14.8046,15.7814,15.4762,15.7814,14.6215,14.9878,14.8657,50.2564,20.5617,28.7668,35.3114,95.7753,134.359,95.6777,79.3651,59,59,59,59,58.9438,59.4933,59.2491,59.6764,59,59,59,59,11.4469,11.2027,11.2637,11.3248,10.2259,10.5922,11.0195,11.2027,11.8132,12.4847,12.3016,12.3626,54.4872,56.1355,55.9524,55.5861,26.5873,25.7936,26.0989,26.2821,45.757,59.5543,44.7802,44.7192,32.9365,33.3028,33.4249,33.3639,28.663,28.3578,28.2357,27.9304,44.7192,44.6581,43.9255,44.4139,33.8523,33.9744,33.7912,34.5238,25.6105,25.8547,26.4042,25.9158,44.1697,44.536,44.1087,44.2918,33.2418,33.3639,33.3028,33.1807,26.7705,26.7705,26.2821,30.7998,45.0244,43.6203,44.2918,44.6581,15.6593,14.6825,30.9829,15.4762,15.293,14.5604,38.9194,14.9878,16.0867,15.232,16.453,15.4151,35.3175,35.5006,36.0501,35.6838,97.2222,98.0769,97.2222,98.138,59.9817,59.188,60.1038,59.7375,59,59,59,59,59.6764,59.6764,59.6764,59.3712,5.7081800000000005,0.396825,0.763126,59.3712,35.8669,50.2747,29.823,53.2662,22.2527,52.4115,2.77778,0.396825,1091.5,176.345,1453.63,0.0,1.0,1.0,1.0,1.0,0.0,0.07783949999999999,44.0308,43.927,43.46,44.0827,0.129731,15.3183,96.3988,89.3206,89.7116,95.7133,0.0,8.04945,56.4223,0.0,0.0,-66.4579,98.5763,95.1803,42.2576,317.05,46.3606,283.374,287.825,44.8959,422.635,418.656,415.484,522.003,503.44,603.036,422.162,416.421,528.372,498.429,603.395,412.04,409.323,513.721,513.005,611.077,411.102,410.02,512.933,512.432,613.018,430.677,430.533,533.877,534.354,612.515,431.61300000000006,430.749,534.211,533.638,611.149,602.245,602.964,21.2332,404.186,1144.44
2020-11-22 07:50:35,96.7949,97.5275,97.2833,98.6264,80.3114,80.6777,80.6777,80.7998,37.5763,37.3932,38.1868,37.8205,15.1099,14.8046,15.7814,15.4762,15.7814,14.6215,14.9878,15.4151,51.1355,20.5617,28.7668,35.3114,95.7753,134.359,94.7985,78.486,59,59,59,59,58.9438,59.4933,59.2491,59.6764,59,59,59,59,11.4469,11.2027,11.2637,11.3248,10.2259,11.1416,11.0195,11.2027,11.8132,12.4847,12.3016,12.3626,54.4872,56.1355,55.9524,55.5861,26.5873,25.7936,26.0989,26.2821,45.757,59.5543,44.7802,44.7192,32.9365,33.3028,33.4249,33.3639,28.663,28.3578,28.2357,27.9304,44.7192,44.6581,43.9255,44.4139,33.8523,33.9744,33.2418,34.5238,25.6105,25.8547,26.4042,25.9158,44.1697,44.536,44.1087,44.2918,33.2418,33.3639,33.3028,32.6313,26.7705,26.221,26.2821,30.7998,44.475,43.6203,44.2918,44.6581,15.6593,14.6825,30.9829,15.4762,15.293,14.5604,38.9194,14.9878,16.0867,15.232,16.453,15.4151,35.3175,35.5006,36.0501,35.6838,97.2222,98.0769,97.2222,98.138,59.9817,59.188,60.1038,59.7375,59,59,59,59,59.6764,59.6764,59.6764,59.3712,5.7081800000000005,0.396825,0.763126,59.3712,35.8669,50.2747,27.3199,51.801,22.2527,52.4115,2.77778,0.396825,1090.31,174.263,1454.1,0.0,1.0,1.0,1.0,1.0,0.0,0.07783949999999999,43.5638,43.927,42.993,43.6157,0.129731,15.3183,96.3988,92.2457,88.6065,96.4117,0.0,7.95055,55.6061,0.0,0.0,-81.105,98.5763,95.1803,42.279,318.19,45.7948,282.861,287.825,44.8959,422.635,418.656,415.484,522.003,502.4380000000001,603.036,422.162,416.421,528.587,498.429,604.4,412.04,409.323,513.721,513.005,611.077,411.102,410.02,512.933,512.432,614.072,430.677,430.533,533.877,534.354,612.515,431.61300000000006,430.749,534.211,533.638,611.149,602.245,602.964,21.4042,404.715,1144.44
2020-11-22 07:50:40,96.7949,97.5275,97.2833,98.6264,80.3114,80.6777,81.2271,80.7998,37.5763,37.3932,38.1868,38.37,15.1099,14.8046,15.7814,15.4762,15.7814,14.6215,14.9878,15.4151,51.1355,20.5617,27.5946,35.3114,95.7753,132.991,94.7985,78.486,59,59,59,59,58.9438,59.4933,59.2491,59.6764,59,59,59,59,11.4469,11.2027,11.2637,11.3248,10.7753,10.7753,11.0195,11.2027,11.8132,12.4847,11.7521,12.3626,54.4872,56.1355,55.9524,55.5861,26.5873,25.7936,26.0989,26.2821,45.757,59.5543,44.7802,44.7192,32.9365,33.3028,33.4249,32.6923,28.663,28.3578,28.2357,27.9304,44.7192,44.6581,43.9255,44.4139,33.8523,33.9744,33.8523,34.5238,25.6105,25.8547,26.4042,25.9158,44.1697,44.536,44.1087,44.2918,33.2418,33.3639,33.3028,32.6313,26.7705,26.8315,26.2821,30.7998,44.475,43.6203,44.2918,44.6581,15.6593,14.6825,30.9829,15.4762,15.293,14.5604,38.9194,14.9878,16.0867,15.232,16.453,15.4151,35.3175,35.5006,36.0501,35.6838,97.2222,98.0769,97.2222,98.138,59.9817,59.188,60.1038,59.7375,59,59,59,59,59.6764,59.6764,59.6764,59.3712,5.7081800000000005,0.396825,0.763126,57.7839,35.8669,49.359,27.3199,51.801,22.2527,51.2515,2.77778,0.396825,1080.7,171.79,1450.4,0.0,1.0,1.0,1.0,1.0,0.0,0.07783949999999999,43.0449,42.7854,42.4222,42.6297,0.129731,15.3183,96.3988,89.2046,88.9572,95.3902,0.0,8.04945,52.0446,0.0,0.0,-90.5988,98.5763,95.1803,42.279,317.442,45.7948,282.861,287.825,44.8959,422.635,418.656,415.484,523.005,502.4380000000001,603.036,422.162,416.421,528.873,498.429,604.4,412.04,409.323,513.721,513.005,611.077,411.102,410.02,512.933,512.432,614.072,430.677,430.533,534.927,534.354,612.515,431.61300000000006,430.749,534.211,533.638,611.149,602.245,603.969,21.4042,404.715,1144.3
2020-11-22 07:50:45,96.7949,97.5275,97.2833,98.6264,80.3114,80.6777,81.2271,80.7998,37.5763,37.3932,38.1868,38.37,15.1099,14.8046,15.7814,15.4762,15.7814,14.6215,14.9878,15.4151,52.0146,19.6825,27.5946,35.3114,96.6544,132.991,94.7985,78.486,59,59,59,59,58.9438,59.4933,59.2491,59.6764,59,59,59,59,11.4469,11.2027,11.2637,11.3248,10.7753,10.7753,11.0195,11.2027,11.8132,12.4847,12.3626,12.3626,54.4872,56.1355,55.4029,55.5861,26.5873,25.7936,26.0989,26.2821,45.757,59.5543,44.2308,44.7192,32.9365,33.3028,33.4249,32.6923,28.663,28.3578,28.2357,27.9304,44.7192,44.6581,43.9255,44.4139,33.8523,33.9744,33.8523,34.5238,25.6105,25.8547,26.4042,25.9158,44.1697,44.536,44.1087,44.2918,33.2418,33.3639,33.3028,32.6313,26.7705,26.8315,26.2821,30.7998,44.475,43.6203,44.2918,44.6581,15.6593,14.6825,30.9829,15.4762,15.293,15.1099,38.9194,14.9878,16.0867,15.232,16.453,15.4151,35.3175,35.5006,36.0501,35.6838,97.2222,98.0769,97.2222,98.138,59.9817,59.188,60.1038,59.7375,59,59,59,59,59.6764,59.6764,59.6764,59.3712,5.7081800000000005,0.396825,0.763126,57.7839,35.8669,49.359,27.3199,51.801,22.2527,51.2515,2.77778,0.396825,1074.64,170.535,1451.43,0.0,1.0,1.0,1.0,1.0,0.0,0.07783949999999999,42.5778,42.7854,41.9551,42.6297,0.129731,15.3183,94.9562,87.3078,89.0587,95.3902,0.0,8.04945,53.212,0.0,0.0,-78.5752,98.5763,95.1803,42.279,316.741,46.7499,284.6740000000001,287.825,44.8959,422.635,418.656,415.484,523.005,502.4380000000001,603.036,422.162,416.421,529.016,498.429,604.4,412.04,409.323,513.721,513.005,611.077,411.102,410.02,512.933,512.432,614.072,430.677,430.533,534.927,534.354,612.515,431.61300000000006,430.749,534.211,533.638,611.149,603.251,603.969,21.4042,404.186,1142.78
2020-11-22 07:50:50,96.7949,97.5275,97.2833,98.6264,80.3114,80.6777,81.2271,80.7998,37.5763,37.3932,38.1868,38.37,15.1099,14.8046,15.7814,15.4762,15.7814,14.6215,14.9878,15.4151,52.0146,19.6825,27.5946,35.3114,94.2124,132.991,94.7985,78.486,59,59,59,59,58.9438,59.4933,59.2491,59.6764,59,59,59,59,11.4469,11.2027,11.2637,11.3248,11.4469,10.7753,11.0195,11.2027,11.8132,12.4847,12.3626,12.3626,54.4872,56.1355,55.4029,55.5861,26.5873,25.7936,26.0989,26.2821,45.2076,59.5543,44.2308,44.7192,32.9365,33.3028,33.4249,32.0818,28.663,28.3578,28.2357,27.9304,44.7192,44.0476,43.9255,44.4139,33.8523,33.9744,33.8523,34.5238,25.6105,25.8547,26.4042,25.9158,44.1697,44.536,44.1087,44.2918,33.2418,33.3639,33.3028,32.6313,26.7705,25.8547,26.2821,30.7998,44.475,43.6203,44.2918,44.5971,15.6593,14.6825,30.9829,15.4762,15.293,15.1099,38.9194,14.9878,16.0867,15.232,16.453,15.4151,35.3175,35.5006,36.0501,35.6838,97.2222,98.0769,97.2222,98.138,59.9817,59.188,60.1038,59.7375,59,59,59,59,59.6764,59.6764,59.6764,59.3712,5.7081800000000005,0.396825,0.763126,57.7839,35.8669,49.359,27.3199,51.801,22.2527,51.2515,2.77778,0.396825,1074.65,169.937,1452.67,0.0,1.0,1.0,1.0,1.0,0.0,0.07783949999999999,42.5778,42.7854,41.9551,42.6297,0.129731,15.3183,96.5113,88.5904,91.4625,95.3898,0.0,8.04945,56.6369,0.0,0.0,-85.4563,98.5763,95.1803,41.5756,315.968,48.4356,288.051,287.825,44.8959,422.635,418.656,416.541,523.005,502.4380000000001,603.036,422.162,416.421,529.303,498.429,604.4,412.04,409.323,513.721,513.005,611.077,411.102,410.02,512.933,512.432,614.072,430.677,430.533,534.927,534.354,612.515,431.61300000000006,430.749,534.211,533.638,611.149,603.251,603.969,21.4042,403.657,1140.4
2020-11-22 07:50:55,96.7949,97.5275,97.2833,98.6264,80.3114,80.6777,81.2271,80.7998,38.1258,38.0647,38.1868,38.37,15.1099,14.8046,15.7814,15.4762,15.7814,14.6215,14.9878,15.4151,50.9402,19.6825,27.5946,35.3114,93.3333,132.991,94.7985,77.6068,59,59,59,59,58.9438,59.4933,59.2491,59.6764,59,59,59,59,11.4469,11.2027,11.2637,11.3248,11.4469,10.7753,11.0195,11.2027,11.8132,12.4847,12.3626,12.3626,54.4872,56.1355,55.4029,55.5861,26.5873,25.7936,26.0989,26.2821,45.2076,59.5543,44.2308,43.9866,32.9365,33.3028,32.8755,31.4713,28.663,28.3578,28.2357,27.9304,44.1697,44.0476,43.9255,44.4139,33.8523,33.9744,33.8523,34.5238,25.6105,25.8547,26.4042,25.9158,44.1697,43.9866,43.4982,43.0708,33.2418,33.3639,33.3028,32.6313,26.16,26.4652,26.2821,30.7998,43.8645,43.6203,43.7424,43.8034,15.6593,14.6825,30.9829,15.4762,15.293,15.1099,38.9194,14.9878,16.0867,15.232,16.453,15.4151,35.3175,35.5006,36.0501,35.6838,97.2222,98.0769,97.2222,98.138,59.9817,59.188,60.1038,59.7375,59,59,59,59,59.6764,59.6764,59.6764,59.3712,5.7081800000000005,0.396825,0.763126,57.7839,35.8669,49.359,27.3199,51.801,22.2527,51.2515,2.77778,0.396825,1072.2,169.36700000000005,1454.14,0.0,1.0,1.0,1.0,1.0,0.0,0.07783949999999999,42.5778,42.3184,41.9551,42.6297,0.129731,15.3183,97.5063,89.3518,90.1065,95.2012,0.0,8.04945,57.3379,0.0,0.0,-85.8215,98.5763,95.1803,42.3002,315.395,49.2148,291.508,287.825,44.8959,422.635,418.656,416.541,523.005,502.4380000000001,603.036,422.162,416.421,529.446,498.429,604.4,412.04,409.323,513.721,513.005,612.131,411.102,410.02,512.933,512.432,614.072,430.677,430.533,534.927,534.354,612.515,431.61300000000006,430.749,534.211,533.638,611.149,603.251,603.969,21.4042,403.129,1139.06
2020-11-22 07:51:00,96.7949,97.5275,97.2833,98.6264,80.3114,80.6777,81.2271,80.7998,38.1258,38.0647,38.1868,38.37,15.1099,14.8046,15.7814,14.9267,15.7814,14.6215,14.9878,15.4151,50.9402,20.5617,27.5946,34.2369,93.3333,133.089,94.7985,76.7277,59,59,59,59,58.9438,59.4933,59.2491,59.6764,59,59,59,59,11.4469,11.2027,11.2637,11.3248,11.4469,10.7753,11.0195,11.2027,11.8132,12.4847,12.3626,12.3626,54.4872,56.1355,55.4029,55.5861,26.5873,25.7936,26.0989,26.2821,45.2076,59.5543,44.2308,43.9866,32.9365,33.3028,32.8755,30.9219,28.663,28.3578,28.2357,27.9304,44.1697,44.0476,43.3761,43.1319,33.8523,33.9744,33.8523,34.5238,25.6105,25.8547,26.4042,25.9158,44.1697,43.9866,43.4982,43.6203,33.2418,33.3639,33.3028,32.6313,26.16,26.4652,26.2821,30.7998,43.8645,43.6203,43.7424,43.8034,15.6593,14.6825,30.9829,15.4762,15.293,15.1099,38.9194,14.9878,16.0867,15.232,16.453,15.4151,35.3175,35.5006,36.0501,35.6838,97.2222,98.0769,97.2222,98.138,59.9817,59.188,60.1038,59.7375,59,59,59,59,59.6764,59.6764,59.6764,59.3712,5.7081800000000005,0.396825,0.763126,57.7839,35.8669,49.359,27.3199,51.801,22.2527,51.2515,2.77778,0.396825,1066.1,168.31,1453.17,0.0,1.0,1.0,1.0,1.0,0.0,0.07783949999999999,42.1108,42.3184,41.4881,42.1108,0.129731,14.6862,97.5011,88.8704,88.37799999999999,95.2012,0.0,8.04945,55.1496,0.0,0.0,-88.0205,98.5763,95.1803,44.0295,316.888,47.9949,293.409,287.825,44.8959,422.635,418.656,416.541,523.005,502.4380000000001,603.036,422.162,416.421,529.589,498.429,604.4,412.04,409.323,513.721,513.005,612.131,411.102,410.02,512.933,512.432,614.072,430.677,430.533,534.927,534.354,612.515,431.61300000000006,430.749,534.211,533.638,611.149,603.251,603.969,21.4042,402.071,1136.76
2020-11-22 07:51:05,96.7949,97.5275,97.2833,98.6264,80.3114,80.6777,81.2271,80.7998,38.6752,38.0647,38.1868,38.37,15.1099,14.8046,15.7814,15.5372,15.7814,15.1709,14.9878,15.4151,50.0611,20.5617,27.5946,34.3346,94.3101,133.089,94.7985,76.7277,59,59,59,59,58.9438,59.4933,59.2491,59.6764,59,59,59,59,11.4469,11.2027,11.2637,11.3248,11.4469,10.7753,11.0195,11.2027,11.8132,12.4847,12.3626,12.3626,54.4872,56.1355,55.4029,55.5861,26.5873,25.7936,26.0989,26.2821,44.5971,59.5543,44.2308,43.9866,32.9365,33.3028,32.8755,30.9219,27.9304,28.3578,28.2357,27.9304,44.1697,44.0476,43.3761,43.1319,33.8523,33.9744,33.8523,34.5238,25.6105,25.8547,26.4042,25.9158,42.7656,43.9866,43.4982,43.6203,33.2418,33.3639,33.3028,32.6313,26.16,25.7326,26.2821,30.2503,43.8645,43.6203,43.7424,43.8034,15.6593,14.6825,30.9829,15.4762,15.293,15.1099,38.9194,14.9878,16.0867,15.232,16.453,15.4151,35.3175,35.5006,36.0501,35.6838,97.2222,98.0769,97.2222,98.138,59.9817,59.188,60.1038,59.7375,59,59,59,59,59.6764,59.6764,59.6764,59.3712,5.7081800000000005,0.396825,0.763126,57.7839,37.7595,49.359,27.3199,51.801,22.2527,51.2515,2.77778,0.396825,1063.68,167.74400000000003,1448.26,0.0,1.0,1.0,1.0,1.0,0.0,0.07783949999999999,42.1108,41.8513,41.4881,42.1108,0.129731,14.6862,97.5011,87.7355,90.7783,96.348,0.0,7.95055,58.2264,0.0,0.0,-110.16,98.5763,95.1803,46.2007,319.5540000000001,47.344,291.798,287.825,44.8959,422.635,419.712,416.541,523.005,502.4380000000001,604.0409999999998,422.162,416.421,529.732,498.429,604.4,412.04,409.323,513.721,513.005,612.131,411.102,410.02,512.933,512.432,614.072,430.677,430.533,534.927,534.354,612.515,431.61300000000006,430.749,534.211,533.638,611.149,603.251,603.969,21.4042,401.543,1134.16
2020-11-22 07:51:10,96.7949,97.5275,97.2833,98.6264,80.3114,80.6777,81.2271,80.7998,39.2247,38.0647,38.1868,38.37,15.1099,14.8046,15.7814,15.5372,15.7814,15.1709,14.9878,15.4151,50.0611,21.5385,27.5946,34.3346,94.3101,133.089,94.7985,76.7277,59,59,59,59,58.9438,59.4933,59.2491,59.6764,59,59,59,59,11.4469,11.2027,11.2637,11.3248,11.4469,10.7753,11.0195,11.2027,11.8132,12.4847,12.3626,12.3626,54.4872,56.1355,55.4029,55.5861,26.5873,25.7936,26.0989,26.2821,44.5971,59.5543,43.6813,43.9866,32.9365,33.3028,32.8755,30.3724,27.9304,28.3578,28.2357,27.9304,44.1697,44.0476,43.3761,43.1319,33.8523,33.9744,33.8523,34.5238,25.6105,25.8547,26.4042,25.9158,42.7656,43.4371,42.9487,43.6203,33.2418,33.3639,33.3028,32.6313,26.16,26.4042,26.2821,30.2503,43.8645,43.6203,43.7424,43.8034,15.6593,14.6825,30.9829,15.4762,15.293,15.1099,38.9194,14.9878,16.0867,15.232,16.453,15.4151,35.3175,35.5006,36.0501,35.6838,97.2222,98.0769,97.2222,98.138,59.9817,59.188,60.1038,59.7375,59,59,59,59,59.6764,59.6764,59.6764,59.3712,5.7081800000000005,0.396825,0.763126,57.7839,37.7595,49.359,27.3199,50.64100000000001,22.2527,51.2515,2.77778,0.396825,1058.76,166.43099999999995,1453.07,0.0,1.0,1.0,1.0,1.0,0.0,0.07783949999999999,42.1108,41.8513,41.0211,41.6438,0.129731,15.3183,96.4389,88.8382,89.8111,95.786,0.0,7.95055,55.5119,0.0,0.0,-96.5737,98.5763,95.1803,46.7957,319.5540000000001,47.344,288.111,287.825,44.8959,422.635,419.712,416.541,523.005,501.436,604.0409999999998,422.162,416.421,529.875,498.429,604.4,412.04,409.323,513.721,513.005,612.131,411.102,410.02,512.933,512.432,614.072,430.677,430.533,534.927,534.354,612.515,431.61300000000006,430.749,534.211,533.638,611.149,603.251,603.969,21.4042,400.485,1132.37
2020-11-22 07:51:15,96.7949,97.5275,97.2833,98.6264,80.3114,80.6777,81.2271,80.7998,39.2247,38.7973,38.1868,38.37,15.1099,14.8046,15.7814,15.5372,15.7814,15.1709,14.9878,15.4151,50.0611,21.5385,28.4737,34.3346,97.4359,133.089,96.8498,77.7045,59,59,59,59,58.9438,59.4933,59.2491,59.6764,59,59,59,59,11.4469,11.2027,11.2637,11.3248,11.4469,10.7753,11.0195,11.2027,11.8132,12.4847,12.3626,12.3626,54.4872,56.1355,55.4029,55.5861,26.5873,25.7936,26.0989,26.2821,44.5971,58.1502,43.6813,43.254,32.9365,33.3028,32.8755,32.6313,27.9304,28.3578,28.2357,27.9304,42.7656,43.4982,43.3761,43.1319,33.8523,33.9744,33.8523,34.5238,25.6105,25.8547,26.4042,25.9158,42.7656,43.4371,42.9487,42.8266,33.2418,33.3639,32.5092,32.6313,26.16,26.4042,26.2821,30.2503,43.8645,43.6203,42.8877,43.4982,15.6593,14.6825,30.9829,15.4762,15.293,15.1099,38.9194,14.9878,16.0867,15.232,16.453,15.4151,35.3175,35.5006,36.0501,35.6838,97.2222,98.0769,97.2222,98.138,59.9817,59.188,60.1038,59.7375,59,59,59,59,59.6764,59.6764,59.6764,59.3712,5.7081800000000005,0.396825,0.763126,57.7839,37.7595,49.359,27.3199,50.64100000000001,22.2527,50.1526,2.77778,0.396825,1057.58,165.342,1448.17,0.0,1.0,1.0,1.0,1.0,0.0,0.07783949999999999,41.5919,41.3843,41.0211,41.6438,0.129731,15.3183,95.571,91.5578,89.5111,95.983,0.0,7.95055,56.5602,0.0,0.0,-101.897,98.5763,95.1803,47.3829,318.973,47.344,284.726,287.825,44.8959,422.635,419.712,416.541,523.005,501.436,604.0409999999998,422.162,416.421,530.1619999999998,498.429,604.4,412.04,409.323,513.721,513.005,612.131,411.102,410.02,512.933,512.432,614.072,430.677,430.533,534.927,534.354,612.515,431.61300000000006,430.749,534.211,533.638,611.149,603.251,603.969,21.4042,399.957,1129.99
2020-11-22 07:51:20,96.7949,97.5275,97.2833,98.6264,80.3114,80.6777,81.2271,80.7998,39.2247,38.7973,39.1636,38.37,15.1099,14.8046,15.7814,15.5372,15.7814,15.1709,14.9878,15.4151,52.1123,20.6593,28.4737,34.3346,97.4359,133.089,95.873,77.7045,59,59,59,59,58.9438,59.4933,59.2491,59.6764,59,59,59,59,11.4469,11.2027,11.2637,11.3248,11.4469,10.7753,11.0195,11.2027,11.8132,12.4847,11.8132,12.3626,54.4872,56.1355,55.9524,55.5861,25.6105,25.2442,26.0989,26.2821,43.9866,58.1502,43.6813,43.254,32.9365,33.3028,32.8755,32.6313,27.9304,27.8083,28.2357,27.9304,42.7656,43.4982,42.5824,42.5824,33.8523,33.9744,33.8523,33.9744,25.6105,25.0611,26.4042,25.9158,42.7656,42.8877,42.3382,42.8266,33.2418,33.3639,33.1807,32.6313,26.16,25.3053,26.2821,30.2503,43.315,43.6203,42.8877,43.4982,15.6593,14.6825,30.9829,15.4762,15.293,15.1099,38.9194,14.9878,16.0867,15.232,16.453,15.4151,35.3175,35.5006,36.0501,35.6838,97.2222,98.0769,97.2222,98.138,59.9817,59.188,60.1038,59.7375,59,59,59,59,59.6764,59.6764,59.6764,59.3712,5.7081800000000005,0.396825,0.763126,57.7839,37.7595,49.359,27.3199,51.6789,22.2527,50.1526,2.77778,0.396825,1053.85,164.83900000000003,1449.96,0.0,1.0,1.0,1.0,1.0,0.0,0.07783949999999999,41.5919,41.3843,41.0211,41.1767,0.129731,15.3183,96.589,91.8306,89.7687,95.2806,0.0,7.95055,54.8609,0.0,0.0,-87.6684,98.5763,95.1803,47.3829,318.351,46.0102,282.91,287.825,44.8959,422.635,419.712,416.541,523.005,501.436,604.0409999999998,423.17,416.421,530.305,498.429,604.4,412.04,409.323,513.721,513.005,612.131,411.102,410.02,512.933,512.432,614.072,430.677,430.533,534.927,534.354,612.515,431.61300000000006,430.749,534.211,533.638,611.149,603.251,603.969,21.4042,399.42800000000005,1127.62
2020-11-22 07:51:25,96.7949,97.5275,97.2833,98.6264,80.3114,80.6777,81.2271,80.7998,39.2247,38.7973,39.1636,38.37,15.1099,14.8046,15.7814,15.5372,15.7814,15.1709,14.9878,15.4151,52.1123,20.6593,28.4737,34.3346,98.4127,132.894,94.7985,77.7045,59,59,59,59,58.9438,59.4933,59.2491,59.6764,59,59,59,59,11.4469,11.2027,11.2637,11.3248,11.4469,10.7753,11.0195,11.2027,11.8132,12.4847,12.4237,12.3626,54.4872,56.1355,55.9524,55.5861,25.6105,25.2442,25.4884,26.2821,43.9866,58.1502,43.6813,43.254,32.9365,33.3028,32.8755,32.6313,27.9304,27.8083,28.2357,27.9304,42.7656,43.4982,42.5824,42.5824,33.8523,33.9744,33.8523,33.9744,25.6105,25.0611,26.4042,25.9158,42.7656,42.8877,42.3382,42.8266,33.2418,33.3639,33.1807,32.0818,25.3053,26.0379,26.2821,30.2503,43.315,43.6203,42.8877,43.4982,15.6593,14.6825,30.9829,15.4762,15.293,15.1099,38.9194,14.9878,16.0867,15.232,16.453,15.4151,35.3175,35.5006,36.0501,35.6838,97.2222,98.0769,97.2222,98.138,59.9817,59.188,60.1038,59.7375,59,59,59,59,59.6764,59.6764,59.6764,59.3712,5.7081800000000005,0.396825,0.763126,58.8828,37.7595,49.9695,29.3346,51.6789,24.2674,51.4957,2.77778,0.396825,1057.55,167.146,1440.56,0.0,1.0,1.0,1.0,1.0,0.0,0.07783949999999999,42.8373,42.3703,42.0589,42.5778,0.129731,14.6273,97.2356,86.8248,88.8027,95.2806,0.0,7.95055,54.3985,0.0,0.0,-52.6146,98.5763,95.1803,48.0465,317.156,47.2479,281.355,287.825,44.8959,422.635,419.712,416.541,523.005,501.436,604.0409999999998,423.17,416.421,530.305,498.429,604.4,412.04,409.323,513.721,513.005,612.131,411.102,410.02,512.933,512.432,614.072,430.677,430.533,534.927,534.354,612.515,431.61300000000006,430.749,534.211,533.638,611.149,603.251,603.969,21.4042,399.42800000000005,1124.69
2020-11-22 07:51:30,96.7949,97.5275,97.2833,98.6264,80.3114,80.6777,81.2271,80.7998,39.2247,38.7973,39.1636,38.37,15.1099,14.8046,15.7814,15.5372,15.7814,15.1709,14.9878,15.4151,51.2332,20.6593,27.4969,34.3346,97.5336,132.015,93.6264,77.7045,59,59,59,59,58.9438,59.4933,59.2491,59.6764,59,59,59,59,11.4469,11.2027,11.2637,11.3248,11.4469,10.7753,11.0195,11.2027,11.8132,12.4847,12.4237,12.3626,54.4872,56.1355,55.9524,55.5861,25.6105,25.2442,25.4884,25.7326,43.9866,58.1502,43.1319,43.254,32.9365,33.3028,32.8755,32.6313,27.9304,27.8083,28.2357,27.9304,42.7656,43.4982,42.5824,42.5824,33.8523,33.9744,33.8523,33.9744,25.6105,25.0611,25.7326,25.9158,42.2161,42.8877,42.3382,42.8266,33.2418,33.3639,33.1807,32.0818,25.3053,26.0379,26.2821,30.2503,43.315,43.6203,42.1551,43.4982,15.6593,14.6825,30.9829,15.4762,15.293,15.1099,38.9194,14.9878,16.0867,15.232,16.453,15.4151,35.3175,35.5006,36.0501,35.6838,97.2222,98.0769,97.2222,98.138,59.9817,59.188,60.1038,59.7375,59,59,59,59,59.6764,59.6764,59.6764,59.3712,5.7081800000000005,0.396825,0.763126,59.7985,39.2247,50.8852,29.3346,52.6557,24.2674,52.5946,2.77778,0.396825,1064.93,172.06900000000005,1444.3,0.0,1.0,1.0,1.0,1.0,0.0,0.07783949999999999,43.7714,43.5119,43.1487,43.6157,0.129731,13.9658,96.9002,91.2468,87.8612,96.2226,0.0,7.95055,56.5184,0.0,0.0,-53.1804,98.5763,95.1803,48.0465,315.701,47.9949,280.576,287.825,45.9534,422.635,419.712,416.541,523.005,501.436,604.0409999999998,423.17,416.421,530.305,498.429,604.4,412.04,409.323,513.721,513.005,612.131,411.102,410.02,512.933,512.432,614.072,430.677,430.533,534.927,534.354,612.515,431.61300000000006,430.749,534.211,533.638,611.149,603.251,603.969,21.4042,398.899,1123.48
2020-11-22 07:51:35,96.7949,97.5275,97.2833,98.6264,80.3114,80.6777,81.2271,80.7998,39.2247,38.7973,38.431,38.37,15.1099,14.8046,15.7814,15.5372,15.7814,14.6215,14.9878,15.4151,52.21,20.6593,27.4969,35.2137,96.6544,130.94,94.5055,76.8254,59,59,59,59,58.9438,59.4933,59.2491,59.6764,59,59,59,59,11.4469,11.2027,11.2637,11.3248,11.4469,10.7753,11.0195,11.2027,11.8132,12.4847,12.4237,12.3626,54.4872,56.1355,55.9524,55.5861,25.6105,25.2442,25.4884,25.7326,43.9866,58.1502,43.1319,43.254,32.9365,33.3028,32.8755,32.6313,27.9304,27.8083,28.2357,27.9304,42.7656,43.4982,42.5824,42.5824,33.8523,33.9744,33.8523,33.9744,25.0611,25.0611,25.7326,25.9158,42.2161,42.8877,42.3382,42.8266,33.2418,33.3639,33.1807,32.0818,25.3053,24.9389,26.2821,30.2503,43.315,43.6203,42.1551,43.4982,15.6593,14.6825,30.9829,15.4762,15.293,15.1099,38.9194,14.9878,16.0867,15.232,16.453,15.4151,35.3175,35.5006,36.0501,35.6838,97.2222,98.0769,97.2222,98.138,59.9817,59.188,60.1038,59.7375,59,59,59,59,59.6764,59.6764,59.6764,59.3712,5.7081800000000005,0.396825,0.763126,59.7985,39.2247,50.8852,31.105,52.6557,24.2674,52.5946,2.77778,0.396825,1072.29,174.671,1446.1,0.0,1.0,1.0,1.0,1.0,0.0,0.07783949999999999,43.7714,43.5119,43.1487,43.6157,0.129731,13.9658,97.2154,88.8893,88.62,96.2226,0.0,7.95055,57.7889,0.0,0.0,-25.0661,98.5763,95.1803,49.3794,311.559,50.6566,279.541,287.825,45.9534,422.635,419.712,416.541,524.007,501.436,604.0409999999998,423.17,416.421,530.305,498.429,604.4,412.04,409.323,513.721,513.005,612.131,411.102,410.02,512.933,512.432,614.072,430.677,430.533,534.927,534.354,612.515,431.61300000000006,430.749,534.211,533.638,611.149,603.251,603.969,21.4042,399.42800000000005,1123.48
2020-11-22 07:51:40,96.7949,97.5275,97.2833,98.6264,80.3114,80.6777,81.2271,80.7998,37.8816,37.5153,37.8205,38.37,15.1099,14.8046,15.7814,15.5372,15.7814,14.6215,14.9878,15.4151,52.21,20.6593,26.6178,35.2137,96.6544,130.94,95.4823,75.9463,59,59,59,59,58.9438,59.4933,59.2491,59.6764,59,59,59,59,11.4469,11.2027,11.2637,11.3248,11.4469,10.7753,11.0195,11.2027,11.8132,12.4847,12.4237,12.3626,54.4872,56.1355,55.9524,55.5861,25.6105,25.2442,24.9389,25.7326,43.9866,58.1502,43.1319,43.254,32.9365,33.3028,32.8755,32.6313,27.9304,27.8083,28.2357,27.9304,42.7656,43.4982,42.5824,42.5824,33.8523,33.9744,33.8523,33.9744,25.0611,25.0611,25.7326,25.9158,42.2161,42.8877,42.3382,42.8266,33.2418,33.3639,33.1807,32.0818,25.3053,25.7326,26.2821,30.2503,43.315,43.6203,43.0098,43.4982,15.6593,14.6825,30.9829,15.4762,15.293,15.1099,38.9194,14.9878,16.0867,15.232,16.453,15.4151,35.3175,35.5006,36.0501,35.6838,97.2222,98.0769,97.2222,98.138,59.9817,59.188,60.1038,59.7375,59,59,59,59,59.6764,59.6764,59.6764,59.3712,5.7081800000000005,0.396825,0.763126,59.7985,39.2247,50.8852,31.105,53.9377,24.2674,52.5946,2.77778,0.396825,1075.85,174.671,1441.65,0.0,1.0,1.0,1.0,1.0,0.0,0.07783949999999999,43.7714,43.5119,43.1487,43.6157,0.129731,13.9658,97.1612,87.9511,89.1956,96.9883,0.0,7.95055,58.5407,0.0,0.0,-25.0946,98.5763,95.1803,49.9176,307.9790000000001,52.9404,276.191,287.825,45.9534,422.635,419.712,417.55,524.007,501.436,604.0409999999998,423.17,416.421,530.305,498.429,604.4,412.04,409.323,513.721,513.005,612.131,411.102,410.02,512.933,512.432,614.072,430.677,430.533,534.927,534.354,612.515,431.61300000000006,430.749,534.211,533.638,611.149,603.251,603.969,21.4042,399.42800000000005,1124.09
2020-11-22 07:51:45,96.7949,97.5275,97.2833,98.6264,80.3114,80.6777,81.2271,80.7998,37.8816,37.5153,37.0879,37.5763,15.1099,14.8046,15.7814,15.5372,15.7814,14.6215,14.9878,15.4151,53.0891,19.6825,25.641,35.2137,96.6544,132.112,95.4823,75.9463,59,59,59,59,58.9438,59.4933,59.2491,59.6764,59,59,59,59,11.4469,11.2027,11.2637,11.3248,11.4469,10.7753,11.0195,11.2027,11.8132,12.4847,12.4237,11.8132,54.4872,56.1355,55.9524,55.5861,25.6105,25.2442,25.4884,25.7326,43.9866,58.1502,43.1319,43.254,32.9365,33.3028,32.8755,32.6313,27.9304,27.8083,28.2357,27.9304,42.7656,43.4982,42.5824,42.5824,33.8523,33.9744,33.8523,33.9744,25.0611,25.0611,25.7326,25.9158,42.2161,42.8877,42.3382,42.8266,33.2418,33.3639,33.1807,32.0818,25.8547,26.2821,26.2821,30.2503,43.315,43.6203,43.0098,43.4982,15.6593,14.6825,30.9829,15.4762,15.293,15.1099,38.9194,14.9878,16.0867,15.232,16.453,15.4151,35.3175,35.5006,36.0501,35.6838,97.2222,98.0769,97.2222,98.138,59.9817,59.188,60.1038,59.7375,59,59,59,59,59.6764,59.6764,59.6764,59.3712,5.7081800000000005,0.396825,0.763126,59.7985,39.2247,50.8852,31.105,53.9377,24.2674,52.5946,2.77778,0.396825,1080.72,174.671,1440.53,0.0,1.0,1.0,1.0,1.0,0.0,0.07783949999999999,43.7714,43.5119,43.1487,43.6157,0.129731,13.9658,95.7885,88.2606,88.82,96.9883,0.0,7.95055,58.4542,0.0,0.0,-12.8094,98.5763,95.1803,50.6754,306.86,53.5141,273.63,287.825,45.9534,422.635,419.712,417.55,524.007,500.434,604.0409999999998,423.17,416.421,530.305,498.429,604.4,412.04,409.323,513.721,513.005,612.131,411.102,410.02,513.9590000000002,512.432,614.072,430.677,430.533,534.927,534.354,612.515,431.61300000000006,430.749,534.211,533.638,611.149,603.251,603.969,21.4042,398.899,1126.27
2020-11-22 07:51:50,96.7949,97.5275,97.2833,98.6264,80.3114,80.6777,81.2271,80.7998,37.149,36.5995,37.0879,37.5763,15.1099,14.8046,15.7814,14.9878,15.7814,14.6215,14.9878,15.4151,53.0891,19.6825,24.7619,34.3346,96.6544,130.94,95.58,77.7045,59,59,59,59,58.9438,59.4933,59.2491,59.6764,59,59,59,59,11.4469,11.2027,11.2637,11.3248,11.4469,10.7753,11.0195,11.2027,11.8132,12.4847,12.4237,11.8132,54.4872,56.1355,55.9524,55.5861,25.6105,25.2442,25.4884,25.7326,43.9866,58.1502,43.1319,43.254,32.9365,33.3028,32.8755,32.6313,27.9304,27.8083,28.2357,27.9304,42.7656,43.4982,42.5824,43.315,33.8523,33.9744,33.8523,33.9744,25.0611,25.0611,25.7326,25.9158,43.0708,42.8877,42.3382,42.8266,33.2418,33.3639,33.1807,32.0818,25.8547,26.2821,26.2821,30.2503,43.315,43.6203,43.0098,43.4982,15.6593,14.6825,30.9829,15.4762,15.293,15.1099,38.9194,14.9878,16.0867,15.232,16.453,15.4151,35.3175,35.5006,36.0501,35.6838,97.2222,98.0769,97.2222,98.138,59.9817,59.188,60.1038,59.7375,59,59,59,59,59.6764,59.6764,59.6764,59.3712,5.7081800000000005,0.396825,0.763126,59.7985,39.2247,50.8852,31.105,53.9377,24.2674,52.5946,2.77778,0.396825,1085.65,174.671,1437.32,0.0,1.0,1.0,1.0,1.0,0.0,0.07783949999999999,43.7714,43.5119,43.1487,43.6157,0.129731,13.9658,95.7885,90.2738,89.0107,94.7996,0.0,7.95055,58.5852,0.0,0.0,-14.4468,98.5763,95.1803,50.6754,306.273,52.2418,272.356,287.825,45.9534,422.635,420.721,417.55,524.007,500.434,604.0409999999998,423.17,416.421,530.1619999999998,498.429,604.4,412.04,409.323,513.721,513.005,612.131,411.102,410.02,513.9590000000002,512.432,614.072,430.677,430.533,534.927,534.354,612.515,431.61300000000006,430.749,534.211,533.638,611.149,603.251,603.969,21.4042,399.957,1127.84
2020-11-22 07:51:55,96.7949,97.5275,97.2833,98.6264,80.3114,80.6777,81.2271,80.7998,35.8059,36.5995,36.2332,36.9048,15.1099,14.8046,15.7814,15.7204,15.7814,14.6215,14.9878,15.4151,53.0891,20.6593,24.7619,34.3346,96.5568,132.015,95.58,77.7045,59,59,59,59,58.9438,59.4933,59.2491,59.6764,59,59,59,59,11.4469,11.2027,11.2637,11.3248,10.8974,10.7753,11.0195,11.2027,11.8132,12.4847,12.4237,11.8132,54.4872,56.1355,55.9524,55.5861,25.6105,25.2442,25.4884,25.7326,43.9866,58.1502,43.1319,43.8034,32.9365,33.3028,32.326,32.6313,27.9304,27.8083,28.2357,27.9304,42.7656,43.4982,42.5824,43.315,33.8523,33.9744,33.8523,33.9744,25.0611,25.0611,25.7326,25.9158,43.0708,42.8877,42.3382,42.8266,33.2418,33.3639,33.1807,32.0818,25.8547,25.3663,26.2821,30.2503,43.315,43.6203,43.0098,43.4982,15.6593,14.6825,30.9829,15.4762,15.293,15.1099,38.9194,14.9878,16.0867,15.232,16.453,15.4151,35.3175,35.5006,36.0501,35.6838,97.2222,98.0769,97.2222,98.138,59.9817,59.188,60.1038,59.7375,59,59,59,59,59.6764,59.6764,59.6764,59.3712,5.7081800000000005,0.396825,0.763126,59.7985,39.2247,50.8852,31.105,53.9377,24.2674,52.5946,2.77778,0.396825,1091.65,174.671,1437.49,0.0,1.0,1.0,1.0,1.0,0.0,0.07783949999999999,43.7714,44.0308,43.1487,43.6157,0.129731,14.6273,96.5454,89.2297,88.8869,96.183,0.0,7.95055,59.6974,0.0,0.0,-31.2007,98.5763,95.1803,52.0773,306.273,52.2418,271.848,287.825,45.9534,422.635,420.721,417.55,524.007,500.434,604.0409999999998,423.17,417.478,530.1619999999998,498.429,604.4,412.04,409.323,513.721,513.005,612.131,411.102,410.02,513.9590000000002,512.432,614.072,430.677,430.533,534.927,534.354,612.515,431.61300000000006,430.749,534.211,533.638,611.149,603.251,603.969,21.4042,400.485,1130.88
2020-11-22 07:52:00,96.7949,97.5275,97.2833,98.6264,80.3114,80.6777,81.2271,80.7998,35.8059,36.5995,36.2332,36.3553,15.1099,14.8046,15.7814,15.7204,15.7814,14.6215,14.9878,15.4151,53.0891,19.6825,23.8828,34.3346,94.7985,131.136,93.2356,78.5836,59,59,59,59,58.9438,59.4933,59.2491,59.6764,59,59,59,59,11.4469,11.2027,11.2637,11.3248,10.8974,10.7753,11.0195,11.2027,11.8132,12.4847,11.8742,11.8132,54.4872,56.1355,55.9524,55.5861,25.6105,25.2442,25.4884,25.7326,43.9866,58.1502,44.3529,43.8034,32.9365,33.3028,32.326,32.6313,27.9304,27.8083,28.2357,27.9304,42.7656,43.4982,42.5824,43.315,33.8523,33.9744,33.8523,33.9744,25.0611,25.0611,25.7326,25.9158,43.0708,42.8877,42.3382,42.8266,33.2418,33.3639,33.1807,32.0818,25.8547,26.0989,26.2821,30.2503,43.315,43.6203,43.0098,43.4982,15.6593,14.6825,30.9829,15.4762,15.293,15.1099,38.9194,14.9878,16.0867,15.232,16.453,15.4151,35.3175,35.5006,36.0501,35.6838,97.2222,98.0769,97.2222,98.138,59.9817,59.188,60.1038,59.7375,59,59,59,59,59.6764,59.6764,59.6764,59.3712,5.7081800000000005,0.396825,0.763126,59.7985,39.2247,50.8852,31.105,53.9377,24.2674,52.5946,2.77778,0.396825,1091.65,175.21400000000003,1435.28,0.0,1.0,1.0,1.0,1.0,0.0,0.07783949999999999,43.7714,44.0308,43.1487,44.0827,0.129731,15.2301,96.5454,88.1952,89.7481,95.5153,0.0,7.95055,59.4918,0.0,0.0,-15.8593,98.5763,95.1803,53.3296,308.232,51.5508,271.099,287.825,45.9534,422.635,420.721,417.55,524.007,500.434,604.0409999999998,424.179,417.478,530.018,498.429,604.4,412.04,409.323,513.721,513.005,612.131,411.102,410.02,513.9590000000002,512.432,614.072,430.677,430.533,534.927,534.354,612.515,431.61300000000006,430.749,534.211,533.638,611.149,603.251,603.969,21.4042,401.543,1134.01
2020-11-22 07:52:05,96.7949,97.5275,97.2833,98.6264,80.3114,80.6777,81.2271,80.7998,35.8059,35.7448,35.0733,35.7448,15.1099,14.8046,15.7814,15.7204,15.7814,14.6215,14.9878,15.4151,52.1123,19.6825,23.8828,34.3346,94.7985,128.791,93.2356,76.63,59,59,59,59,58.9438,59.4933,59.2491,59.6764,59,59,59,59,11.4469,11.2027,11.2637,11.3248,10.8974,11.3248,11.0195,11.2027,11.8132,12.4847,11.8742,11.8132,54.4872,56.1355,55.9524,55.5861,26.4652,25.2442,25.4884,25.7326,43.9866,58.1502,44.3529,43.8034,32.9365,33.3028,32.326,32.6313,27.9304,27.8083,28.2357,27.9304,42.7656,43.4982,43.1319,43.315,33.8523,33.9744,33.8523,33.4249,25.0611,25.0611,25.7326,25.9158,43.0708,42.8877,42.8877,42.8266,33.2418,33.3639,33.1807,32.0818,25.8547,26.0989,26.2821,30.2503,43.315,43.6203,43.0098,43.4982,15.6593,14.6825,30.9829,15.4762,15.293,15.1099,38.9194,14.9878,16.0867,15.232,16.453,15.4151,35.3175,35.5006,36.0501,35.6838,97.2222,98.0769,97.2222,98.138,59.9817,59.188,60.1038,59.7375,59,59,59,59,59.6764,59.6764,59.6764,59.3712,5.7081800000000005,0.396825,0.763126,61.0195,39.2247,50.8852,31.105,53.9377,24.2674,52.5946,2.77778,0.396825,1092.87,176.54,1429.87,0.0,1.0,1.0,1.0,1.0,0.0,0.07783949999999999,44.2903,44.0308,43.6676,44.0827,0.129731,14.5097,96.5454,88.9754,88.8944,95.5153,0.0,7.95055,59.5143,0.0,0.0,1.57532,98.5763,95.1803,53.3296,309.431,52.1422,271.61400000000003,287.825,45.9534,422.635,420.721,417.55,524.007,499.432,604.0409999999998,424.179,417.478,529.875,497.427,604.4,412.04,409.323,513.721,513.005,612.131,411.102,410.02,513.9590000000002,512.432,614.072,430.677,430.533,534.927,534.354,612.515,431.61300000000006,430.749,534.211,533.638,611.149,603.251,603.969,21.4042,402.6,1136.34
2020-11-22 07:52:10,96.7949,97.5275,97.2833,98.6264,80.3114,80.6777,81.2271,80.7998,34.8901,35.0733,34.3407,35.7448,15.1099,14.8046,15.7814,15.7204,15.7814,15.293,14.9878,15.4151,51.2332,20.6593,23.8828,34.3346,94.7985,129.768,94.3101,75.7509,59,59,59,59,58.9438,59.4933,59.2491,59.6764,59,59,59,59,11.4469,11.2027,11.2637,11.3248,10.8974,11.9963,11.0195,11.2027,11.8132,12.4847,12.4237,11.8132,54.4872,56.1355,55.9524,55.5861,26.4652,25.2442,25.4884,25.7326,43.9866,58.1502,44.3529,43.8034,32.9365,33.3028,32.326,32.6313,27.9304,27.8083,28.2357,27.9304,42.7656,43.4982,43.1319,43.315,33.8523,33.9744,33.8523,33.4249,25.0611,25.0611,25.7326,25.9158,43.0708,43.4371,42.8877,42.8266,33.2418,33.3639,33.1807,32.0818,25.8547,26.0989,26.2821,30.2503,43.315,43.6203,43.5592,43.4982,15.6593,14.6825,30.9829,15.4762,15.293,15.1099,38.9194,14.9878,16.0867,15.232,16.453,15.4151,35.3175,35.5006,36.0501,35.6838,97.2222,98.0769,97.2222,98.138,59.9817,59.188,60.1038,59.7375,59,59,59,59,59.6764,59.6764,59.6764,59.3712,5.7081800000000005,0.396825,0.763126,61.0195,39.2247,52.1062,31.105,53.9377,24.2674,52.5946,2.77778,0.396825,1094.07,176.54,1428.8,0.0,1.0,1.0,1.0,1.0,0.0,0.07783949999999999,44.2903,44.4979,43.6676,44.0827,0.129731,14.5097,96.5454,88.9754,88.8944,96.5202,0.0,7.95055,59.5955,0.0,0.0,,98.5763,95.1803,53.3296,310.067,53.5141,272.871,287.825,45.9534,422.635,420.721,417.55,524.007,499.432,604.0409999999998,424.179,417.478,529.732,497.427,604.4,412.04,409.323,513.721,514.03,612.131,411.102,410.02,513.9590000000002,512.432,614.072,430.677,430.533,534.927,534.354,612.515,431.61300000000006,430.749,534.211,533.638,611.149,603.251,603.969,21.4042,402.6,1138.64
2020-11-22 07:52:15,96.7949,97.5275,97.2833,98.6264,80.3114,80.6777,81.2271,80.7998,33.9744,34.1575,34.3407,35.7448,15.1099,14.8046,15.7814,15.7204,15.7814,15.293,14.9878,15.4151,51.2332,20.6593,23.8828,34.3346,93.7241,129.768,93.2356,75.7509,59,59,59,59,58.9438,59.4933,59.2491,59.6764,59,59,59,59,11.4469,11.2027,11.2637,11.3248,10.348,10.7753,11.0195,11.2027,11.8132,12.4847,12.4237,11.8132,54.4872,56.1355,55.9524,55.5861,26.4652,25.2442,25.4884,25.7326,45.0244,58.1502,44.3529,43.8034,32.9365,33.3028,32.326,32.6313,27.9304,27.8083,28.2357,27.9304,44.0476,43.4982,43.7424,43.315,33.8523,33.9744,33.8523,33.4249,25.0611,25.0611,25.7326,25.9158,43.0708,43.4371,42.8877,43.4982,33.2418,33.3639,33.1807,33.547,25.8547,26.5873,26.2821,30.2503,44.1697,43.6203,43.5592,43.4982,15.6593,14.6825,30.9829,15.4762,15.293,15.1099,38.9194,14.9878,16.0867,15.232,16.453,15.4151,35.3175,35.5006,36.0501,35.6838,97.2222,98.0769,97.2222,98.138,59.9817,59.188,60.1038,59.7375,59,59,59,59,59.6764,59.6764,59.6764,59.3712,5.7081800000000005,0.396825,0.763126,61.0195,39.2247,52.1062,31.105,53.9377,24.2674,52.5946,2.77778,0.396825,1095.29,177.15200000000004,1431.68,0.0,1.0,1.0,1.0,1.0,0.0,0.07783949999999999,44.2903,44.4979,43.6676,44.0827,0.129731,14.5097,96.5454,87.3664,88.5842,95.5294,0.0,7.95055,59.3404,0.0,0.0,-28.0813,98.5763,95.1803,52.2186,310.067,53.5141,277.218,287.825,46.9705,422.635,420.721,417.55,524.007,499.432,604.0409999999998,424.179,417.478,529.589,497.427,604.4,412.04,409.323,513.721,514.03,612.131,411.102,410.02,513.9590000000002,512.432,614.072,430.677,430.533,534.927,534.354,612.515,431.61300000000006,430.749,534.211,533.638,611.149,603.251,603.969,21.4042,403.129,1140.99
2020-11-22 07:52:20,96.7949,97.5275,97.2833,98.6264,80.3114,80.6777,81.2271,80.7998,33.9744,34.1575,33.7302,34.1575,15.1099,14.8046,15.7814,15.7204,15.7814,15.293,14.9878,15.4151,51.2332,21.5385,23.8828,35.2137,93.7241,129.768,93.2356,75.7509,59,59,59,59,58.9438,59.4933,59.2491,59.6764,59,59,59,59,11.4469,11.2027,11.2637,11.3248,10.348,10.7753,11.0195,11.2027,11.8132,12.4847,12.4237,11.8132,54.4872,56.1355,55.9524,55.5861,26.4652,25.2442,25.4884,25.7326,45.0244,58.1502,44.3529,43.8034,32.9365,33.3028,32.326,32.0818,27.9304,27.8083,28.2357,27.9304,44.0476,43.4982,43.7424,43.315,33.8523,33.9744,33.8523,33.4249,25.0611,25.0611,25.7326,25.9158,45.0244,43.9866,42.8877,43.4982,33.2418,33.3639,33.1807,32.8755,25.8547,26.5873,26.2821,30.2503,44.1697,43.6203,43.5592,43.4982,15.6593,14.6825,30.9829,15.4762,15.293,15.1099,38.9194,14.9878,16.0867,15.232,16.453,15.4151,35.3175,35.5006,36.0501,35.6838,97.2222,98.0769,97.2222,98.138,59.9817,59.188,60.1038,59.7375,59,59,59,59,59.6764,59.6764,59.6764,59.3712,5.7081800000000005,0.396825,0.763126,61.0195,39.2247,52.1062,31.105,53.9377,24.2674,52.5946,2.77778,0.396825,1092.99,177.15200000000004,1433.03,0.0,1.0,1.0,1.0,1.0,0.0,0.07783949999999999,44.2903,44.4979,43.6676,44.0827,0.129731,14.5097,96.5454,89.8793,89.2066,94.6332,0.0,7.95055,60.5545,0.0,0.0,-24.1948,98.5763,95.1803,52.2186,310.067,56.2057,281.871,287.825,46.9705,422.635,420.721,418.559,524.007,499.432,604.0409999999998,424.179,417.478,529.589,496.425,604.4,412.04,409.323,513.721,514.03,612.131,411.102,410.02,513.9590000000002,512.432,614.072,430.677,430.533,534.927,534.354,612.515,431.61300000000006,430.749,534.211,533.638,611.149,603.251,603.969,21.4042,403.657,1142.59
2020-11-22 07:52:25,96.7949,97.5275,97.2833,98.6264,80.3114,80.6777,80.6777,80.7998,33.9744,34.1575,33.1807,34.1575,15.1099,14.8046,15.7814,15.7204,15.7814,15.293,14.9878,15.4151,50.0611,21.5385,23.8828,35.2137,92.7473,130.64700000000002,93.2356,75.7509,59,59,59,59,58.9438,59.4933,59.2491,59.6764,59,59,59,59,11.4469,11.2027,11.2637,11.3248,10.348,10.7753,11.0195,11.2027,11.8132,12.4847,12.4237,11.8132,54.4872,56.1355,55.9524,55.5861,26.4652,25.7936,25.4884,25.7326,45.0244,58.1502,44.3529,43.8034,32.9365,33.3028,32.326,32.0818,28.5409,27.8083,28.2357,27.9304,44.0476,44.0476,43.7424,43.315,33.8523,33.9744,33.8523,33.4249,25.0611,25.0611,25.7326,25.9158,43.6813,43.9866,42.8877,43.4982,33.2418,33.3639,33.1807,32.8755,25.8547,26.5873,26.2821,30.2503,44.1697,43.6203,43.5592,43.4982,15.6593,14.6825,30.9829,15.4762,15.293,15.1099,38.9194,14.9878,16.0867,15.232,16.453,15.4151,35.3175,35.5006,36.0501,35.6838,97.2222,98.0769,97.2222,98.138,59.9817,59.188,60.1038,59.7375,59,59,59,59,59.6764,59.6764,59.6764,59.3712,5.7081800000000005,0.396825,0.763126,61.0195,39.2247,52.1062,31.105,53.9377,24.2674,53.7546,2.77778,0.396825,1091.82,177.734,1426.8,0.0,1.0,1.0,1.0,1.0,0.0,0.07783949999999999,44.8092,44.4979,44.1346,44.5498,0.129731,14.5097,96.5454,89.2113,87.7114,95.7342,0.0,7.95055,60.5545,0.0,0.0,-28.7464,98.5763,95.1803,52.7581,309.566,56.2057,286.019,287.825,46.9705,422.635,421.73,418.559,524.007,499.432,604.0409999999998,425.187,418.487,529.446,496.425,604.4,412.04,409.323,514.746,514.03,612.131,411.102,410.02,513.9590000000002,512.432,614.072,430.677,430.533,534.927,534.354,612.515,431.61300000000006,430.749,534.211,533.638,611.149,603.251,603.969,21.4042,404.715,1144.43
2020-11-22 07:52:30,96.7949,97.5275,97.2833,98.6264,80.3114,80.6777,80.1282,80.1282,33.9744,34.1575,33.1807,34.1575,15.1099,14.8046,15.7814,15.7204,15.7814,15.293,14.9878,15.4151,50.0611,20.6593,22.906,33.4554,92.7473,130.64700000000002,93.2356,75.7509,59,59,59,59,58.9438,59.4933,59.2491,59.6764,59,59,59,59,11.4469,11.2027,11.2637,11.3248,10.348,10.7753,11.0195,11.2027,11.8132,12.4847,12.4237,11.8132,54.4872,56.1355,55.9524,55.5861,26.4652,25.7936,25.4884,25.7326,45.0244,58.1502,44.3529,43.8034,32.9365,33.3028,32.326,32.0818,28.5409,27.8083,28.2357,27.9304,44.0476,44.0476,43.7424,43.315,33.8523,33.9744,33.8523,33.4249,25.0611,25.6105,25.7326,25.9158,43.6813,43.9866,43.4371,44.0476,33.2418,33.3639,33.1807,32.8755,25.8547,26.5873,26.2821,30.2503,44.1697,43.6203,43.5592,44.4139,15.6593,14.6825,30.9829,15.4762,15.293,15.1099,38.9194,14.9878,16.0867,15.232,16.453,15.4151,35.3175,35.5006,36.0501,35.6838,97.2222,98.0769,97.2222,98.138,59.9817,59.188,60.1038,59.7375,59,59,59,59,59.6764,59.6764,59.6764,59.3712,5.7081800000000005,0.396825,0.763126,61.0195,39.2247,52.1062,31.105,53.9377,24.2674,53.7546,2.77778,0.396825,1090.71,178.30700000000004,1429.73,0.0,1.0,1.0,1.0,1.0,0.0,0.07783949999999999,44.8092,44.4979,44.1346,44.5498,0.129731,13.8776,94.9659,89.3882,88.6638,94.5475,0.0,7.95055,62.1992,0.0,0.0,-37.8325,98.5763,95.1803,52.7581,309.335,56.2057,289.445,287.825,46.9705,422.635,421.73,418.559,524.007,499.432,604.0409999999998,425.187,418.487,529.446,496.425,604.4,412.04,409.323,514.746,514.03,612.131,411.102,410.02,513.9590000000002,512.432,614.072,430.677,430.533,534.927,534.354,612.515,431.61300000000006,430.749,534.211,533.638,611.149,603.251,603.969,21.4042,404.715,1145.58
2020-11-22 07:52:35,96.7949,97.5275,97.2833,98.6264,78.663,79.9451,80.1282,80.1282,33.9744,34.1575,33.1807,33.6081,15.1099,14.8046,15.7814,15.7204,15.7814,14.6215,14.9878,15.4151,50.0611,19.7802,22.906,33.4554,93.6264,131.722,94.3101,75.7509,59,59,59,59,58.9438,59.4933,59.2491,59.6764,59,59,59,59,11.4469,11.2027,11.2637,11.3248,10.348,10.7753,11.0195,11.2027,11.8132,12.4847,11.8742,11.8132,54.4872,56.1355,55.9524,55.5861,26.4652,25.7936,25.4884,25.7326,45.0244,59.6154,44.3529,43.8034,32.9365,33.3028,32.326,31.5324,28.5409,27.8083,28.2357,27.9304,44.0476,44.0476,43.7424,44.1087,33.8523,33.9744,33.8523,34.8291,25.8547,25.6105,25.7326,25.9158,43.6813,43.4371,43.4371,44.0476,33.2418,33.3639,33.1807,32.8755,25.8547,26.5873,26.2821,30.2503,44.1697,43.6203,43.5592,44.4139,15.6593,14.6825,30.9829,15.4762,15.293,15.1099,38.9194,14.9878,16.0867,15.232,16.453,15.4151,35.3175,35.5006,36.0501,35.6838,97.2222,98.0769,97.2222,98.138,59.9817,59.188,60.1038,59.7375,59,59,59,59,59.6764,59.6764,59.6764,59.3712,5.7081800000000005,0.396825,0.763126,61.0195,39.2247,52.1062,31.105,53.9377,24.2674,53.7546,2.77778,0.396825,1091.9,178.30700000000004,1433.67,0.0,1.0,1.0,1.0,1.0,0.0,0.07783949999999999,44.8092,44.4979,44.1346,44.5498,0.129731,13.8776,96.5347,87.3647,87.7317,95.2,0.0,7.95055,61.5172,0.0,0.0,-37.304,98.5763,95.1803,53.5194,305.745,54.9778,291.062,287.825,46.9705,422.635,421.73,418.559,524.007,499.432,604.0409999999998,425.187,418.487,529.303,496.425,604.4,412.04,409.323,514.746,514.03,612.131,411.102,410.02,513.9590000000002,512.432,614.072,430.677,430.533,534.927,534.354,612.515,431.61300000000006,430.749,534.211,533.638,611.149,603.251,603.969,21.4042,405.244,1146.82
2020-11-22 07:52:40,96.7949,97.5275,97.2833,98.6264,78.663,79.9451,79.5788,80.1282,33.9744,34.1575,33.8523,33.6081,15.1099,14.8046,15.7814,15.7204,15.7814,15.1709,14.9878,15.4151,49.0842,19.7802,23.8828,33.4554,92.6496,132.601,93.431,74.6764,59,59,59,59,58.9438,59.4933,59.2491,59.6764,59,59,59,59,11.4469,11.2027,11.2637,11.3248,10.348,10.7753,11.0195,11.2027,11.8132,12.4847,11.8742,11.8132,54.4872,56.1355,55.9524,55.5861,26.4652,25.7936,25.4884,25.7326,45.0244,59.6154,44.3529,43.8034,32.9365,33.3028,33.9133,30.9829,28.5409,27.8083,28.2357,27.9304,44.0476,44.0476,43.7424,44.1087,33.8523,33.9744,33.8523,34.8291,25.8547,25.6105,25.7326,25.9158,43.6813,43.4371,43.4371,44.0476,33.2418,33.3639,33.1807,32.8755,26.9536,26.5873,26.2821,30.2503,44.1697,43.6203,43.5592,44.4139,15.6593,14.6825,30.9829,15.4762,15.293,15.1099,38.9194,14.9878,16.0867,15.232,16.453,15.4151,35.3175,35.5006,36.0501,35.6838,97.2222,98.0769,97.2222,98.138,59.9817,59.188,60.1038,59.7375,59,59,59,59,59.6764,59.6764,59.6764,59.3712,5.7081800000000005,0.396825,0.763126,61.0195,39.2247,52.1062,31.105,53.9377,24.2674,53.7546,2.77778,0.396825,1090.95,178.865,1431.04,0.0,1.0,1.0,1.0,1.0,0.0,0.07783949999999999,44.8092,44.4979,44.1346,44.5498,0.129731,13.8776,97.5369,86.6965,88.4298,96.4492,0.0,7.95055,61.9124,0.0,0.0,-19.1239,98.5763,95.1803,53.5194,304.108,52.65600000000001,289.759,287.825,46.9705,422.635,421.73,418.559,524.007,498.429,604.0409999999998,425.187,418.487,529.303,496.425,604.4,412.04,409.323,514.746,514.03,612.131,411.102,410.02,513.9590000000002,512.432,614.072,430.677,430.533,534.927,534.354,612.515,431.61300000000006,430.749,534.211,533.638,611.149,603.251,603.969,21.5751,405.244,1147.44
2020-11-22 07:52:45,96.7949,97.5275,97.2833,98.6264,78.663,79.9451,79.5788,79.5177,33.9744,34.1575,33.8523,33.6081,15.1099,14.8046,15.7814,14.9878,15.7814,15.1709,14.9878,15.4151,49.0842,18.8034,23.8828,32.381,92.6496,131.526,89.7192,73.6996,59,59,59,59,58.9438,59.4933,59.2491,59.6764,59,59,59,59,11.4469,11.2027,11.2637,11.3248,10.348,10.7753,11.0195,11.2027,11.8132,12.4847,12.4237,11.8132,54.4872,56.1355,55.9524,55.5861,26.4652,25.7936,25.4884,26.6484,45.0244,59.6154,44.3529,43.8034,32.9365,33.3028,33.3028,30.4335,28.5409,27.8083,28.2357,27.9304,44.6581,44.0476,43.7424,44.1087,33.8523,33.9744,33.8523,34.8291,25.8547,25.6105,25.7326,25.9158,44.7802,43.4371,43.4371,44.0476,33.2418,33.3639,33.1807,32.8755,26.9536,26.5873,26.2821,30.7998,45.0855,43.6203,43.5592,44.4139,15.6593,14.6825,30.9829,15.4762,15.293,15.1099,38.9194,14.9878,16.0867,15.232,16.453,15.4151,35.3175,35.5006,36.0501,35.6838,97.2222,98.0769,97.2222,98.138,59.9817,59.188,60.1038,59.7375,59,59,59,59,59.6764,59.6764,59.6764,59.3712,5.7081800000000005,0.396825,0.763126,61.0195,39.2247,52.1062,31.105,53.9377,24.2674,53.7546,2.77778,0.396825,1089.84,179.46599999999995,1429.8,0.0,1.0,1.0,1.0,1.0,0.0,0.07783949999999999,44.8092,45.0168,44.1346,45.0168,0.129731,14.5538,95.3882,89.3821,87.944,97.1782,0.0,7.95055,62.3059,0.0,0.0,-16.4097,98.5763,95.1803,54.0884,304.747,53.2349,287.356,287.825,46.9705,422.635,421.73,418.559,524.007,498.429,604.0409999999998,425.187,418.487,529.303,496.425,604.4,412.04,409.323,514.746,514.03,612.131,411.102,410.02,513.9590000000002,512.432,614.072,430.677,430.533,534.927,534.354,612.515,431.61300000000006,430.749,534.211,533.638,611.149,603.251,603.969,21.5751,405.244,1148.56
2020-11-22 07:52:50,96.7949,97.5275,97.2833,98.6264,78.663,79.3956,79.5788,79.5177,33.9744,34.1575,33.8523,33.6081,15.1099,14.8046,15.7814,15.7204,15.7814,15.1709,14.9878,15.4151,49.0842,18.8034,23.8828,31.4041,92.6496,130.64700000000002,87.4725,73.6996,59,59,59,59,58.9438,59.4933,59.2491,59.6764,59,59,59,59,11.4469,11.2027,11.2637,11.3248,10.9585,10.7753,11.0195,11.2027,11.8132,12.4847,12.4237,11.8132,54.4872,56.1355,55.9524,55.5861,26.4652,25.7936,25.4884,26.6484,45.0244,59.6154,44.3529,43.8034,32.9365,33.3028,33.3028,30.4335,28.5409,27.8083,28.2357,27.9304,44.6581,44.5971,43.7424,44.1087,33.8523,33.9744,33.8523,34.2796,25.8547,25.6105,25.7326,25.9158,44.7802,44.2918,43.4371,44.6581,33.2418,33.3639,33.1807,32.8755,26.9536,26.5873,26.2821,30.7998,45.0855,43.6203,44.1087,44.4139,15.6593,14.6825,30.9829,15.4762,15.293,15.1099,38.9194,14.9878,16.0867,15.232,16.453,15.4151,35.3175,35.5006,36.0501,35.6838,97.2222,98.0769,97.2222,98.138,59.9817,59.188,60.1038,59.7375,59,59,59,59,59.6764,59.6764,59.6764,59.3712,5.7081800000000005,0.396825,0.763126,61.0195,39.2247,52.1062,31.105,53.9377,24.2674,53.7546,2.77778,0.396825,1091.12,179.46599999999995,1434.41,0.0,1.0,1.0,1.0,1.0,0.0,0.07783949999999999,44.8092,45.0168,44.6017,45.0168,0.129731,14.5538,97.1017,88.0411,86.1237,97.1782,0.0,7.95055,60.8154,0.0,0.0,-34.0545,98.5763,95.1803,54.7534,307.636,53.2349,286.277,287.825,46.9705,422.635,421.73,418.559,524.007,498.429,604.0409999999998,425.187,418.487,529.446,496.425,604.4,412.04,409.323,514.746,514.03,612.131,411.102,410.02,513.9590000000002,512.432,614.072,430.677,430.533,534.927,534.354,612.515,431.61300000000006,430.749,534.211,533.638,611.149,603.251,603.969,21.5751,405.772,1149.18
2020-11-22 07:52:55,96.7949,97.5275,97.2833,98.6264,78.663,79.3956,79.5788,79.5177,33.9744,34.1575,33.8523,33.0586,15.1099,14.8046,15.7814,15.7204,15.7814,15.1709,14.9878,15.4151,49.0842,19.6825,23.8828,31.4041,91.5751,130.64700000000002,87.4725,74.6764,59,59,59,59,58.9438,59.4933,59.2491,59.6764,59,59,59,59,11.4469,11.2027,11.2637,11.3248,10.9585,10.7753,11.0195,11.2027,11.8132,12.4847,12.4237,11.8132,54.4872,56.1355,55.9524,55.5861,26.4652,25.7936,26.0379,26.6484,45.0244,59.6154,44.3529,43.8034,32.9365,33.3028,32.7534,30.4335,28.5409,27.8083,28.2357,27.9304,44.6581,44.5971,43.7424,44.1087,33.8523,33.9744,33.8523,34.2796,25.8547,25.6105,25.7326,25.9158,44.7802,44.9023,44.1697,44.6581,33.2418,33.3639,33.1807,32.8755,26.9536,27.1978,26.2821,30.7998,45.0855,43.6203,44.1087,44.4139,15.6593,14.6825,30.9829,15.4762,15.293,15.1099,38.9194,14.9878,16.0867,15.232,16.453,15.4151,35.3175,35.5006,36.0501,35.6838,97.2222,98.0769,97.2222,98.138,59.9817,59.188,60.1038,59.7375,59,59,59,59,59.6764,59.6764,59.6764,59.3712,5.7081800000000005,0.396825,0.763126,61.0195,39.2247,52.1062,31.105,54.6703,24.2674,53.7546,2.77778,0.396825,1093.51,180.043,1434.0,0.0,1.0,1.0,1.0,1.0,0.0,0.07783949999999999,45.2763,45.0168,44.6017,45.0168,0.129731,14.5538,96.8215,88.0411,86.7774,96.5302,0.0,7.95055,59.7817,0.0,0.0,-14.727,98.5763,95.1803,54.7534,310.468,54.0275,288.628,287.825,46.9705,422.635,421.73,418.559,524.007,498.429,604.0409999999998,425.187,418.487,529.589,496.425,604.4,412.04,409.323,514.746,514.03,612.131,411.102,410.02,513.9590000000002,513.4580000000002,614.072,430.677,430.533,534.927,534.354,612.515,431.61300000000006,430.749,534.211,533.638,611.149,603.251,603.969,21.5751,404.715,1149.7
2020-11-22 07:53:00,96.7949,97.5275,97.2833,98.6264,78.663,79.3956,79.5788,78.9683,33.9744,34.1575,33.8523,33.0586,15.1099,14.8046,15.7814,15.7204,15.7814,15.1709,14.9878,15.4151,49.0842,19.6825,23.8828,31.4041,91.4774,131.819,87.9609,76.2393,59,59,59,59,58.9438,59.4933,59.2491,59.6764,59,59,59,59,11.4469,11.2027,11.2637,11.3248,11.63,10.7753,11.0195,11.2027,11.8132,12.4847,12.4237,11.8132,54.4872,56.1355,55.9524,55.5861,26.4652,25.7936,26.0379,26.6484,45.0244,59.6154,45.2076,43.8034,32.9365,33.3028,32.7534,39.591,28.5409,28.4799,28.2357,27.9304,44.6581,44.5971,43.7424,44.1087,33.8523,33.9744,33.8523,34.2796,25.8547,25.6105,25.7326,25.9158,44.7802,44.9023,44.1697,44.6581,33.2418,33.3639,33.1807,32.8755,26.9536,26.16,26.2821,30.7998,45.0855,43.6203,44.1087,44.4139,15.6593,14.6825,30.9829,15.4762,15.293,15.1099,38.9194,14.9878,16.0867,15.232,16.453,15.4151,35.3175,35.5006,36.0501,35.6838,97.2222,98.0769,97.2222,98.138,59.9817,59.188,60.1038,59.7375,59,59,59,59,59.6764,59.6764,59.6764,59.3712,5.7081800000000005,0.396825,0.763126,61.0195,39.2247,52.1062,31.105,54.6703,24.2674,53.7546,2.77778,0.396825,1090.0,180.043,1441.05,0.0,1.0,1.0,1.0,1.0,0.0,0.07783949999999999,45.2763,45.0168,44.6017,45.0168,0.129731,14.5538,95.8659,88.196,88.3969,97.8501,0.0,8.04945,63.327,0.0,0.0,1.9063900000000005,98.5763,95.1803,54.1522,311.983,53.5066,294.785,287.825,46.9705,422.635,421.73,418.559,524.007,498.429,604.0409999999998,425.187,418.487,529.875,496.425,604.4,412.04,409.323,514.746,514.03,612.131,411.102,410.02,513.9590000000002,513.4580000000002,614.072,430.677,430.533,534.927,534.354,612.515,431.61300000000006,430.749,534.211,534.64,611.149,603.251,603.969,21.5751,405.772,1150.46
2020-11-22 07:53:05,96.7949,97.5275,97.2833,98.6264,78.663,79.3956,79.5788,78.9683,33.9744,34.1575,33.8523,33.0586,15.1099,14.8046,15.7814,15.7204,15.7814,15.1709,14.9878,15.4151,49.0842,19.6825,23.8828,32.674,92.4542,133.675,91.4774,76.2393,59,59,59,59,58.9438,59.4933,59.2491,59.6764,59,59,59,59,11.4469,11.2027,11.2637,11.3248,11.63,10.7753,11.0195,11.2027,11.8132,12.4847,12.4237,11.8132,54.4872,56.1355,55.9524,55.5861,26.4652,25.7936,26.0379,26.6484,45.0244,59.6154,45.2076,44.9023,32.9365,33.3028,33.8523,39.0415,28.5409,28.4799,28.2357,28.602,44.6581,44.5971,44.536,44.1087,33.8523,33.9744,33.8523,35.0733,25.8547,26.16,25.7326,25.9158,44.7802,45.4518,44.1697,44.6581,33.2418,33.3639,33.1807,32.8755,26.9536,26.7705,26.2821,30.7998,45.0855,43.6203,44.1087,45.2686,15.6593,14.6825,30.9829,15.4762,15.293,15.1099,38.9194,14.9878,16.0867,15.232,16.453,15.4151,35.3175,35.5006,36.0501,35.6838,97.2222,98.0769,97.2222,98.138,59.9817,59.188,60.1038,59.7375,59,59,59,59,59.6764,59.6764,59.6764,59.3712,5.7081800000000005,0.396825,0.763126,61.0195,39.2247,52.1062,31.105,54.6703,24.2674,52.4725,2.77778,0.396825,1092.35,180.043,1442.28,0.0,1.0,1.0,1.0,1.0,0.0,0.07783949999999999,45.2763,45.0168,44.6017,45.0168,0.129731,14.5538,96.4904,88.4612,89.9752,97.2845,0.0,8.04945,61.2511,0.0,0.0,3.20885,98.5763,95.1803,54.6986,313.439,53.5066,300.735,287.825,46.9705,422.635,421.73,418.559,524.007,498.429,604.0409999999998,425.187,418.487,530.018,496.425,604.4,412.04,409.323,514.746,514.03,612.131,411.102,410.02,513.9590000000002,513.4580000000002,614.072,430.677,430.533,534.927,534.354,612.515,431.61300000000006,430.749,534.211,534.64,611.149,603.251,603.969,21.5751,403.129,1151.07
2020-11-22 07:53:10,96.7949,97.5275,97.2833,98.6264,78.663,79.3956,79.5788,78.9683,33.9744,34.1575,33.8523,33.0586,15.1099,14.8046,15.7814,15.7204,15.7814,14.6215,14.9878,15.4151,48.2051,20.5617,25.0549,33.6508,92.4542,134.945,93.7241,77.1184,59,59,59,59,58.9438,59.4933,59.2491,59.6764,59,59,59,59,11.4469,11.2027,11.2637,11.3248,10.4701,10.7753,11.0195,11.2027,11.8132,12.4847,12.4237,11.8132,54.4872,56.1355,55.9524,55.5861,26.4652,25.7936,26.0379,26.6484,46.6117,59.6154,45.2076,44.9023,32.9365,33.3028,33.8523,37.6984,28.5409,28.4799,28.2357,28.602,44.6581,44.5971,44.536,44.1087,33.8523,33.9744,33.8523,34.5238,25.8547,26.16,26.4042,25.9158,44.7802,44.1087,44.1697,44.6581,33.2418,33.3639,33.7912,32.8755,26.9536,26.7705,26.2821,30.7998,45.0855,43.6203,44.1087,45.2686,15.6593,14.6825,30.9829,15.4762,15.293,15.1099,38.9194,14.9878,16.0867,15.232,16.453,15.4151,35.3175,35.5006,36.0501,35.6838,97.2222,98.0769,97.2222,98.138,59.9817,59.188,60.1038,59.7375,59,59,59,59,59.6764,59.6764,59.6764,59.3712,5.7081800000000005,0.396825,0.763126,61.0195,39.2247,52.1062,31.105,54.6703,24.2674,52.4725,2.77778,0.396825,1092.59,180.043,1448.18,0.0,1.0,1.0,1.0,1.0,0.0,0.07783949999999999,45.2763,45.0168,44.6017,45.0168,0.129731,15.2448,96.4904,89.9146,88.8093,96.3906,0.0,8.04945,64.5806,0.0,0.0,0.811765,98.5763,95.1803,55.2498,313.439,54.3065,303.954,287.825,46.9705,422.635,421.73,418.559,524.007,498.429,604.0409999999998,425.187,418.487,530.305,496.425,604.4,412.04,409.323,514.746,514.03,612.131,411.102,410.02,513.9590000000002,513.4580000000002,614.072,430.677,430.533,534.927,534.354,612.515,431.61300000000006,430.749,534.211,534.64,611.149,603.251,603.969,21.5751,405.244,1151.68
2020-11-22 07:53:15,96.7949,97.5275,97.2833,98.6264,79.3956,79.3956,79.5788,80.3114,33.9744,34.1575,33.8523,33.0586,15.1099,14.8046,15.7814,15.7204,15.7814,15.232,14.9878,15.4151,49.2796,20.5617,26.0317,33.6508,94.2124,134.945,93.7241,78.5836,59,59,59,59,58.9438,59.4933,59.2491,59.6764,59,59,59,59,11.4469,11.2027,11.2637,11.3248,10.4701,10.7753,11.0195,11.2027,11.8132,12.4847,12.4237,11.8132,54.4872,56.1355,55.9524,55.5861,26.4652,25.7936,26.0379,26.6484,46.6117,59.6154,45.2076,44.9023,32.9365,33.3028,33.8523,36.5995,28.5409,28.4799,28.2357,28.602,44.6581,44.5971,44.536,44.1087,33.8523,33.9744,33.8523,34.5238,25.8547,26.16,26.4042,26.5263,44.7802,44.1087,44.1697,44.6581,33.2418,33.3639,33.7912,32.8755,26.9536,26.7705,26.2821,30.7998,45.0855,44.2918,44.1087,45.2686,15.6593,14.6825,30.9829,15.4762,15.293,15.1099,38.9194,14.9878,16.0867,15.232,16.453,15.4151,35.3175,35.5006,36.0501,35.6838,97.2222,98.0769,97.2222,98.138,59.9817,59.188,60.1038,59.7375,59,59,59,59,59.6764,59.6764,59.6764,59.3712,5.7081800000000005,0.396825,0.763126,61.0195,39.2247,52.1062,31.105,53.8156,24.2674,52.4725,2.77778,0.396825,1093.74,178.645,1444.29,0.0,1.0,1.0,1.0,1.0,0.0,0.07783949999999999,44.7573,45.0168,44.0827,45.0168,0.129731,15.8475,95.2394,89.5589,88.8357,95.7558,0.0,8.04945,65.954,0.0,0.0,-28.9903,98.5763,95.1803,55.2498,314.981,54.3065,303.082,287.825,46.9705,422.635,421.73,419.568,524.007,498.429,604.0409999999998,425.187,418.487,530.591,496.425,604.4,412.04,409.323,514.746,514.03,613.138,411.102,410.02,513.9590000000002,513.4580000000002,614.072,430.677,430.533,534.927,534.354,612.515,431.61300000000006,430.749,534.211,534.64,612.203,603.251,603.969,21.5751,405.244,1152.23
2020-11-22 07:53:20,96.7949,97.5275,97.2833,98.6264,79.3956,79.3956,79.5788,80.3114,33.9744,34.1575,33.8523,33.0586,15.1099,14.8046,15.7814,15.7204,15.7814,15.232,14.9878,15.4151,49.2796,21.4408,26.0317,33.6508,96.2637,133.675,95.2869,78.5836,59,59,59,59,58.9438,59.4933,59.2491,59.6764,59,59,59,59,11.4469,11.2027,11.2637,11.3248,10.4701,10.7753,11.0195,11.2027,11.8132,12.4847,11.8742,11.8132,54.4872,56.1355,55.9524,55.5861,26.4652,25.7936,26.0379,26.6484,46.6117,59.6154,45.2076,44.9023,32.9365,33.3028,33.3028,35.6838,28.5409,28.4799,28.2357,28.602,44.6581,44.5971,44.536,44.7192,33.8523,33.9744,33.8523,34.5238,26.7705,26.16,26.4042,26.5263,44.7802,44.1087,44.1697,44.6581,33.2418,33.3639,33.7912,32.8755,26.9536,26.7705,26.2821,30.7998,45.0855,44.2918,44.7802,45.2686,15.6593,14.6825,30.9829,15.4762,15.293,15.1099,38.9194,14.9878,16.0867,15.232,16.453,15.4151,35.3175,35.5006,36.0501,35.6838,97.2222,98.0769,97.2222,98.138,59.9817,59.188,60.1038,59.7375,59,59,59,59,59.6764,59.6764,59.6764,59.3712,5.7081800000000005,0.396825,0.763126,61.0195,39.2247,51.1294,31.105,53.8156,26.0989,52.4725,2.77778,0.396825,1092.65,178.645,1449.71,0.0,1.0,1.0,1.0,1.0,0.0,0.07783949999999999,44.7573,45.0168,44.0827,45.0168,0.129731,15.8475,96.83,90.8409,87.9845,96.7227,0.0,8.04945,65.3071,0.0,0.0,-30.7793,98.5763,95.1803,55.2498,318.588,54.8766,297.12,287.825,46.9705,422.635,421.73,419.568,525.009,498.429,604.0409999999998,426.195,419.496,530.734,496.425,604.4,412.04,409.323,514.746,514.03,613.138,411.102,410.02,513.9590000000002,513.4580000000002,615.0790000000002,430.677,430.533,534.927,534.354,612.515,431.61300000000006,430.749,534.211,534.64,612.203,603.251,603.969,21.5751,405.244,1153.37
2020-11-22 07:53:25,96.7949,97.5275,97.2833,98.6264,79.3956,79.3956,79.5788,80.3114,35.3175,35.7448,33.8523,34.5849,15.1099,14.8046,15.7814,15.7204,15.7814,15.232,14.9878,15.4151,49.2796,21.4408,26.0317,33.6508,97.6313,133.675,96.1661,78.5836,59,59,59,59,58.9438,59.4933,59.2491,59.6764,59,59,59,59,11.4469,11.2027,11.2637,11.3248,11.0195,11.3858,11.0195,11.2027,11.8132,12.4847,11.8742,11.8132,54.4872,56.1355,55.9524,55.5861,26.4652,25.7936,26.0379,26.6484,46.6117,59.6154,45.2076,44.9023,32.9365,33.3028,32.6923,35.1343,28.5409,28.4799,28.2357,28.602,44.6581,44.5971,44.536,44.7192,33.8523,33.9744,33.8523,33.9744,26.7705,26.16,26.4042,26.5263,44.7802,44.6581,44.1697,44.6581,33.2418,33.3639,33.7912,32.8755,26.9536,26.7705,26.2821,30.7998,45.0855,44.2918,44.7802,45.2686,15.6593,14.6825,30.9829,15.4762,15.293,15.1099,38.9194,14.9878,16.0867,15.232,16.453,15.4151,35.3175,35.5006,36.0501,35.6838,97.2222,98.0769,97.2222,98.138,59.9817,59.188,60.1038,59.7375,59,59,59,59,59.6764,59.6764,59.6764,59.3712,5.7081800000000005,0.396825,0.763126,61.0195,39.2247,51.1294,31.105,53.8156,26.0989,52.4725,2.77778,0.396825,1097.43,178.645,1451.0,0.0,1.0,1.0,1.0,1.0,0.0,0.07783949999999999,44.7573,44.4979,44.0827,44.4979,0.129731,15.8475,95.9629,88.8386,89.992,96.8563,0.0,8.04945,63.5721,0.0,0.0,-53.4586,98.5763,95.1803,56.0065,323.761,55.1875,293.409,287.825,46.9705,422.635,421.73,419.568,525.009,498.429,604.0409999999998,426.195,419.496,530.996,496.425,604.4,412.04,409.323,514.746,514.03,613.138,411.102,410.02,513.9590000000002,513.4580000000002,615.0790000000002,430.677,430.533,534.927,534.354,612.515,431.61300000000006,430.749,534.211,534.64,612.203,603.251,603.969,21.5751,405.244,1154.41
2020-11-22 07:53:30,96.7949,97.5275,97.2833,98.6264,79.3956,80.1893,79.5788,81.105,35.3175,35.7448,34.768,34.5849,15.1099,14.8046,15.7814,15.7204,15.7814,15.232,14.9878,15.4151,50.2564,21.4408,27.0085,34.5299,97.6313,133.675,96.3614,78.5836,59,59,59,59,58.9438,59.4933,59.2491,59.6764,59,59,59,59,11.4469,11.2027,11.2637,11.3248,11.0195,10.7143,11.0195,11.2027,11.8132,12.4847,11.8742,11.8132,54.4872,56.1355,55.9524,55.5861,26.4652,25.7936,26.5873,26.6484,46.6117,59.6154,45.2076,44.9023,32.9365,33.3028,32.6923,34.5849,28.5409,28.4799,28.2357,28.602,44.6581,44.5971,44.536,44.7192,33.8523,33.9744,33.8523,34.9512,26.7705,26.16,26.4042,26.5263,44.7802,44.6581,44.1697,44.6581,33.2418,33.3639,33.7912,32.8755,26.9536,26.7705,26.2821,30.7998,45.0855,44.2918,44.7802,45.2686,15.6593,14.6825,30.9829,15.4762,15.293,15.1099,38.9194,14.9878,16.0867,15.232,16.453,15.4151,35.3175,35.5006,36.0501,35.6838,97.2222,98.0769,97.2222,98.138,59.9817,59.188,60.1038,59.7375,59,59,59,59,59.6764,59.6764,59.6764,59.3712,5.7081800000000005,0.396825,0.763126,61.0195,39.2247,51.1294,31.105,53.8156,26.0989,52.4725,2.77778,0.396825,1095.07,177.45,1453.12,0.0,1.0,1.0,1.0,1.0,0.0,0.07783949999999999,44.2903,44.4979,44.0827,44.4979,0.129731,15.186,96.6076,88.3955,89.323,96.025,0.0,8.04945,67.6656,0.0,0.0,-48.6083,98.5763,95.1803,56.0065,327.792,55.1875,292.887,287.825,46.9705,422.635,421.73,419.568,525.009,498.429,604.0409999999998,426.195,419.496,531.2819999999998,496.425,604.4,412.04,409.323,514.746,514.03,613.138,411.102,410.02,513.9590000000002,513.4580000000002,615.0790000000002,430.677,430.533,534.927,534.354,612.515,431.61300000000006,430.749,534.211,534.64,612.203,603.251,603.969,21.5751,406.301,1155.73
2020-11-22 07:53:35,96.7949,97.5275,97.2833,98.6264,79.3956,80.1893,79.5788,81.105,35.3175,36.1722,34.768,35.5006,15.1099,14.8046,15.7814,15.7204,15.7814,15.232,14.9878,15.4151,50.2564,21.4408,27.0085,34.5299,96.4591,133.675,96.3614,78.5836,59,59,59,59,58.9438,59.4933,59.2491,59.6764,59,59,59,59,11.4469,11.2027,11.2637,11.3248,11.0195,10.7143,11.0195,11.2027,11.8132,12.4847,11.8742,11.8132,54.4872,56.1355,55.9524,55.5861,26.4652,25.7936,26.5873,26.6484,46.6117,59.6154,45.2076,44.9023,32.9365,33.3028,35.5006,34.0354,28.5409,28.4799,28.2357,28.602,44.6581,44.5971,44.536,44.7192,33.8523,33.9744,33.8523,34.9512,25.7936,26.16,26.4042,26.5263,44.7802,45.2076,44.1697,44.6581,33.2418,33.3639,33.7912,32.8755,26.9536,26.7705,26.2821,30.7998,45.0855,44.2918,44.7802,45.2686,15.6593,14.6825,30.9829,15.4762,15.293,15.1099,38.9194,14.9878,16.0867,15.232,16.453,15.4151,35.3175,35.5006,36.0501,35.6838,97.2222,98.0769,97.2222,98.138,59.9817,59.188,60.1038,59.7375,59,59,59,59,59.6764,59.6764,59.6764,59.3712,5.7081800000000005,0.396825,0.763126,61.0195,39.2247,51.1294,31.105,53.8156,26.0989,52.4725,2.77778,0.396825,1095.02,176.93200000000004,1454.05,0.0,1.0,1.0,1.0,1.0,0.0,0.07783949999999999,44.2903,44.4979,44.0827,44.4979,0.129731,14.5685,95.8582,88.2644,88.8119,96.0149,0.0,8.04945,66.818,0.0,0.0,-83.0593,99.5781,95.1803,55.2472,329.82,54.2669,293.392,287.825,46.9705,422.635,422.786,419.568,525.009,498.429,604.0409999999998,426.195,419.496,531.569,496.425,604.4,412.04,409.323,514.746,514.03,613.138,411.102,410.02,513.9590000000002,513.4580000000002,615.0790000000002,430.677,430.533,534.927,534.354,612.515,431.61300000000006,430.749,534.211,534.64,612.203,603.251,603.969,21.5751,405.772,1156.27
2020-11-22 07:53:40,96.7949,97.5275,97.2833,98.6264,79.3956,80.1893,79.5788,81.105,36.5995,36.1722,36.4164,35.5006,15.1099,14.8046,15.7814,15.0488,15.7814,14.6825,14.9878,15.4151,50.2564,21.4408,27.0085,35.7021,96.4591,134.847,96.3614,78.5836,59,59,59,59,58.9438,59.4933,59.2491,59.6764,59,59,59,59,11.4469,11.2027,11.2637,11.3248,11.0195,10.7143,11.0195,11.2027,11.8132,12.4847,11.8742,11.8132,54.4872,56.1355,55.9524,55.5861,26.4652,25.7936,26.5873,26.6484,45.8791,59.6154,45.2076,44.9023,32.9365,33.3028,34.4628,34.0354,28.5409,28.4799,28.2357,28.602,44.6581,44.5971,44.536,44.7192,33.8523,33.9744,33.8523,34.9512,25.7936,26.16,26.4042,26.5263,44.7802,45.757,44.1697,44.6581,33.2418,33.3639,33.7912,32.8755,26.9536,26.7705,26.2821,30.7998,45.0855,44.2918,44.7802,45.2686,15.6593,14.6825,30.9829,15.4762,15.293,15.1099,38.9194,14.9878,16.0867,15.232,16.453,15.4151,35.3175,35.5006,36.0501,35.6838,97.2222,98.0769,97.2222,98.138,59.9817,59.188,60.1038,59.7375,59,59,59,59,59.6764,59.6764,59.6764,59.3712,5.7081800000000005,0.396825,0.763126,61.0195,41.1783,51.1294,31.105,53.8156,26.0989,52.4725,2.77778,0.396825,1095.02,176.93200000000004,1458.2,0.0,1.0,1.0,1.0,1.0,0.0,0.07783949999999999,44.2903,44.4979,44.0827,44.4979,0.129731,14.5685,96.8428,88.6994,89.7419,96.0149,0.0,7.95055,,0.0,0.0,-104.103,99.5781,95.1803,55.8964,329.1090000000001,54.3208,293.93,287.825,46.9705,422.635,422.786,419.568,525.009,498.429,604.0409999999998,426.195,419.496,531.712,496.425,604.4,412.04,409.323,514.746,514.03,613.138,411.102,410.02,513.9590000000002,513.4580000000002,615.0790000000002,430.677,430.533,534.927,534.354,613.545,431.61300000000006,430.749,534.211,534.64,612.203,603.251,603.969,21.5751,405.772,1156.85
2020-11-22 07:53:45,96.7949,97.5275,97.2833,98.6264,79.3956,80.1893,79.5788,81.105,37.149,37.3321,36.4164,37.149,15.1099,14.8046,15.7814,15.9035,15.7814,14.6825,14.9878,15.4151,50.2564,21.4408,27.0085,35.7021,95.3846,134.847,96.3614,78.5836,59,59,59,59,58.9438,59.4933,59.2491,59.6764,59,59,59,59,11.4469,11.2027,11.2637,11.3248,11.0195,10.7143,11.0195,11.2027,11.8132,12.4847,11.8742,11.8132,54.4872,56.1355,55.9524,55.5861,26.4652,25.7936,26.5873,26.6484,45.8791,59.6154,45.2076,44.9023,32.9365,33.3028,33.9133,33.3028,28.5409,27.9304,28.2357,28.602,44.6581,44.5971,44.536,44.7192,33.8523,33.9744,33.8523,34.9512,25.7936,26.16,26.4042,26.5263,44.7802,45.757,44.1697,44.6581,33.2418,33.3639,33.7912,32.8755,26.9536,26.7705,26.2821,30.7998,45.0855,44.2918,44.7802,45.2686,15.6593,14.6825,30.9829,15.4762,15.293,15.1099,38.9194,14.9878,16.0867,15.232,16.453,15.4151,35.3175,35.5006,36.0501,35.6838,97.2222,98.0769,97.2222,98.138,59.9817,59.188,60.1038,59.7375,59,59,59,59,59.6764,59.6764,59.6764,59.3712,5.7081800000000005,0.396825,0.763126,61.0195,41.1783,51.1294,31.105,53.8156,26.0989,52.4725,2.77778,0.396825,1092.66,176.93200000000004,1462.3,0.0,1.0,1.0,1.0,1.0,0.0,0.07783949999999999,44.2903,44.4979,44.0827,44.4979,0.129731,14.5685,96.9933,90.1556,89.7419,96.9437,0.0,7.95055,65.273,0.0,0.0,-102.197,99.5781,95.1803,56.4864,326.663,55.0332,290.945,287.825,47.9874,422.635,422.786,419.568,526.058,498.429,604.0409999999998,426.195,419.496,531.998,496.425,603.37,412.04,409.323,514.746,514.03,613.138,411.102,410.02,513.9590000000002,513.4580000000002,615.0790000000002,430.677,430.533,534.927,534.354,613.545,431.61300000000006,430.749,534.211,534.64,612.203,603.251,602.939,21.746,405.772,1157.41
2020-11-22 07:53:50,96.7949,97.5275,97.2833,98.6264,80.3724,80.1893,79.5788,81.105,37.7595,37.3321,37.149,37.149,15.1099,14.8046,15.7814,15.9035,15.7814,14.6825,14.9878,15.4151,51.5262,21.4408,27.0085,36.7766,96.2637,134.847,97.7289,77.7045,59,59,59,59,58.9438,59.4933,59.2491,59.6764,59,59,59,59,11.4469,11.2027,11.2637,11.3248,11.0195,10.7143,11.0195,11.2027,11.8132,12.4847,11.8742,11.8132,54.4872,56.1355,55.9524,55.5861,26.4652,25.7936,26.5873,26.6484,45.8791,59.6154,45.2076,44.9023,32.9365,33.3028,32.6923,33.3028,28.5409,28.4799,28.2357,28.602,44.6581,44.5971,44.536,44.7192,33.8523,33.9744,33.8523,34.4017,26.3431,26.16,26.4042,26.5263,44.7802,43.9866,44.1697,44.6581,33.2418,33.3639,33.7912,32.8755,26.9536,26.7705,26.2821,30.7998,45.0855,44.2918,44.7802,45.2686,15.6593,14.6825,30.9829,15.4762,15.293,15.1099,38.9194,14.9878,16.0867,15.232,16.453,15.4151,35.3175,35.5006,36.0501,35.6838,97.2222,98.0769,97.2222,98.138,59.9817,59.188,60.1038,59.7375,59,59,59,59,59.6764,59.6764,59.6764,59.3712,5.7081800000000005,0.396825,0.763126,61.0195,41.1783,51.1294,31.105,53.8156,26.0989,52.4725,2.77778,0.396825,1091.38,176.368,1464.04,0.0,1.0,1.0,1.0,1.0,0.0,0.07783949999999999,44.2903,44.0308,43.6157,44.4979,0.129731,14.5685,97.2992,91.1953,90.7811,95.8568,0.0,7.95055,64.943,0.0,0.0,-122.216,99.5781,95.1803,56.4864,325.277,55.0332,286.432,287.825,47.9874,422.635,422.786,419.568,526.058,498.429,604.0409999999998,426.195,419.496,532.165,496.425,603.37,412.04,409.323,514.746,514.03,613.138,411.102,410.02,513.9590000000002,513.4580000000002,615.0790000000002,430.677,430.533,534.927,534.354,613.545,431.61300000000006,430.749,534.211,534.64,612.203,603.251,602.939,21.746,405.772,1157.41
2020-11-22 07:53:55,96.7949,97.5275,97.2833,98.6264,80.3724,80.1893,79.5788,81.105,38.431,38.8584,38.1868,38.37,15.1099,14.8046,15.7814,15.1099,15.7814,14.6825,14.9878,15.4151,52.5031,22.4176,27.0085,36.7766,96.2637,136.02,99.1941,78.779,59,59,59,59,58.9438,59.4933,59.2491,59.6764,59,59,59,59,11.4469,11.2027,11.2637,11.3248,11.0195,10.7143,11.0195,11.2027,11.8132,12.4847,11.8742,11.8132,54.4872,56.1355,55.9524,55.5861,26.4652,25.7936,26.5873,26.6484,45.8791,59.6154,45.2076,44.9023,32.9365,33.3028,34.4017,32.6923,28.5409,28.4799,28.2357,28.602,44.6581,44.5971,44.536,44.7192,33.8523,33.9744,33.8523,34.4017,26.3431,26.16,26.4042,26.5263,44.7802,43.9866,44.1697,44.6581,33.2418,33.3639,33.7912,32.8755,26.9536,25.7936,26.2821,30.7998,45.0855,44.2918,44.7802,45.2686,15.6593,14.6825,30.9829,15.4762,15.293,15.1099,38.9194,14.9878,16.0867,15.232,16.453,15.4151,35.3175,35.5006,36.0501,35.6838,97.2222,98.0769,97.2222,98.138,59.9817,59.188,60.1038,59.7375,59,59,59,59,59.6764,59.6764,59.6764,59.3712,5.7081800000000005,0.396825,0.763126,61.0195,41.1783,51.1294,31.105,53.8156,26.0989,52.4725,2.77778,0.396825,1087.73,176.368,1466.94,0.0,1.0,1.0,1.0,1.0,0.0,0.07783949999999999,44.2903,44.0308,43.6157,44.4979,0.129731,14.5685,96.334,89.1331,90.7811,95.9391,0.0,7.95055,66.7551,0.0,0.0,-116.074,99.5781,95.1803,57.1275,323.415,54.4746,285.645,287.825,47.9874,422.635,422.786,419.568,526.058,498.429,604.0409999999998,426.195,419.496,532.452,496.425,603.37,412.04,409.323,514.746,514.03,613.138,411.102,410.02,513.9590000000002,513.4580000000002,615.0790000000002,430.677,430.533,534.927,534.354,613.545,431.61300000000006,430.749,534.211,534.64,612.203,603.251,602.939,21.746,405.772,1157.41
2020-11-22 07:54:00,96.7949,97.5275,97.2833,98.6264,80.3724,80.7387,79.5788,81.105,39.652,39.8962,39.2247,39.7741,15.1099,14.8046,15.7814,15.1099,15.7814,14.6825,14.9878,15.4151,53.5775,21.4408,27.0085,34.3346,96.2637,136.02,99.1941,79.6581,59,59,59,59,58.9438,59.4933,59.2491,59.6764,59,59,59,59,11.4469,11.2027,11.2637,11.3248,11.0195,10.7143,11.0195,11.2027,11.8132,12.4847,11.8742,11.8132,54.4872,56.1355,55.9524,55.5861,26.4652,25.7936,26.5873,26.6484,45.8791,59.6154,45.2076,44.9023,32.9365,33.3028,34.4017,32.0818,28.5409,28.4799,28.2357,28.602,44.6581,44.5971,44.536,44.7192,33.8523,33.9744,33.8523,34.4017,26.3431,26.16,26.4042,26.5263,44.7802,43.9866,44.1697,44.6581,33.2418,33.3639,33.7912,32.8755,26.9536,26.7094,26.2821,30.7998,45.0855,44.2918,44.7802,45.2686,15.6593,14.6825,30.9829,15.4762,15.293,15.1099,38.9194,14.9878,16.0867,15.232,16.453,15.4151,35.3175,35.5006,36.0501,35.6838,97.2222,98.0769,97.2222,98.138,59.9817,59.188,60.1038,59.7375,59,59,59,59,59.6764,59.6764,59.6764,59.3712,5.7081800000000005,0.396825,0.763126,61.0195,41.1783,51.1294,31.105,53.8156,26.0989,52.4725,2.77778,0.396825,1082.83,176.368,1463.55,0.0,1.0,1.0,1.0,1.0,0.0,0.07783949999999999,44.2903,44.0308,43.6157,44.4979,0.129731,14.5685,96.5569,87.8838,90.1453,95.6162,0.0,7.95055,64.9564,0.0,0.0,-116.031,99.5781,95.1803,57.6651,321.706,53.7063,286.944,287.825,47.9874,422.635,422.786,419.568,526.058,498.429,604.0409999999998,426.195,419.496,532.595,496.425,603.37,412.04,409.323,514.746,514.03,613.138,411.102,410.02,515.008,513.4580000000002,615.0790000000002,430.677,430.533,534.927,534.354,613.545,431.61300000000006,430.749,535.26,534.64,612.203,603.251,602.939,21.746,405.244,1156.87
2020-11-22 07:54:05,96.7949,97.5275,97.2833,98.6264,80.3724,80.7387,79.5788,81.105,39.652,41.3614,39.2247,39.7741,15.1099,14.8046,15.7814,15.6593,15.7814,14.6825,14.9878,15.4151,53.5775,21.4408,27.0085,34.3346,96.2637,135.14,97.3382,79.6581,59,59,59,59,58.9438,59.4933,59.2491,59.6764,59,59,59,59,11.4469,11.2027,11.2637,11.3248,11.0195,10.7143,11.0195,11.2027,11.8132,12.4847,11.8742,11.8132,54.4872,56.1355,55.9524,55.5861,26.4652,25.7936,26.5873,26.6484,45.8791,59.6154,45.2076,44.9023,32.9365,33.3028,34.4017,32.0818,28.5409,28.4799,28.2357,28.602,44.6581,44.5971,44.536,44.7192,33.8523,33.9744,33.8523,33.8523,26.3431,26.16,26.4042,26.5263,44.7802,43.9866,44.1697,44.6581,33.2418,33.3639,33.7912,32.8755,26.9536,26.7094,26.2821,30.7998,45.0855,44.2918,44.7802,45.0244,15.6593,14.6825,30.9829,15.4762,15.293,15.1099,38.9194,14.9878,16.0867,15.232,16.453,15.4151,35.3175,35.5006,36.0501,35.6838,97.2222,98.0769,97.2222,98.138,59.9817,59.188,60.1038,59.7375,59,59,59,59,59.6764,59.6764,59.6764,59.3712,5.7081800000000005,0.396825,0.763126,61.0195,41.1783,51.1294,31.105,53.8156,26.0989,52.4725,2.77778,0.396825,1082.74,175.787,1460.36,0.0,1.0,1.0,1.0,1.0,0.0,0.07783949999999999,44.2903,44.0308,43.6157,44.0308,0.129731,15.2595,95.3775,89.1532,87.4567,95.6162,0.0,7.95055,68.2968,0.0,0.0,-94.001,99.5781,95.1803,57.6651,322.29,54.3137,286.923,287.825,47.9874,422.635,422.786,419.568,526.058,498.429,604.0409999999998,426.195,419.496,532.738,496.425,603.37,412.04,409.323,514.746,514.03,613.138,411.102,410.02,515.008,513.4580000000002,615.0790000000002,430.677,430.533,534.927,534.354,613.545,431.61300000000006,430.749,535.26,534.64,612.203,603.251,602.939,21.746,405.244,1156.22
2020-11-22 07:54:10,96.7949,97.5275,97.2833,98.6264,80.3724,80.7387,79.5788,81.105,40.812,41.3614,40.3846,40.5067,15.1099,14.8046,15.7814,15.6593,15.7814,14.6825,14.9878,15.4151,52.5031,21.4408,27.0085,35.5067,95.3846,135.14,95.0916,79.6581,59,59,59,59,58.9438,59.4933,59.2491,59.6764,59,59,59,59,11.4469,11.2027,11.2637,11.3248,11.0195,10.7143,11.0195,11.2027,11.8132,12.4847,11.8742,11.8132,54.4872,56.1355,55.9524,55.5861,26.4652,25.7936,26.5873,26.6484,45.8791,59.6154,45.2076,44.9023,32.9365,33.3028,34.4017,35.7448,28.5409,28.4799,28.2357,28.602,44.6581,44.5971,44.536,44.7192,33.8523,33.9744,33.8523,33.8523,26.3431,26.16,26.4042,26.5263,44.7802,43.9866,44.1697,44.6581,33.2418,33.3639,33.7912,32.8755,26.9536,26.7094,26.2821,30.7998,45.0855,44.2918,44.7802,45.0244,15.6593,14.6825,30.9829,15.4762,15.293,15.1099,38.9194,14.9878,16.0867,15.232,16.453,15.4151,35.3175,35.5006,36.0501,35.6838,97.2222,98.0769,97.2222,98.138,59.9817,59.188,60.1038,59.7375,59,59,59,59,59.6764,59.6764,59.6764,59.3712,5.7081800000000005,0.396825,0.763126,61.0195,41.1783,51.1294,31.105,53.8156,26.0989,52.4725,2.77778,0.396825,1077.82,175.179,1475.45,0.0,1.0,1.0,1.0,1.0,0.0,0.07783949999999999,44.2903,44.0308,43.6157,44.0308,0.129731,15.921,95.9926,87.3943,89.9857,97.1432,0.0,7.95055,67.58,0.0,0.0,-82.7775,99.5781,95.1803,57.1275,322.29,53.7438,283.555,287.825,47.9874,422.635,422.786,420.577,526.058,498.429,604.0409999999998,426.195,419.496,532.881,496.425,603.37,412.04,409.323,514.746,514.03,613.138,411.102,410.02,515.008,513.4580000000002,615.0790000000002,430.677,430.533,534.927,534.354,613.545,431.61300000000006,430.749,535.26,534.64,612.203,603.251,602.939,21.746,404.715,1155.01
2020-11-22 07:54:15,96.7949,97.5275,97.2833,98.6264,80.3724,81.2882,79.5788,81.105,41.3614,41.3614,41.1783,41.0562,15.1099,14.8046,15.7814,15.6593,15.7814,14.6825,14.9878,15.4151,51.5262,21.4408,27.0085,36.6789,95.3846,135.14,93.431,78.779,59,59,59,59,58.9438,59.4933,59.2491,59.6764,59,59,59,59,11.4469,11.2027,11.2637,11.3248,11.0195,10.7143,11.0195,11.2027,11.8132,12.4847,11.8742,11.8132,54.4872,56.1355,55.9524,55.5861,26.4652,25.7936,26.5873,26.6484,45.8791,59.6154,45.2076,44.9023,32.9365,33.3028,34.4017,35.7448,28.5409,28.4799,28.2357,28.602,44.6581,44.5971,44.536,44.7192,33.8523,33.9744,33.8523,33.3028,26.3431,26.16,26.4042,26.5263,44.7802,43.9866,44.1697,44.6581,33.2418,33.3639,33.7912,32.8755,26.9536,26.4652,26.2821,30.7998,45.0855,44.2918,44.7802,45.0244,15.6593,14.6825,30.9829,15.4762,14.7436,15.1099,38.9194,14.9878,16.0867,15.232,16.453,15.4151,35.3175,35.5006,36.0501,35.6838,97.2222,98.0769,97.2222,98.138,59.9817,59.188,60.1038,59.7375,59,59,59,59,59.6764,59.6764,59.6764,59.3712,5.7081800000000005,0.396825,0.763126,61.0195,41.1783,51.1294,31.105,53.8156,26.0989,52.4725,2.77778,0.396825,1074.13,174.678,1466.32,0.0,1.0,1.0,1.0,1.0,0.0,0.07783949999999999,43.7714,44.0308,43.1487,44.0308,0.129731,16.5238,97.3762,89.8391,88.2927,95.6002,0.0,7.95055,67.0391,0.0,0.0,-75.8602,99.5781,95.1803,56.3149,323.8590000000001,53.7438,278.44,287.825,47.9874,423.667,423.794,420.577,526.058,498.429,603.036,426.195,419.496,533.024,496.425,603.37,412.04,409.323,514.746,515.08,613.138,411.102,410.02,515.008,513.4580000000002,615.0790000000002,430.677,430.533,534.927,534.354,613.545,431.61300000000006,430.749,535.26,534.64,612.203,603.251,602.939,21.746,404.715,1153.84
2020-11-22 07:54:20,96.7949,97.5275,97.2833,98.6264,80.3724,81.2882,79.5788,81.105,42.5824,42.2161,42.6435,41.7888,15.1099,14.8046,15.7814,15.6593,15.7814,14.6825,14.9878,15.4151,52.4054,22.4176,27.0085,37.558,95.3846,133.871,94.4078,78.779,59,59,59,59,58.9438,59.4933,59.2491,59.6764,59,59,59,59,11.4469,11.2027,11.2637,11.3248,11.0195,10.7143,11.0195,11.2027,11.8132,12.4847,11.8742,11.8132,54.4872,56.1355,55.9524,55.5861,26.4652,25.7936,26.5873,26.6484,45.8791,59.6154,45.2076,44.9023,32.9365,33.3028,34.4017,35.7448,28.5409,28.4799,28.2357,28.602,44.6581,44.5971,44.536,44.7192,33.8523,33.9744,33.8523,33.3028,25.7936,26.16,26.4042,26.5263,44.7802,43.9866,44.1697,44.6581,33.2418,33.3639,33.547,32.8755,26.9536,26.4652,26.2821,30.7998,45.0855,44.2918,44.7802,45.0244,15.6593,14.6825,30.9829,15.4762,14.7436,15.1099,38.9194,14.9878,16.0867,15.232,16.453,15.4151,35.3175,35.5006,36.0501,35.6838,97.2222,98.0769,97.2222,98.138,59.9817,59.188,60.1038,59.7375,59,59,59,59,59.6764,59.6764,59.6764,59.3712,5.7081800000000005,0.396825,0.763126,61.0195,41.1783,51.1294,31.105,53.8156,26.0989,52.4725,2.77778,0.396825,1071.69,174.134,1476.89,0.0,1.0,1.0,1.0,1.0,0.0,0.07783949999999999,43.7714,43.5638,43.1487,43.5638,0.129731,16.5238,96.9553,90.8268,89.5555,96.2466,0.0,7.95055,67.3059,0.0,0.0,-53.3326,99.5781,95.1803,56.3149,323.8590000000001,53.7438,275.42,287.825,47.9874,423.667,423.794,420.577,527.06,498.429,603.036,426.195,419.496,533.143,496.425,603.37,412.04,409.323,514.746,515.08,613.138,411.102,410.02,515.008,513.4580000000002,615.0790000000002,430.677,430.533,534.927,534.354,613.545,431.61300000000006,430.749,535.26,534.64,612.203,603.251,602.939,21.746,406.301,1151.37
2020-11-22 07:54:25,96.7949,97.5275,97.2833,98.6264,80.3724,81.8376,79.5788,81.105,42.5824,43.0708,42.6435,42.3382,15.1099,14.8046,15.7814,15.6593,15.7814,14.6825,14.9878,15.4151,54.2613,22.4176,27.0085,36.4835,95.3846,133.871,93.2356,78.779,59,59,59,59,58.9438,59.4933,59.2491,59.6764,59,59,59,59,11.4469,11.2027,11.2637,11.3248,11.0195,10.7143,11.0195,11.2027,11.8132,12.4847,11.8742,11.8132,54.4872,56.1355,55.9524,55.5861,26.4652,25.7936,26.5873,26.6484,45.8791,59.6154,45.2076,44.9023,32.9365,33.3028,34.4017,34.8901,28.5409,28.4799,28.2357,28.602,44.6581,44.5971,44.536,44.7192,33.8523,33.9744,33.8523,33.3028,25.7936,26.16,26.4042,26.5263,44.7802,43.9866,44.1697,44.6581,33.2418,33.3639,33.547,32.8755,26.9536,26.4652,26.2821,30.7998,45.0855,44.2918,44.7802,44.3529,15.6593,14.6825,30.9829,15.4762,14.7436,15.1099,38.9194,14.9878,16.0867,15.232,16.453,15.4151,35.3175,35.5006,36.0501,35.6838,97.2222,98.0769,97.2222,98.138,59.9817,59.188,60.1038,59.7375,59,59,59,59,59.6764,59.6764,59.6764,59.3712,5.7081800000000005,0.396825,0.763126,61.0195,41.1783,51.1294,31.105,53.8156,26.0989,52.4725,2.77778,0.396825,1069.25,174.134,1467.32,0.0,1.0,1.0,1.0,1.0,0.0,0.07783949999999999,43.7714,43.5638,43.1487,43.5638,0.129731,16.5238,96.9553,89.5774,88.8165,95.9987,0.0,7.95055,67.3059,0.0,0.0,-39.5567,99.5781,95.1803,56.3149,322.37,52.6026,273.916,287.825,47.9874,423.667,423.794,420.577,527.06,498.429,603.036,426.195,419.496,533.143,496.425,603.37,412.04,409.323,514.746,515.08,613.138,411.102,410.02,515.008,513.4580000000002,615.0790000000002,430.677,430.533,534.927,534.354,613.545,431.61300000000006,430.749,535.26,534.64,612.203,602.221,602.939,21.746,406.301,1149.63
2020-11-22 07:54:30,96.7949,97.5275,97.2833,98.6264,80.3724,81.8376,79.5788,81.105,43.1319,43.0708,42.6435,43.0098,15.1099,14.8046,15.7814,15.6593,15.7814,14.6825,14.9878,15.4151,54.2613,22.4176,27.8877,36.4835,96.4591,133.871,94.1148,79.6581,59,59,59,59,58.9438,59.4933,59.2491,59.6764,59,59,59,59,11.4469,11.2027,11.2637,11.3248,11.0195,10.7143,11.0195,11.2027,11.8132,12.4847,11.8742,11.8132,54.4872,56.1355,55.4029,55.5861,26.4652,25.7936,26.5873,26.6484,45.8791,59.6154,45.2076,44.9023,32.9365,33.3028,33.7302,34.2796,28.5409,27.9304,28.2357,28.602,44.6581,44.5971,44.536,44.7192,33.8523,33.9744,33.8523,33.3028,25.7936,26.16,26.4042,26.5263,44.7802,43.9866,44.1697,44.6581,33.2418,33.3639,33.547,32.8755,26.9536,25.4274,26.2821,30.7998,45.0855,44.2918,44.7802,44.3529,15.6593,14.6825,30.9829,15.4762,14.7436,15.1099,38.9194,14.9878,16.0867,15.232,16.453,15.4151,35.3175,35.5006,36.0501,35.6838,97.2222,98.0769,97.2222,98.138,59.9817,59.188,60.1038,59.7375,59,59,59,59,59.6764,59.6764,59.6764,59.3712,5.7081800000000005,0.396825,0.763126,61.0195,41.1783,51.1294,31.105,53.8156,27.381,52.4725,2.77778,0.396825,1075.26,174.731,1469.29,0.0,1.0,1.0,1.0,1.0,0.0,0.07783949999999999,43.7714,44.0308,43.1487,43.5638,0.129731,16.5238,96.5116,88.309,88.8165,95.9457,0.0,7.95055,69.0711,0.0,0.0,-58.8479,99.5781,95.1803,55.6284,321.17,52.6634,272.665,287.825,47.9874,423.667,423.794,420.577,527.06,498.429,603.036,426.195,419.496,533.286,496.425,603.37,412.04,409.323,514.746,515.08,613.138,411.102,410.02,515.008,513.4580000000002,615.0790000000002,430.677,430.533,534.927,534.354,613.545,431.61300000000006,430.749,535.26,534.64,612.203,602.221,602.939,21.746,405.772,1147.83
2020-11-22 07:54:35,96.7949,97.5275,97.2833,98.6264,80.3724,82.3871,79.5788,81.105,43.1319,44.0476,43.4371,43.0098,15.1099,14.8046,15.7814,15.6593,15.7814,14.6825,14.9878,15.4151,54.2613,22.4176,27.8877,36.4835,97.7289,133.871,94.1148,79.6581,59,59,59,59,58.9438,59.4933,59.2491,59.6764,59,59,59,59,11.4469,11.2027,11.2637,11.3248,11.0195,10.7143,11.0195,11.2027,11.8132,12.4847,11.8742,11.8132,54.4872,56.1355,55.4029,55.5861,26.4652,25.7936,26.5873,26.6484,45.8791,59.6154,45.2076,44.9023,32.9365,33.3028,33.1197,34.2796,28.5409,27.9304,28.2357,28.602,44.6581,44.5971,44.536,44.7192,33.8523,33.9744,33.8523,33.3028,25.7936,26.16,26.4042,26.5263,43.8034,43.9866,44.1697,44.6581,33.2418,33.3639,33.547,32.8755,26.9536,26.4042,26.2821,30.7998,45.0855,44.2918,44.7802,44.3529,15.6593,14.6825,30.9829,15.4762,14.7436,15.1099,38.9194,14.9878,16.0867,15.232,16.453,15.4151,35.3175,35.5006,36.0501,35.6838,97.2222,98.0769,97.2222,98.138,59.9817,59.188,60.1038,59.7375,59,59,59,59,59.6764,59.6764,59.6764,59.3712,5.7081800000000005,0.396825,0.763126,61.0195,41.1783,51.1294,31.105,53.8156,27.381,52.4725,2.77778,0.396825,1081.32,174.731,1463.21,0.0,1.0,1.0,1.0,1.0,0.0,0.07783949999999999,43.7714,44.0308,43.1487,43.5638,0.129731,16.5238,96.5116,89.1537,88.8165,95.273,0.0,7.95055,67.82300000000001,0.0,0.0,-29.8985,99.5781,95.1803,54.7598,320.638,52.1484,271.663,287.825,47.9874,423.667,423.794,420.577,527.06,498.429,603.036,426.195,420.55300000000005,533.286,496.425,603.37,412.04,409.323,515.795,515.08,613.138,411.102,410.02,515.008,513.4580000000002,615.0790000000002,430.677,430.533,534.927,534.354,613.545,431.61300000000006,430.749,535.26,534.64,612.203,602.221,602.939,21.746,406.301,1147.33
2020-11-22 07:54:40,96.7949,97.5275,97.2833,98.6264,80.3724,82.3871,79.5788,81.105,43.6813,44.0476,43.4371,43.0098,15.1099,14.8046,15.7814,15.6593,15.7814,14.6825,14.9878,15.4151,55.3358,21.3431,27.8877,35.5067,97.7289,131.917,93.138,79.3651,59,59,59,59,58.9438,59.4933,59.2491,59.6764,59,59,59,59,11.4469,11.2027,11.2637,11.3248,10.4701,10.7143,11.0195,11.2027,11.8132,12.4847,11.8742,11.8132,54.4872,56.1355,55.4029,55.5861,26.4652,25.7936,26.5873,26.6484,45.2076,59.6154,45.2076,44.9023,32.9365,33.3028,32.5092,33.547,28.5409,27.9304,28.2357,28.602,44.6581,44.5971,44.536,44.7192,33.8523,33.9744,33.8523,33.3028,25.7936,26.16,26.4042,26.5263,43.8034,43.9866,44.1697,44.6581,33.2418,33.3639,33.547,32.8755,26.9536,26.4042,26.2821,30.7998,45.0855,44.2918,44.7802,44.3529,15.6593,14.6825,30.9829,15.4762,14.7436,15.1099,38.9194,14.9878,16.0867,15.232,16.453,15.4151,35.3175,35.5006,36.0501,35.6838,97.2222,98.0769,97.2222,98.138,59.9817,59.188,60.1038,59.7375,59,59,59,59,59.6764,59.6764,59.6764,59.3712,5.7081800000000005,0.396825,0.763126,61.0195,41.1783,51.1294,31.105,53.8156,27.9304,52.4725,2.77778,0.396825,1089.66,175.25099999999995,1461.72,0.0,1.0,1.0,1.0,1.0,0.0,0.07783949999999999,43.7714,44.0308,43.1487,44.0308,0.129731,15.1272,96.5116,87.9327,89.5211,95.8209,0.0,7.95055,65.755,0.0,0.0,-42.5602,99.5781,95.1803,52.2512,320.638,52.1346,270.656,287.825,47.9874,423.667,423.794,420.577,527.06,498.429,603.036,427.251,420.55300000000005,533.286,496.425,603.37,412.04,409.323,515.795,515.08,613.138,411.102,410.02,515.008,513.4580000000002,615.0790000000002,430.677,430.533,534.927,534.354,613.545,431.61300000000006,430.749,535.26,534.64,612.203,602.221,602.939,21.746,406.301,1147.33
2020-11-22 07:54:45,96.7949,97.5275,97.2833,98.6264,80.3724,82.3871,79.5788,81.105,44.2308,44.0476,43.4371,43.5592,15.1099,14.8046,15.7814,14.9878,15.7814,14.6825,14.9878,15.4151,54.4566,21.3431,27.8877,36.3858,97.7289,130.745,91.1844,79.3651,59,59,59,59,58.9438,59.4933,59.2491,59.6764,59,59,59,59,11.4469,11.2027,11.2637,11.3248,10.4701,10.7143,11.0195,11.2027,11.8132,12.4847,12.4237,11.8132,54.4872,56.1355,55.4029,55.5861,26.4652,25.7936,26.5873,26.6484,45.2076,59.6154,45.2076,44.9023,32.9365,33.3028,31.9597,33.547,28.5409,27.9304,28.2357,28.602,44.6581,44.5971,44.536,44.7192,33.8523,33.9744,33.8523,33.3028,25.7936,26.16,26.4042,26.5263,43.8034,43.9866,43.6203,44.6581,33.2418,33.3639,33.547,32.8755,26.9536,26.4042,26.2821,30.7998,45.0855,44.2918,44.7802,44.3529,15.6593,14.6825,30.9829,15.4762,14.7436,15.1099,38.9194,14.9878,16.0867,15.232,16.453,15.4151,35.3175,35.5006,36.0501,35.6838,97.2222,98.0769,97.2222,98.138,59.9817,59.188,60.1038,59.7375,59,59,59,59,59.6764,59.6764,59.6764,59.3712,5.7081800000000005,0.396825,0.763126,61.0195,41.1783,51.1294,31.105,53.8156,27.9304,52.4725,2.77778,0.396825,1090.81,175.25099999999995,1464.48,0.0,1.0,1.0,1.0,1.0,0.0,0.07783949999999999,43.7714,44.0308,43.1487,44.0308,0.129731,14.3627,95.7028,91.3195,89.5211,96.957,0.0,7.95055,65.7823,0.0,0.0,-26.1017,99.5781,95.1803,51.7167,320.638,52.1346,270.656,287.825,47.9874,423.667,423.794,420.577,527.06,498.429,603.036,427.251,420.55300000000005,533.143,496.425,603.37,412.04,409.323,515.795,515.08,613.138,411.102,410.02,515.008,513.4580000000002,615.0790000000002,430.677,430.533,534.927,534.354,613.545,431.61300000000006,430.749,535.26,534.64,612.203,602.221,602.939,21.746,406.301,1149.13
2020-11-22 07:54:50,96.7949,97.5275,97.2833,98.6264,80.3724,82.3871,79.5788,81.105,44.8413,44.0476,43.4371,43.5592,15.1099,14.8046,15.7814,15.5372,15.7814,14.6825,14.9878,15.4151,53.5775,21.3431,27.8877,36.3858,96.6544,133.089,92.0635,79.3651,59,59,59,59,58.9438,59.4933,59.2491,59.6764,59,59,59,59,11.4469,11.2027,11.2637,11.3248,10.4701,10.7143,11.0195,11.2027,11.8132,12.4847,12.4237,11.8132,54.4872,56.1355,55.4029,55.5861,26.4652,25.7936,26.5873,26.6484,45.2076,59.6154,45.2076,44.9023,32.9365,33.3028,31.2271,32.7534,28.5409,27.9304,28.2357,28.602,44.6581,44.5971,44.536,44.7192,33.8523,33.9744,33.8523,33.3028,25.7936,26.16,26.4042,26.5263,43.8034,43.9866,43.6203,44.6581,33.2418,33.3639,33.547,32.8755,26.9536,26.7094,26.2821,30.7998,45.0855,44.2918,44.2308,44.3529,15.6593,14.6825,30.9829,15.4762,15.293,15.1099,38.9194,14.9878,16.0867,15.232,16.453,15.4151,35.3175,35.5006,36.0501,35.6838,97.2222,98.0769,97.2222,98.138,59.9817,59.188,60.1038,59.7375,59,59,59,59,59.6764,59.6764,59.6764,59.3712,5.7081800000000005,0.396825,0.763126,61.0195,41.1783,51.1294,31.105,53.8156,27.9304,52.4725,2.77778,0.396825,1093.2,175.25099999999995,1469.52,0.0,1.0,1.0,1.0,1.0,0.0,0.07783949999999999,43.7714,44.0308,43.1487,44.0308,0.129731,14.3627,96.5648,88.3953,89.3482,96.957,0.0,7.95055,64.6427,0.0,0.0,-36.8212,99.5781,95.1803,51.7167,319.013,52.1346,271.618,287.825,47.9874,423.667,423.794,420.577,527.06,497.427,603.036,427.251,420.55300000000005,533.0,496.425,603.37,412.04,409.323,515.795,515.08,613.138,411.102,410.02,515.008,513.4580000000002,615.0790000000002,430.677,430.533,534.927,534.354,613.545,431.61300000000006,430.749,535.26,534.64,613.257,602.221,602.939,21.746,405.772,1150.58
2020-11-22 07:54:55,96.7949,97.5275,97.2833,98.6264,80.3724,82.3871,79.5788,81.105,44.8413,44.0476,43.4371,43.5592,15.1099,14.8046,15.7814,15.5372,15.7814,14.6825,14.9878,15.4151,51.917,21.3431,27.8877,37.265,96.6544,134.066,93.138,78.486,59,59,59,59,58.9438,59.4933,59.2491,59.6764,59,59,59,59,11.4469,11.2027,11.2637,11.3248,10.4701,11.3248,11.0195,11.2027,11.8132,12.4847,12.4237,11.8132,54.4872,56.1355,55.4029,55.5861,26.4652,25.7936,26.0379,26.6484,45.2076,59.6154,44.1697,44.9023,32.9365,33.3028,34.4628,32.7534,28.5409,27.9304,28.2357,28.602,44.6581,44.5971,44.536,44.7192,33.8523,33.9744,33.8523,34.9512,25.7936,26.16,26.4042,25.9158,43.8034,43.9866,43.6203,44.6581,33.2418,33.3639,33.547,32.8755,26.9536,26.7094,26.2821,30.7998,45.0855,44.2918,44.2308,44.3529,15.6593,14.6825,30.9829,15.4762,15.293,15.1099,38.9194,14.9878,16.0867,15.232,16.453,15.4151,35.3175,35.5006,36.0501,35.6838,97.2222,98.0769,97.2222,98.138,59.9817,59.188,60.1038,59.7375,59,59,59,59,59.6764,59.6764,59.6764,59.3712,5.7081800000000005,0.396825,0.763126,61.0195,41.1783,51.1294,33.0586,53.8156,27.9304,52.4725,2.77778,0.396825,1091.95,175.25099999999995,1465.94,0.0,1.0,1.0,1.0,1.0,0.0,0.07783949999999999,43.7714,44.0308,43.1487,44.0308,0.129731,13.7306,97.6212,91.3058,90.2673,96.957,0.0,7.95055,67.5559,0.0,0.0,-51.3648,99.5781,95.1803,51.7167,317.611,52.1346,275.421,287.825,47.9874,423.667,423.794,420.577,527.06,497.427,603.036,427.251,420.55300000000005,532.857,496.425,603.37,412.04,409.323,515.795,515.08,613.138,411.102,410.02,515.008,513.4580000000002,615.0790000000002,430.677,430.533,534.927,534.354,613.545,431.61300000000006,430.749,535.26,534.64,613.257,602.221,602.939,21.746,405.772,1151.93
2020-11-22 07:55:00,96.7949,97.5275,97.2833,98.6264,80.3724,82.9365,79.5788,81.105,44.8413,44.0476,43.4371,43.5592,15.1099,14.8046,15.7814,15.5372,15.7814,14.6825,14.9878,15.4151,52.7961,21.3431,27.8877,38.1441,95.6777,134.066,94.0171,79.4628,59,59,59,59,58.9438,59.4933,59.2491,59.6764,59,59,59,59,11.4469,11.2027,11.2637,11.3248,10.5311,11.8742,11.0195,11.2027,11.8132,12.4847,12.4237,11.8132,54.4872,56.1355,55.4029,55.5861,26.4652,25.7936,26.0379,26.6484,45.2076,59.6154,44.1697,44.9023,32.9365,33.3028,34.4628,32.0208,28.5409,27.9304,28.2357,28.602,44.6581,44.5971,44.536,44.1697,33.8523,33.9744,33.8523,34.9512,25.7936,26.16,26.4042,25.9158,43.8034,43.9866,43.6203,44.6581,33.2418,33.3639,33.547,32.8755,26.9536,26.7094,26.2821,30.7998,45.0855,44.2918,44.2308,44.3529,15.6593,14.6825,30.9829,15.4762,15.293,15.1099,38.9194,14.9878,16.0867,15.232,16.453,15.4151,35.3175,35.5006,36.0501,35.6838,97.2222,98.0769,97.2222,98.138,59.9817,59.188,60.1038,59.7375,59,59,59,59,59.6764,59.6764,59.6764,59.3712,5.7081800000000005,0.396825,0.763126,61.0195,41.1783,51.1294,33.0586,53.8156,27.9304,52.4725,2.77778,0.396825,1091.95,174.739,1453.18,0.0,1.0,1.0,1.0,1.0,0.0,0.07783949999999999,43.7714,44.0308,43.1487,44.0308,0.129731,13.7306,95.7121,87.12700000000002,91.02,96.9508,0.0,7.95055,67.7378,0.0,0.0,-69.782,99.5781,95.1803,51.0545,318.138,51.4067,277.732,287.825,47.9874,423.667,423.794,420.577,527.06,497.427,603.036,427.251,420.55300000000005,532.857,496.425,603.37,412.04,409.323,515.795,515.08,613.138,411.102,410.02,515.008,513.4580000000002,615.0790000000002,430.677,430.533,534.927,534.354,613.545,431.61300000000006,430.749,535.26,534.64,613.257,602.221,602.939,21.746,405.772,1152.56
2020-11-22 07:55:05,96.7949,97.5275,97.2833,98.6264,80.3724,82.9365,79.5788,81.105,44.8413,44.0476,43.4371,43.5592,15.1099,14.8046,15.7814,15.5372,15.7814,14.6825,14.9878,15.4151,51.917,22.6129,27.8877,38.1441,95.6777,134.066,96.2637,79.4628,59,59,59,59,58.9438,59.4933,59.2491,59.6764,59,59,59,59,11.4469,11.2027,11.2637,11.3248,10.5311,10.6532,11.0195,11.2027,11.8132,12.4847,12.4237,11.8132,54.4872,56.1355,55.4029,55.5861,26.4652,25.7936,26.0379,26.6484,45.2076,59.6154,44.1697,44.9023,32.9365,33.3028,34.4628,31.4103,28.5409,27.9304,28.2357,28.602,44.6581,44.5971,44.536,44.1697,33.8523,33.9744,33.8523,34.9512,25.7936,26.16,26.4042,25.9158,43.8034,43.9866,43.6203,44.6581,33.2418,33.3639,33.547,32.8755,26.9536,25.6716,26.2821,30.7998,45.0855,44.2918,44.2308,44.3529,15.6593,14.6825,30.9829,15.4762,15.293,15.1099,38.9194,14.9878,16.0867,15.232,16.453,15.4151,35.3175,35.5006,36.0501,35.6838,97.2222,98.0769,97.2222,98.138,59.9817,59.188,60.1038,59.7375,59,59,59,59,59.6764,59.6764,59.6764,59.3712,5.7081800000000005,0.396825,0.763126,61.0195,41.1783,51.1294,33.0586,52.4725,27.9304,51.3736,2.77778,0.396825,1091.98,174.739,1456.51,0.0,1.0,1.0,1.0,1.0,0.0,0.07783949999999999,43.7714,44.0308,43.1487,44.0308,0.129731,13.7306,95.9969,89.4159,89.5681,95.2538,0.0,7.95055,67.7342,0.0,0.0,-62.9638,99.5781,95.1803,51.0545,316.029,52.0225,277.986,287.825,47.9874,423.667,423.794,420.577,527.06,497.427,603.036,427.251,420.55300000000005,532.714,496.425,603.37,412.04,409.323,515.795,515.08,613.138,411.102,410.02,515.008,514.507,615.0790000000002,430.677,430.533,534.927,534.354,613.545,431.61300000000006,430.749,535.26,534.64,613.257,602.221,602.939,21.746,405.772,1153.71
2020-11-22 07:55:10,96.7949,97.5275,97.2833,98.6264,80.3724,82.9365,80.1282,81.105,43.1319,44.0476,43.4371,43.5592,15.1099,14.8046,15.7814,15.5372,15.7814,14.6825,14.9878,15.4151,51.917,22.6129,27.8877,39.0232,95.6777,134.066,96.2637,79.4628,59,59,59,59,58.9438,59.4933,59.2491,59.6764,59,59,59,59,11.4469,11.2027,11.2637,11.3248,10.5311,10.6532,11.0195,11.2027,11.8132,12.4847,12.4237,11.8132,54.4872,56.1355,55.9524,55.5861,26.4652,25.7936,25.4274,26.6484,45.2076,59.6154,44.1697,44.9023,32.9365,33.3028,34.4628,31.4103,28.5409,27.9304,28.2357,28.602,44.6581,44.5971,44.536,44.1697,33.8523,33.9744,33.8523,34.9512,25.7936,26.16,26.4042,25.9158,43.8034,43.9866,43.6203,44.6581,33.2418,33.3639,33.547,32.8755,26.9536,26.7705,26.2821,30.7998,45.0855,44.2918,44.2308,44.3529,15.6593,14.6825,30.9829,15.4762,15.293,15.1099,38.9194,14.9878,16.0867,15.232,16.453,15.4151,35.3175,35.5006,36.0501,35.6838,97.2222,98.0769,97.2222,98.138,59.9817,59.188,60.1038,59.7375,59,59,59,59,59.6764,59.6764,59.6764,59.3712,5.7081800000000005,0.396825,0.763126,61.0195,41.1783,51.1294,33.0586,52.4725,27.9304,51.3736,2.77778,0.396825,1091.98,174.739,1460.55,0.0,1.0,1.0,1.0,1.0,0.0,0.07783949999999999,43.7714,44.0308,43.1487,44.0308,0.129731,13.7306,96.5676,86.6988,87.2915,95.9948,0.0,7.95055,66.7974,0.0,0.0,-49.9058,99.5781,95.1803,51.0545,314.409,52.8294,275.165,287.825,47.9874,423.667,423.794,420.577,527.06,497.427,603.036,427.251,420.55300000000005,532.571,496.425,603.37,412.04,409.323,515.795,515.08,613.138,411.102,410.02,515.008,514.507,615.0790000000002,430.677,430.533,534.927,534.354,613.545,431.61300000000006,430.749,535.26,534.64,613.257,602.221,602.939,21.746,406.301,1154.22
2020-11-22 07:55:15,96.7949,97.5275,97.2833,98.6264,80.3724,82.9365,80.1282,81.105,43.1319,44.0476,43.4371,43.5592,15.1099,14.8046,15.7814,15.5372,15.7814,14.6825,14.9878,15.4151,52.7961,22.6129,28.7668,39.0232,96.5568,134.066,97.2405,78.1929,59,59,59,59,58.9438,59.4933,59.2491,59.6764,59,59,59,59,11.4469,11.2027,11.2637,11.3248,10.5311,10.6532,11.0195,11.2027,11.8132,12.4847,12.4237,11.8132,54.4872,56.1355,55.9524,55.5861,26.4652,25.7936,26.0379,26.6484,45.2076,59.6154,44.1697,44.9023,32.9365,33.3028,34.4628,34.8901,28.5409,27.9304,28.2357,28.602,44.6581,44.5971,44.536,43.6203,33.8523,33.9744,33.8523,34.9512,25.7936,26.16,26.4042,25.9158,43.8034,43.9866,43.6203,44.6581,33.2418,33.3639,33.547,32.8755,26.9536,26.7705,26.2821,30.7998,45.0855,44.2918,44.2308,44.3529,15.6593,14.6825,30.9829,15.4762,15.293,15.1099,38.9194,14.9878,16.0867,15.232,16.453,15.4151,35.3175,35.5006,36.0501,35.6838,97.2222,98.0769,97.2222,98.138,59.9817,59.188,60.1038,59.7375,59,59,59,59,59.6764,59.6764,59.6764,59.3712,5.7081800000000005,0.396825,0.763126,61.0195,41.1783,51.1294,33.0586,53.6325,27.9304,51.3736,2.77778,0.396825,1089.51,174.739,1464.26,0.0,1.0,1.0,1.0,1.0,0.0,0.07783949999999999,43.7714,43.5638,43.1487,44.0308,0.129731,13.7306,96.3686,90.6993,89.4859,95.9948,0.0,7.95055,66.1901,0.0,0.0,-40.1886,99.5781,95.1803,50.4872,315.578,52.1422,271.858,287.825,47.9874,423.667,423.794,421.633,527.06,497.427,602.006,427.251,420.55300000000005,532.427,496.425,603.37,412.04,409.323,515.795,515.08,613.138,411.102,410.02,515.008,514.507,615.0790000000002,430.677,430.533,534.927,535.403,613.545,431.61300000000006,430.749,535.26,534.64,613.257,602.221,602.939,21.746,405.772,1154.75
2020-11-22 07:55:20,96.7949,97.5275,97.2833,98.6264,80.3724,82.9365,80.1282,81.105,43.1319,42.7045,43.4371,43.5592,15.1099,14.8046,15.7814,15.5372,15.7814,14.6825,14.9878,15.4151,51.5262,21.7338,28.7668,38.0464,95.6777,131.917,96.2637,78.1929,59,59,59,59,58.9438,59.4933,59.2491,59.6764,59,59,59,59,11.4469,11.2027,11.2637,11.3248,10.5311,10.6532,11.0195,11.2027,11.8132,12.4847,11.8742,11.8132,54.4872,56.1355,55.9524,55.5861,26.4652,25.7936,26.0379,26.6484,45.2076,59.6154,44.1697,44.2918,32.9365,33.3028,34.4628,34.8901,28.5409,27.9304,28.2357,28.602,44.6581,44.5971,44.536,43.6203,33.8523,33.9744,33.8523,34.9512,25.7936,26.16,26.4042,25.9158,43.8034,43.9866,43.6203,44.6581,33.2418,33.3639,33.547,32.8755,26.9536,25.2442,26.2821,30.7998,45.0855,44.2918,44.2308,44.3529,15.6593,14.6825,30.9829,15.4762,15.293,15.1099,38.9194,14.9878,16.0867,15.232,16.453,15.4151,35.3175,35.5006,36.0501,35.6838,97.2222,98.0769,97.2222,98.138,59.9817,59.188,60.1038,59.7375,59,59,59,59,59.6764,59.6764,59.6764,59.3712,5.7081800000000005,0.396825,0.763126,61.0195,41.1783,51.1294,33.0586,53.6325,27.9304,51.3736,2.77778,0.396825,1090.73,174.18099999999995,1455.35,0.0,1.0,1.0,1.0,1.0,0.0,0.07783949999999999,43.7714,43.5638,43.1487,43.5638,0.129731,13.7306,95.4875,88.1766,87.7467,96.7827,0.0,7.95055,66.4246,0.0,0.0,-21.4239,99.5781,95.1803,50.4872,316.834,52.1422,271.346,287.825,48.9923,423.667,423.794,421.633,527.06,497.427,602.006,427.251,420.55300000000005,532.284,496.425,603.37,412.04,409.323,515.795,515.08,613.138,411.102,410.02,515.008,514.507,615.0790000000002,430.677,430.533,534.927,535.403,613.545,431.61300000000006,430.749,535.26,534.64,613.257,601.216,602.939,21.917,405.772,1154.75
2020-11-22 07:55:25,96.7949,97.5275,97.2833,98.6264,80.3724,82.9365,80.1282,81.105,43.1319,42.7045,43.4371,43.5592,15.1099,14.8046,15.7814,15.5372,15.7814,14.6825,14.9878,15.4151,51.5262,21.7338,28.7668,38.0464,95.6777,130.64700000000002,96.2637,79.5604,59,59,59,59,58.9438,59.4933,59.2491,59.6764,59,59,59,59,11.4469,11.2027,11.2637,11.3248,10.5311,10.6532,11.0195,11.2027,11.8132,12.4847,11.8742,11.8132,54.4872,56.1355,55.9524,55.5861,26.4652,25.7936,26.0379,26.6484,45.2076,59.6154,44.1697,44.2918,32.9365,33.3028,34.4628,34.8901,28.5409,27.9304,28.2357,28.602,44.6581,44.5971,44.536,43.6203,33.8523,33.9744,33.8523,34.4017,25.7936,26.16,26.4042,25.9158,43.8034,43.9866,43.6203,44.6581,33.2418,33.3639,33.547,32.8755,26.9536,26.4042,26.2821,30.7998,45.0855,44.2918,44.2308,44.3529,15.6593,14.6825,30.9829,15.4762,15.293,15.1099,38.9194,14.9878,16.0867,15.232,16.453,15.4151,35.3175,35.5006,36.0501,35.6838,97.2222,98.0769,97.2222,98.138,59.9817,59.188,60.1038,59.7375,59,59,59,59,59.6764,59.6764,59.6764,59.3712,5.7081800000000005,0.396825,0.763126,61.0195,41.1783,51.1294,33.0586,53.6325,27.9304,51.3736,2.77778,0.396825,1088.25,174.18099999999995,1453.2,0.0,1.0,1.0,1.0,1.0,0.0,0.07783949999999999,43.7714,43.5638,43.1487,43.5638,0.129731,14.4509,96.2908,89.0324,87.7467,96.7827,0.0,7.95055,67.4794,0.0,0.0,-23.8137,99.5781,95.1803,50.4872,316.808,52.1422,270.322,287.825,48.9923,423.667,424.80300000000005,421.633,527.06,497.427,602.006,427.251,420.55300000000005,532.141,496.425,603.37,412.04,409.323,515.795,515.08,613.138,411.102,410.02,515.008,514.507,615.0790000000002,430.677,430.533,534.927,535.403,613.545,431.61300000000006,430.749,535.26,534.64,613.257,601.216,602.939,21.917,404.715,1154.75
2020-11-22 07:55:30,96.7949,97.5275,97.2833,98.6264,80.3724,80.7998,80.1282,81.105,43.1319,42.7045,43.4371,43.0098,15.1099,14.8046,15.7814,15.5372,15.7814,14.6825,14.9878,15.4151,50.5494,21.7338,28.7668,36.7766,94.7009,129.475,95.1893,79.5604,59,59,59,59,58.9438,59.4933,59.2491,59.6764,59,59,59,59,11.4469,11.2027,11.2637,11.3248,11.0806,10.6532,11.0195,11.2027,11.8132,12.4847,12.4237,11.8132,54.4872,56.1355,55.9524,55.5861,26.4652,25.7936,26.0379,26.6484,45.2076,59.6154,44.1697,44.2918,32.9365,33.3028,34.4628,34.8901,28.5409,27.9304,28.2357,28.602,44.6581,44.5971,44.536,43.6203,33.8523,33.9744,33.8523,34.4017,25.7936,26.16,26.4042,25.9158,43.8034,43.9866,43.6203,44.6581,33.2418,33.3639,33.547,32.8755,26.9536,26.4042,26.2821,30.7998,45.0855,44.2918,44.2308,44.3529,15.6593,14.6825,30.9829,15.4762,15.293,15.1099,38.9194,14.9878,16.0867,15.232,16.453,15.4151,35.3175,35.5006,36.0501,35.6838,97.2222,98.0769,97.2222,98.138,59.9817,59.188,60.1038,59.7375,59,59,59,59,59.6764,59.6764,59.6764,59.3712,5.7081800000000005,0.396825,0.763126,61.0195,41.1783,51.1294,33.0586,53.6325,29.5788,51.3736,2.77778,0.396825,1089.54,174.18099999999995,1452.3,0.0,1.0,1.0,1.0,1.0,0.0,0.07783949999999999,43.7714,43.5638,43.1487,43.5638,0.129731,14.4509,94.9706,89.6993,88.3559,96.7827,0.0,7.95055,66.2205,0.0,0.0,-41.1353,99.5781,95.1803,50.4872,314.443,52.7682,269.818,287.825,48.9923,423.667,424.80300000000005,421.633,527.06,497.427,602.006,428.259,420.55300000000005,532.141,496.425,603.37,412.04,409.323,515.795,515.08,613.138,411.102,410.02,515.008,514.507,615.0790000000002,430.677,430.533,534.927,535.403,613.545,431.61300000000006,430.749,535.26,534.64,613.257,601.216,602.939,21.917,405.244,1154.75
2020-11-22 07:55:35,96.7949,97.5275,97.2833,98.6264,80.3724,80.7998,80.6777,81.105,42.2161,42.7045,41.6056,43.0098,15.1099,14.8046,15.7814,14.9878,15.7814,14.6825,14.9878,15.4151,50.5494,21.7338,26.6178,36.7766,93.8217,129.475,94.2124,78.6813,59,59,59,59,58.9438,59.4933,59.2491,59.6764,59,59,59,59,11.4469,11.2027,11.2637,11.3248,11.0806,10.6532,11.0195,11.2027,11.8132,12.4847,12.4237,11.8132,54.4872,56.1355,55.9524,55.5861,26.4652,25.7936,26.0379,26.6484,45.2076,59.6154,44.1697,44.2918,32.9365,33.3028,34.4628,34.8901,28.5409,27.9304,28.2357,28.602,44.1087,44.5971,44.536,43.6203,33.8523,33.9744,33.8523,34.4017,25.7936,26.16,26.4042,25.9158,43.8034,43.9866,43.6203,44.6581,33.2418,33.3639,33.547,32.8755,26.9536,26.4042,26.2821,30.7998,45.0855,44.2918,44.2308,44.3529,15.6593,14.6825,30.9829,15.4762,15.293,15.1099,38.9194,14.9878,16.0867,15.232,16.453,15.4151,35.3175,35.5006,36.0501,35.6838,97.2222,98.0769,97.2222,98.138,59.9817,59.188,60.1038,59.7375,59,59,59,59,59.6764,59.6764,59.6764,59.3712,5.7081800000000005,0.396825,0.763126,61.0195,41.1783,51.1294,33.0586,53.083,29.5788,51.3736,2.77778,0.396825,1083.44,173.66,1456.35,0.0,1.0,1.0,1.0,1.0,0.0,0.07783949999999999,43.7714,43.5638,43.1487,43.5638,0.129731,14.4509,96.4751,89.7642,89.0852,96.1721,0.0,7.95055,64.5263,0.0,0.0,-41.8538,99.5781,95.1803,51.1676,309.434,53.6535,270.582,287.825,48.9923,423.667,424.80300000000005,421.633,527.06,497.427,602.006,428.259,421.561,531.998,496.425,603.37,412.04,409.323,515.795,515.08,613.138,411.102,410.02,515.008,514.507,615.0790000000002,430.677,430.533,534.927,535.403,613.545,431.61300000000006,430.749,535.26,534.64,613.257,601.216,602.939,21.917,405.244,1154.75
2020-11-22 07:55:40,96.7949,97.5275,97.2833,98.6264,80.3724,80.7998,80.6777,81.105,42.2161,41.3614,41.6056,42.2772,15.1099,14.8046,15.7814,14.9878,15.7814,14.6825,14.9878,15.4151,52.5031,21.7338,25.7387,36.7766,94.7009,129.475,94.2124,77.3138,59,59,59,59,58.9438,59.4933,59.2491,59.6764,59,59,59,59,11.4469,11.2027,11.2637,11.3248,11.0806,10.6532,11.0195,11.2027,11.8132,12.4847,12.4237,11.8132,54.4872,56.1355,55.9524,55.5861,26.4652,25.7936,26.0379,26.0989,45.2076,59.6154,44.1697,44.2918,32.9365,33.3028,34.4628,34.8901,28.5409,27.9304,28.2357,28.602,44.1087,43.9866,43.8645,43.6203,33.8523,33.9744,33.8523,34.4017,25.7936,26.16,26.4042,25.9158,43.8034,44.536,43.6203,44.6581,33.2418,33.3639,33.547,32.8755,26.9536,25.4274,26.2821,30.2503,44.2918,44.2918,43.6813,44.3529,15.6593,14.6825,30.9829,15.4762,15.293,15.1099,38.9194,14.9878,16.0867,15.232,16.453,15.4151,35.3175,35.5006,36.0501,35.6838,97.2222,98.0769,97.2222,98.138,59.9817,59.188,60.1038,59.7375,59,59,59,59,59.6764,59.6764,59.6764,59.3712,5.7081800000000005,0.396825,0.763126,59.9206,41.1783,49.7253,33.0586,52.2283,29.5788,51.3736,2.77778,0.396825,1087.08,172.582,1451.57,0.0,1.0,1.0,1.0,1.0,0.0,0.07783949999999999,43.1487,43.0968,42.6297,43.0968,0.129731,13.7453,96.4751,89.8538,88.194,95.3932,0.0,7.95055,65.8034,0.0,0.0,-45.6013,99.5781,95.1803,51.8393,306.656,53.0016,271.342,287.825,48.9923,423.667,424.80300000000005,421.633,527.06,497.427,602.006,428.259,421.561,531.998,496.425,602.365,412.04,409.323,515.795,515.08,613.138,411.102,410.02,515.008,514.507,615.0790000000002,430.677,430.533,534.927,535.403,613.545,431.61300000000006,430.749,535.26,534.64,613.257,601.216,601.934,21.917,404.715,1153.71
2020-11-22 07:55:45,96.7949,97.5275,97.2833,98.6264,80.3724,80.7998,80.6777,81.105,41.2393,41.3614,41.6056,41.7277,15.1099,14.8046,15.7814,15.7204,15.7814,14.6825,14.9878,15.4151,52.5031,22.6129,25.7387,35.8974,94.7009,128.596,94.2124,77.3138,59,59,59,59,58.9438,59.4933,59.2491,59.6764,59,59,59,59,11.4469,11.2027,11.2637,11.3248,11.0806,10.6532,11.0195,11.2027,11.8132,12.4847,12.4237,11.8132,54.4872,56.1355,55.9524,55.5861,26.4652,25.7936,26.0379,26.0989,45.2076,59.6154,44.1697,44.2918,32.9365,33.3028,34.4628,34.8901,28.5409,27.9304,28.2357,28.602,44.1087,43.9866,43.8645,43.6203,33.8523,33.9744,33.8523,34.4017,25.7936,26.16,26.4042,25.9158,43.8034,44.536,43.6203,43.9255,33.2418,33.3639,33.547,32.8755,26.9536,26.5873,26.2821,30.2503,44.2918,44.2918,43.6813,44.3529,15.6593,14.6825,30.9829,15.4762,15.293,15.1099,38.9194,14.9878,16.0867,15.232,16.453,15.4151,35.3175,35.5006,36.0501,35.6838,97.2222,98.0769,97.2222,98.138,59.9817,59.188,60.1038,59.7375,59,59,59,59,59.6764,59.6764,59.6764,59.3712,5.7081800000000005,0.396825,0.763126,59.9206,41.1783,49.7253,33.0586,52.2283,29.5788,51.3736,2.77778,0.396825,1082.19,171.304,1450.78,0.0,1.0,1.0,1.0,1.0,0.0,0.07783949999999999,43.1487,43.0968,42.6297,43.0968,0.129731,13.7453,96.4751,86.7266,87.1227,95.3841,0.0,7.95055,64.382,0.0,0.0,-29.1677,99.5781,95.1803,50.5374,306.921,52.9503,273.374,287.825,48.9923,423.667,424.80300000000005,421.633,527.06,497.427,602.006,428.259,421.561,531.998,496.425,602.365,412.04,409.323,515.795,515.08,613.138,411.102,410.02,515.008,514.507,616.133,430.677,430.533,534.927,535.403,614.5509999999998,431.61300000000006,430.749,535.26,534.64,613.257,601.216,601.934,21.917,404.715,1153.1
2020-11-22 07:55:50,96.7949,97.5275,97.2833,98.6264,80.3724,80.7998,80.6777,81.105,41.2393,41.3614,41.0562,41.7277,15.1099,14.8046,15.7814,15.7204,15.7814,14.6825,14.9878,15.4151,52.5031,23.4921,24.8596,35.0183,93.431,129.67,94.2124,77.3138,59,59,59,59,58.9438,59.4933,59.2491,59.6764,59,59,59,59,11.4469,11.2027,11.2637,11.3248,11.63,10.6532,11.0195,11.2027,11.8132,12.4847,12.4237,11.8132,54.4872,56.1355,55.9524,55.5861,26.4652,25.7936,26.0379,26.0989,45.2076,59.6154,44.1697,44.2918,32.9365,33.3028,34.4628,34.2186,28.5409,27.9304,28.2357,28.602,44.1087,43.9866,43.8645,43.6203,33.8523,33.9744,33.8523,34.4017,25.7936,26.16,26.4042,25.9158,43.8034,44.536,43.6203,43.9255,33.2418,33.3639,33.547,32.8755,26.9536,26.5873,26.2821,30.2503,44.2918,44.2918,43.6813,44.3529,15.6593,14.6825,30.9829,15.4762,15.293,15.1099,38.9194,14.9878,16.0867,15.232,16.453,15.4151,35.3175,35.5006,36.0501,35.6838,97.2222,98.0769,97.2222,98.138,59.9817,59.188,60.1038,59.7375,59,59,59,59,59.6764,59.6764,59.6764,59.3712,5.7081800000000005,0.396825,0.763126,59.9206,41.1783,50.58,33.0586,52.2283,29.5788,51.3736,2.77778,0.396825,1077.46,171.304,1454.57,0.0,1.0,1.0,1.0,1.0,0.0,0.07783949999999999,43.1487,43.0968,42.6297,43.0968,0.129731,13.7453,95.6575,88.7719,88.1704,96.1718,0.0,7.95055,66.0748,0.0,0.0,-51.139,99.5781,95.1803,49.0031,308.838,51.5508,276.451,287.825,48.9923,423.667,424.80300000000005,421.633,527.06,497.427,602.006,428.259,421.561,532.141,496.425,602.365,412.04,409.323,515.795,515.08,613.138,411.102,410.02,515.008,514.507,616.133,430.677,430.533,534.927,535.403,614.5509999999998,431.61300000000006,430.749,535.26,534.64,613.257,601.216,601.934,21.917,404.186,1151.82
2020-11-22 07:55:55,96.7949,97.5275,97.2833,98.6264,80.3724,80.7998,80.6777,81.105,34.9512,40.7509,41.0562,40.87300000000001,15.1099,14.8046,15.7814,15.7204,15.7814,14.6825,14.9878,15.4151,52.5031,23.4921,24.8596,35.0183,94.5055,128.791,93.138,77.3138,59,59,59,59,58.9438,59.4933,59.2491,59.6764,59,59,59,59,11.4469,11.2027,11.2637,11.3248,11.63,10.6532,11.0195,11.2027,11.8132,12.4847,12.4237,11.8132,54.4872,56.1355,55.9524,55.5861,26.4652,25.7936,26.5873,26.0989,45.2076,59.0659,44.1697,44.2918,32.9365,33.3028,34.4628,34.2186,28.5409,27.9304,28.2357,28.602,44.1087,43.9866,43.8645,43.6203,33.8523,33.9744,33.8523,34.4017,25.7936,26.16,26.4042,25.9158,43.254,43.8034,43.6203,43.9255,33.2418,33.3639,33.547,32.8755,26.9536,25.4274,26.2821,30.2503,44.2918,44.2918,43.6813,44.3529,15.6593,14.6825,30.9829,15.4762,15.293,15.1099,38.9194,14.9878,16.0867,15.232,16.453,15.4151,35.3175,35.5006,36.0501,35.6838,97.2222,98.0769,97.2222,98.138,59.9817,59.188,60.1038,59.7375,59,59,59,59,59.6764,59.6764,59.6764,59.3712,5.7081800000000005,0.396825,0.763126,59.9206,41.1783,50.58,35.0733,52.2283,29.5788,51.3736,2.77778,0.396825,1079.91,171.95,1447.1,0.0,1.0,1.0,1.0,1.0,0.0,0.07783949999999999,43.1487,43.0968,42.6297,43.0968,0.129731,13.7453,95.5746,90.1552,87.6558,95.338,0.0,7.95055,67.4291,0.0,0.0,-63.206,99.5781,95.1803,49.6485,307.902,52.9707,279.56,287.825,48.9923,423.667,424.80300000000005,421.633,527.06,497.427,602.006,428.259,421.561,532.141,496.425,602.365,412.04,409.323,515.795,515.08,613.138,411.102,410.02,515.008,514.507,616.133,430.677,430.533,534.927,535.403,614.5509999999998,431.61300000000006,430.749,535.26,534.64,613.257,601.216,601.934,21.917,404.715,1150.68
2020-11-22 07:56:00,96.7949,97.5275,97.2833,98.6264,80.3724,80.7998,81.2271,81.105,40.4457,40.1404,39.8352,40.3236,15.1099,14.8046,15.7814,15.7204,15.7814,14.6825,14.9878,15.4151,52.5031,23.4921,23.9805,36.3858,94.5055,128.791,94.0171,76.4347,59,59,59,59,58.9438,59.4933,59.2491,59.6764,59,59,59,59,11.4469,11.2027,11.2637,11.3248,11.63,10.6532,11.0195,11.7521,11.8132,12.4847,12.4237,11.8132,54.4872,56.1355,55.9524,55.5861,26.4652,25.7936,26.5873,26.0989,45.2076,59.0659,44.1697,44.2918,32.9365,33.3028,34.4628,33.6691,28.5409,27.9304,28.2357,28.602,44.1087,43.9866,43.8645,43.6203,33.8523,33.9744,33.8523,34.4017,25.7936,26.16,26.4042,25.9158,43.254,43.8034,43.6203,43.9255,33.2418,33.3639,33.547,32.8755,26.9536,26.221,26.2821,30.2503,44.2918,44.2918,43.6813,44.3529,15.6593,14.6825,30.9829,15.4762,15.293,15.1099,38.9194,14.9878,16.0867,15.232,16.453,15.4151,35.3175,35.5006,36.0501,35.6838,97.2222,98.0769,97.2222,98.138,59.9817,59.188,60.1038,59.7375,59,59,59,59,59.6764,59.6764,59.6764,59.3712,5.7081800000000005,0.396825,0.763126,59.9206,41.1783,50.58,35.0733,52.2283,31.5324,51.3736,2.77778,0.396825,1083.53,172.606,1451.47,0.0,1.0,1.0,1.0,1.0,0.0,0.07783949999999999,43.6157,43.5638,42.6297,43.0968,0.129731,13.1132,96.3877,90.2035,88.9974,95.338,0.0,7.95055,65.234,0.0,0.0,-62.9618,99.5781,95.1803,50.1867,309.196,52.9707,281.388,287.825,48.9923,423.667,424.80300000000005,421.633,527.06,498.429,602.006,428.259,421.561,532.284,496.425,602.365,412.04,409.323,515.795,515.08,613.138,411.102,410.02,515.008,514.507,616.133,430.677,430.533,534.927,535.403,614.5509999999998,431.61300000000006,430.749,535.26,534.64,613.257,601.216,601.934,21.917,404.715,1150.16
2020-11-22 07:56:05,96.7949,97.5275,97.2833,98.6264,80.3724,80.7998,81.2271,81.105,40.4457,40.1404,39.8352,40.3236,15.1099,14.8046,15.7814,15.7204,15.7814,14.6825,14.9878,15.4151,52.5031,23.4921,23.9805,37.3626,94.5055,130.061,94.8962,77.3138,59,59,59,59,58.9438,59.4933,59.2491,59.6764,59,59,59,59,11.4469,11.2027,11.2637,11.3248,11.63,10.6532,11.0195,11.7521,11.8132,12.4847,11.8742,11.8132,54.4872,56.1355,55.9524,55.5861,26.4652,25.7936,26.5873,26.0989,44.6581,59.0659,44.1697,44.2918,32.9365,33.3028,34.4628,33.6691,28.5409,27.9304,28.2357,28.602,44.1087,43.9866,43.8645,43.6203,33.8523,33.9744,33.8523,34.4017,25.7936,26.16,25.8547,25.9158,43.254,43.8034,43.6203,43.9255,33.2418,33.3639,33.547,32.8755,26.9536,26.221,26.2821,30.2503,44.2918,44.2918,43.6813,44.3529,15.6593,14.6825,30.9829,15.4762,15.293,15.1099,38.9194,14.9878,16.0867,15.232,16.453,15.4151,35.3175,35.5006,36.0501,35.6838,97.2222,98.0769,97.2222,98.138,59.9817,59.188,60.1038,59.7375,59,59,59,59,59.6764,59.6764,59.6764,59.3712,5.7081800000000005,0.396825,0.763126,59.9206,41.1783,49.4811,35.0733,52.2283,31.5324,51.3736,2.77778,0.396825,1083.53,172.606,1453.44,0.0,1.0,1.0,1.0,1.0,0.0,0.07783949999999999,43.6157,43.5638,42.6297,43.0968,0.129731,13.1132,97.5758,90.4247,87.6728,95.9795,0.0,7.95055,66.4361,0.0,0.0,-66.4602,99.5781,95.1803,50.1867,312.753,52.837,282.433,287.825,48.9923,423.667,424.80300000000005,421.633,527.06,498.429,602.006,428.259,421.561,532.427,496.425,602.365,412.04,409.323,515.795,515.08,613.138,411.102,410.02,515.008,514.507,616.133,430.677,430.533,534.927,535.403,614.5509999999998,431.61300000000006,430.749,535.26,534.64,613.257,601.216,601.934,21.917,403.657,1150.16
2020-11-22 07:56:10,96.7949,97.5275,97.2833,98.6264,80.3724,80.7998,81.2271,81.105,40.4457,40.1404,39.2857,40.3236,15.1099,14.8046,15.7814,15.7204,15.7814,14.6825,14.9878,15.4151,52.5031,23.4921,23.9805,37.3626,93.431,130.061,97.7289,76.044,59,59,59,59,58.9438,59.4933,59.2491,59.6764,59,59,59,59,11.4469,11.2027,11.2637,11.3248,11.63,10.6532,11.0195,11.7521,11.8132,12.4847,12.4847,11.8132,54.4872,56.1355,55.9524,55.5861,26.4652,25.7936,26.5873,26.0989,44.6581,59.0659,44.1697,44.2918,32.9365,33.3028,33.9133,33.1197,28.5409,27.9304,28.2357,28.602,44.1087,43.9866,43.8645,43.6203,33.8523,33.9744,33.8523,33.8523,25.7936,25.5495,25.8547,25.9158,43.254,43.8034,43.6203,43.9255,33.2418,33.3639,33.547,32.8755,25.9768,26.221,26.2821,30.2503,44.2918,44.2918,43.6813,44.3529,15.6593,14.6825,30.9829,15.4762,15.293,15.1099,38.9194,14.9878,16.0867,15.232,16.453,15.4151,35.3175,35.5006,36.0501,35.6838,97.2222,98.0769,97.2222,98.138,59.9817,59.188,60.1038,59.7375,59,59,59,59,59.6764,59.6764,59.6764,59.3712,5.7081800000000005,0.396825,0.763126,59.9206,41.1783,49.4811,35.0733,52.2283,31.5324,51.3736,2.77778,0.396825,1081.12,172.606,1447.77,0.0,1.0,1.0,1.0,1.0,0.0,0.07783949999999999,43.6157,43.0968,42.6297,43.0968,0.129731,13.1132,96.2391,89.3758,88.8303,95.9795,0.0,7.95055,62.4629,0.0,0.0,-75.92699999999998,99.5781,95.1803,49.6439,315.707,52.837,282.959,287.825,48.9923,423.667,424.80300000000005,421.633,527.06,498.429,601.0,428.259,421.561,532.427,496.425,602.365,412.04,409.323,515.795,515.08,613.138,411.102,410.02,516.01,514.507,616.133,430.677,430.533,534.927,535.403,614.5509999999998,431.61300000000006,430.749,535.26,534.64,613.257,601.216,601.934,21.917,404.715,1150.16
2020-11-22 07:56:15,96.7949,97.5275,97.2833,98.6264,80.3724,80.7998,81.2271,81.105,39.591,40.1404,39.2857,40.3236,15.1099,14.8046,15.7814,15.7204,15.7814,14.6825,14.9878,15.4151,52.5031,23.4921,23.9805,36.3858,93.431,130.061,97.7289,74.9695,59,59,59,59,58.9438,59.4933,59.2491,59.6764,59,59,59,59,11.4469,11.2027,11.2637,11.3248,11.63,10.6532,11.0195,11.7521,11.8132,12.4847,12.4847,11.8132,54.4872,56.1355,55.9524,55.5861,26.4652,25.7936,26.5873,26.0989,44.6581,59.0659,44.1697,44.2918,32.9365,33.3028,33.9133,32.4481,28.5409,27.9304,28.2357,28.602,43.5592,43.9866,43.8645,43.6203,33.8523,33.9744,33.8523,33.8523,25.7936,25.5495,25.8547,25.9158,43.254,43.8034,43.0708,43.9255,33.2418,33.3639,33.547,32.8755,25.9768,25.3663,26.2821,30.2503,44.2918,44.2918,43.6813,44.3529,15.6593,14.6825,30.9829,15.4762,15.293,15.1099,38.9194,14.9878,16.0867,15.232,16.453,15.4151,35.3175,35.5006,36.0501,35.6838,97.2222,98.0769,97.2222,98.138,59.9817,59.188,60.1038,59.7375,59,59,59,59,59.6764,59.6764,59.6764,59.3712,5.7081800000000005,0.396825,0.763126,59.9206,41.1783,49.4811,35.0733,52.2283,31.5324,51.3736,2.77778,0.396825,1081.07,172.028,1455.26,0.0,1.0,1.0,1.0,1.0,0.0,0.07783949999999999,43.0968,43.0968,42.6297,43.0968,0.129731,13.8629,95.9633,92.0292,88.8898,96.2608,0.0,7.95055,65.7235,0.0,0.0,-77.212,99.5781,95.1803,48.4273,319.823,52.0638,284.293,287.825,48.9923,423.667,424.80300000000005,422.642,527.06,498.429,601.0,428.259,421.561,532.571,496.425,602.365,412.04,409.323,515.795,515.08,613.138,411.102,410.02,516.01,514.507,616.133,430.677,430.533,534.927,535.403,614.5509999999998,431.61300000000006,430.749,535.26,534.64,613.257,600.211,601.934,21.917,405.244,1149.55
2020-11-22 07:56:20,96.7949,97.5275,97.2833,98.6264,80.3724,80.7998,81.2271,81.105,39.591,40.1404,38.7363,40.3236,15.1099,14.8046,15.7814,15.7204,15.7814,14.6825,14.9878,15.4151,52.5031,23.4921,23.9805,36.3858,94.4078,131.136,95.7753,74.9695,59,59,59,59,58.9438,59.4933,59.2491,59.6764,59,59,59,59,11.4469,11.2027,11.2637,11.3248,11.63,10.6532,11.0195,11.7521,11.8132,12.4847,12.4847,11.8132,54.4872,56.1355,55.9524,55.5861,26.4652,25.7936,26.5873,26.0989,44.6581,59.0659,44.1697,44.2918,32.9365,33.3028,33.3028,32.4481,28.5409,27.9304,28.2357,28.602,43.5592,43.9866,43.1929,43.6203,33.8523,33.9744,33.8523,33.8523,25.7936,25.5495,25.8547,25.9158,43.254,43.8034,43.0708,43.9255,33.2418,33.3639,33.547,32.8755,25.9768,26.2821,26.2821,30.2503,43.315,44.2918,43.6813,44.3529,15.6593,14.6825,30.9829,15.4762,15.293,15.1099,38.9194,14.9878,16.0867,15.232,16.453,15.4151,35.3175,35.5006,36.0501,35.6838,97.2222,98.0769,97.2222,98.138,59.9817,59.188,60.1038,59.7375,59,59,59,59,59.6764,59.6764,59.6764,59.3712,5.7081800000000005,0.396825,0.763126,59.9206,41.1783,49.4811,35.0733,52.2283,31.5324,51.3736,2.77778,0.396825,1078.73,172.028,1456.3,0.0,1.0,1.0,1.0,1.0,0.0,0.07783949999999999,43.0968,43.0968,42.6297,43.0968,0.129731,13.8629,95.9633,89.7954,89.7751,96.2608,0.0,7.95055,63.782,0.0,0.0,-73.8305,99.5781,95.1803,46.5597,322.876,50.8773,286.464,287.825,48.9923,423.667,424.80300000000005,422.642,527.06,498.429,601.0,428.259,421.561,532.714,496.425,602.365,412.04,409.323,515.795,515.08,613.138,411.102,410.02,516.01,514.507,616.133,430.677,430.533,534.927,535.403,614.5509999999998,431.61300000000006,430.749,535.26,534.64,613.257,600.211,601.934,21.917,404.715,1149.03
2020-11-22 07:56:25,96.7949,97.5275,97.2833,98.6264,80.3724,80.7998,81.2271,81.105,39.591,40.1404,38.7363,39.7741,15.1099,14.8046,15.7814,15.7204,15.7814,14.6825,14.9878,15.4151,51.4286,23.4921,23.9805,35.409,94.4078,132.015,94.8962,76.044,59,59,59,59,58.9438,59.4933,59.2491,59.6764,59,59,59,59,11.4469,11.2027,11.2637,11.3248,11.63,11.2027,11.0195,11.7521,11.8132,12.4847,12.4847,11.8132,54.4872,56.1355,55.9524,55.5861,26.4652,25.7936,26.5873,26.0989,44.6581,58.5165,44.1697,44.2918,32.9365,33.3028,33.3028,31.5934,28.5409,27.9304,28.2357,28.602,43.5592,43.9866,43.1929,43.6203,33.8523,33.9744,33.8523,33.8523,25.7936,25.5495,25.8547,25.9158,43.254,43.8034,43.0708,43.9255,33.2418,33.3639,33.547,32.8755,25.9768,26.2821,26.2821,30.2503,43.315,44.2918,43.6813,43.3761,15.6593,14.6825,30.9829,15.4762,15.293,15.1099,38.9194,14.9878,16.0867,15.232,16.453,15.4151,35.3175,35.5006,36.0501,35.6838,97.2222,98.0769,97.2222,98.138,59.9817,59.188,60.1038,59.7375,59,59,59,59,59.6764,59.6764,59.6764,59.3712,5.7081800000000005,0.396825,0.763126,59.9206,41.1783,49.4811,35.0733,52.2283,31.5324,50.0305,2.77778,0.396825,1077.52,172.028,1453.58,0.0,1.0,1.0,1.0,1.0,0.0,0.07783949999999999,43.0968,43.0968,42.6297,43.0968,0.129731,14.5538,96.396,89.2971,89.7724,96.8725,0.0,7.95055,62.9331,0.0,0.0,-69.6873,99.5781,95.1803,46.5597,324.0490000000001,51.4206,287.023,287.825,48.9923,423.667,424.80300000000005,422.642,527.06,498.429,601.0,428.259,421.561,532.714,497.427,602.365,412.04,409.323,515.795,515.08,613.138,411.102,410.02,516.01,514.507,616.133,430.677,430.533,535.976,535.403,614.5509999999998,431.61300000000006,430.749,535.26,534.64,613.257,600.211,601.934,21.917,404.715,1148.41
2020-11-22 07:56:30,96.7949,97.5275,97.2833,98.6264,80.3724,80.7998,81.2271,81.105,39.591,40.1404,38.0037,39.7741,15.1099,14.8046,15.7814,14.9267,15.7814,14.6825,14.9878,15.4151,50.4518,22.6129,23.9805,35.409,93.3333,132.015,94.8962,75.1648,59,59,59,59,58.9438,59.4933,59.2491,59.6764,59,59,59,59,11.4469,11.2027,11.2637,11.3248,11.0806,11.3858,11.0195,11.7521,11.8132,12.4847,12.4847,11.8132,54.4872,56.1355,55.9524,55.5861,26.4652,25.7936,26.5873,26.0989,44.6581,58.5165,44.1697,44.2918,32.9365,33.3028,32.7534,31.044,28.5409,27.9304,28.2357,28.602,43.5592,43.9866,43.1929,43.6203,33.8523,33.9744,33.8523,33.8523,25.7936,25.5495,25.8547,25.9158,43.254,43.8034,43.0708,43.9255,33.2418,33.3639,33.547,32.8755,25.9768,25.4274,26.2821,30.2503,43.315,44.2918,43.1319,43.3761,15.6593,14.6825,30.9829,15.4762,15.293,15.1099,38.9194,14.9878,16.0867,15.232,16.453,15.4151,35.3175,35.5006,36.0501,35.6838,97.2222,98.0769,97.2222,98.138,59.9817,59.188,60.1038,59.7375,59,59,59,59,59.6764,59.6764,59.6764,59.3712,5.7081800000000005,0.396825,0.763126,59.9206,41.1783,49.4811,35.0733,52.2283,31.5324,50.0305,2.77778,0.396825,1079.86,172.028,1451.11,0.0,1.0,1.0,1.0,1.0,0.0,0.07783949999999999,43.0968,43.0968,42.6297,43.0968,0.129731,14.5538,96.6199,88.42399999999998,87.9437,96.8725,0.0,7.95055,63.1585,0.0,0.0,-63.0301,99.5781,95.1803,45.8811,326.581,52.1561,282.527,287.825,48.9923,423.667,425.811,422.642,527.06,498.429,601.0,429.267,421.561,532.857,497.427,602.365,412.04,409.323,515.795,515.08,613.138,411.102,410.02,516.01,514.507,616.133,430.677,430.533,535.976,535.403,614.5509999999998,431.61300000000006,430.749,535.26,534.64,613.257,600.211,601.934,21.917,404.715,1147.31
2020-11-22 07:56:35,96.7949,97.5275,97.2833,98.6264,80.3724,80.7998,81.2271,81.105,39.591,40.1404,38.0037,39.7741,15.1099,14.8046,15.7814,15.7814,15.7814,14.6825,14.9878,15.4151,50.4518,20.757,23.9805,34.5299,92.4542,132.015,94.0171,76.044,59,59,59,59,58.9438,59.4933,59.2491,59.6764,59,59,59,59,11.4469,11.2027,11.2637,11.3248,11.0806,11.3858,11.0195,11.7521,11.8132,12.4847,12.4847,11.8132,54.4872,56.1355,55.9524,55.5861,26.4652,25.7936,26.5873,26.0989,44.6581,58.5165,44.1697,44.2918,32.9365,33.3028,32.7534,31.044,28.5409,27.9304,28.2357,28.602,43.5592,43.9866,43.1929,43.6203,33.8523,33.9744,33.8523,33.8523,25.7936,25.5495,25.8547,25.9158,43.254,43.8034,43.0708,43.9255,33.2418,33.3639,33.547,32.8755,25.9768,26.3431,26.2821,30.2503,43.315,44.2918,43.1319,43.3761,15.6593,14.6825,30.9829,15.4762,15.293,15.1099,38.9194,14.9878,16.0867,15.232,16.453,15.4151,35.3175,35.5006,36.0501,35.6838,97.2222,98.0769,97.2222,98.138,59.9817,59.188,60.1038,59.7375,59,59,59,59,59.6764,59.6764,59.6764,59.3712,5.7081800000000005,0.396825,0.763126,59.9206,41.1783,50.3968,35.0733,52.2283,31.5324,50.0305,2.77778,0.396825,1081.07,172.028,1447.68,0.0,1.0,1.0,1.0,1.0,0.0,0.07783949999999999,43.0968,43.0968,42.6297,43.0968,0.129731,14.5538,96.7845,93.1037,90.4161,96.095,0.0,7.95055,62.6146,0.0,0.0,-23.1767,99.5781,95.1803,44.3623,329.936,50.1599,280.932,287.825,48.9923,423.667,425.811,422.642,527.06,499.432,601.0,429.267,421.561,533.0,497.427,602.365,412.04,409.323,515.795,515.08,613.138,411.102,410.02,516.01,514.507,616.133,430.677,430.533,535.976,535.403,614.5509999999998,431.61300000000006,430.749,535.26,534.64,613.257,600.211,601.934,21.917,404.715,1147.31
2020-11-22 07:56:40,96.7949,97.5275,97.2833,98.6264,80.3724,80.7998,81.2271,81.105,39.591,39.3468,38.0037,39.7741,15.1099,14.8046,15.7814,15.7814,15.7814,14.6825,14.9878,15.4151,51.4286,20.757,23.9805,35.6044,93.6264,132.015,94.0171,76.044,59,59,59,59,58.9438,59.4933,59.2491,59.6764,59,59,59,59,11.4469,11.2027,11.2637,11.3248,11.0806,11.3858,11.0195,11.7521,11.8132,12.4847,12.4847,11.8132,54.4872,56.1355,55.9524,55.5861,26.4652,25.7936,26.5873,26.0989,44.6581,58.5165,44.1697,43.6813,32.9365,33.3028,32.2039,35.8059,28.5409,27.9304,28.2357,28.602,43.5592,43.9866,43.1929,43.6203,33.8523,33.9744,33.8523,33.8523,25.7936,25.5495,25.8547,25.9158,43.254,43.8034,43.0708,43.9255,33.2418,33.3639,33.547,32.8755,25.9768,26.3431,26.2821,30.2503,43.315,44.2918,43.1319,43.3761,15.6593,14.6825,30.9829,15.4762,15.293,15.1099,38.9194,14.9878,16.0867,15.232,16.453,15.4151,35.3175,35.5006,36.0501,35.6838,97.2222,98.0769,97.2222,98.138,59.9817,59.188,60.1038,59.7375,59,59,59,59,59.6764,59.6764,59.6764,59.3712,5.7081800000000005,0.396825,0.763126,59.9206,41.1783,50.3968,35.0733,52.2283,31.5324,50.0305,2.77778,0.396825,1082.27,172.028,1445.5,0.0,1.0,1.0,1.0,1.0,0.0,0.07783949999999999,43.0968,43.0968,42.6297,43.0968,0.129731,14.5538,97.7847,90.1896,89.42299999999999,96.095,0.0,7.95055,64.8371,0.0,0.0,-15.4587,99.5781,95.1803,43.7411,330.4790000000001,48.7739,283.851,287.825,48.9923,424.687,425.811,422.642,527.06,499.432,601.0,429.267,421.561,533.0,497.427,602.365,412.04,409.323,515.795,515.08,613.138,411.102,410.02,516.01,514.507,616.133,430.677,430.533,535.976,535.403,614.5509999999998,431.61300000000006,430.749,535.26,535.69,613.257,600.211,601.934,21.917,404.715,1147.31
2020-11-22 07:56:45,96.7949,97.5275,97.2833,98.6264,80.3724,80.7998,81.2271,81.105,39.591,39.3468,38.0037,39.2247,15.1099,14.8046,15.7814,15.7814,15.7814,14.6825,14.9878,15.4151,51.4286,20.757,25.1526,36.5812,93.6264,132.015,91.5751,76.8254,59,59,59,59,58.9438,59.4933,59.2491,59.6764,59,59,59,59,11.4469,11.2027,11.2637,11.3248,11.0806,11.3858,11.0195,11.7521,11.8132,12.4847,11.9353,11.8132,54.4872,56.1355,55.9524,55.5861,26.4652,25.7936,26.5873,26.0989,44.6581,58.5165,44.1697,43.6813,32.9365,33.3028,32.2039,35.8059,28.5409,27.9304,28.2357,28.602,43.5592,43.9866,43.1929,43.6203,33.8523,33.9744,33.8523,33.8523,25.2442,25.5495,25.8547,25.9158,43.254,43.8034,43.0708,43.9255,33.2418,33.3639,33.547,32.8755,25.9768,26.3431,26.2821,30.2503,43.315,44.2918,43.1319,43.3761,15.6593,15.232,30.9829,15.4762,15.293,15.1099,38.9194,14.9878,16.0867,15.232,16.453,15.4151,35.3175,35.5006,36.0501,35.6838,97.2222,98.0769,97.2222,98.138,59.9817,59.188,60.1038,59.7375,59,59,59,59,59.6764,59.6764,59.6764,59.3712,5.7081800000000005,0.396825,0.763126,59.9206,41.1783,50.3968,35.0733,52.2283,31.5324,50.0305,2.77778,0.396825,1081.07,172.028,1444.68,0.0,1.0,1.0,1.0,1.0,0.0,0.07783949999999999,43.0968,43.0968,42.6297,43.0968,0.129731,14.5538,96.1369,89.5374,90.2311,96.095,0.0,7.95055,65.7467,0.0,0.0,-17.7357,99.5781,95.1803,43.106,330.4790000000001,48.1102,287.079,287.825,48.9923,424.687,425.811,422.642,528.062,499.432,601.0,429.267,422.57,533.0,497.427,602.365,412.04,409.323,515.795,515.08,613.138,411.102,410.02,516.01,514.507,616.133,430.677,430.533,535.976,535.403,614.5509999999998,431.61300000000006,430.749,535.26,535.69,613.257,600.211,601.934,21.917,404.186,1146.79
2020-11-22 07:56:50,96.7949,97.5275,97.2833,98.6264,80.3724,80.7998,81.2271,81.105,38.9805,38.7363,38.0037,39.2247,15.1099,14.8046,15.7814,15.7814,15.7814,14.6825,14.9878,15.4151,51.4286,21.6361,25.1526,36.5812,93.6264,132.308,90.3053,76.8254,59,59,59,59,58.9438,59.4933,59.2491,59.6764,59,59,59,59,11.4469,11.2027,11.2637,11.3248,10.5311,11.3858,11.0195,11.7521,11.8132,12.4847,11.9353,11.8132,54.4872,56.1355,55.9524,55.5861,26.4652,25.7936,26.5873,26.0989,44.6581,58.5165,44.1697,43.6813,32.9365,33.3028,31.5934,35.8059,28.5409,27.9304,28.2357,28.602,44.1087,43.9866,43.1929,43.6203,33.8523,33.9744,33.8523,33.8523,25.2442,25.5495,25.8547,25.9158,43.254,43.8034,43.0708,43.9255,33.2418,33.3639,33.547,32.8755,25.9768,26.221,26.2821,30.2503,43.315,44.2918,43.1319,43.3761,15.6593,15.232,30.9829,15.4762,15.293,15.1099,38.9194,14.9878,16.0867,15.232,16.453,15.4151,35.3175,35.5006,36.0501,35.6838,97.2222,98.0769,97.2222,98.138,59.9817,59.188,60.1038,59.7375,59,59,59,59,59.6764,59.6764,59.6764,59.3712,5.7081800000000005,0.396825,0.763126,59.9206,41.1783,50.3968,35.0733,52.2283,31.5324,50.0305,2.77778,0.396825,1073.84,172.028,1449.44,0.0,1.0,1.0,1.0,1.0,0.0,0.07783949999999999,43.0968,43.0968,42.6297,43.0968,0.129731,14.5538,95.9058,90.1028,89.5759,97.0478,0.0,7.95055,63.6702,0.0,0.0,-9.35879,99.5781,95.1803,43.106,326.132,49.4479,287.621,287.825,50.0266,424.687,425.811,422.642,528.062,499.432,601.0,429.267,422.57,533.0,497.427,602.365,412.04,409.323,515.795,515.08,613.138,411.102,410.02,516.01,514.507,616.133,430.677,430.533,535.976,535.403,614.5509999999998,431.61300000000006,430.749,535.26,535.69,613.257,600.211,601.934,21.917,404.186,1146.16
2020-11-22 07:56:55,96.7949,97.5275,97.2833,98.6264,80.3724,80.7998,81.2271,81.105,37.8816,37.4542,38.0037,38.3089,15.1099,14.8046,15.7814,15.7814,15.7814,14.6825,14.9878,15.4151,51.4286,21.6361,25.1526,35.2137,94.5055,131.233,90.3053,76.8254,59,59,59,59,58.9438,59.4933,59.2491,59.6764,59,59,59,59,11.4469,11.2027,11.2637,11.3248,10.5311,11.3858,11.0195,11.7521,11.8132,12.4847,12.4847,11.8132,54.4872,56.1355,55.9524,55.5861,26.4652,25.7936,26.0379,26.0989,44.6581,58.5165,44.1697,43.6813,32.9365,33.3028,31.5934,35.1343,28.5409,27.9304,28.2357,28.602,43.5592,43.9866,43.1929,43.6203,33.8523,33.9744,33.8523,33.8523,25.2442,25.5495,25.8547,25.9158,43.254,43.8034,43.0708,43.9255,33.2418,33.3639,33.547,32.8755,25.9768,26.221,26.2821,30.2503,43.315,44.2918,43.1319,43.3761,15.6593,15.232,30.9829,15.4762,15.293,15.1099,38.9194,14.9878,16.0867,15.232,16.453,15.4151,35.3175,35.5006,36.0501,35.6838,97.2222,98.0769,97.2222,98.138,59.9817,59.188,60.1038,59.7375,59,59,59,59,59.6764,59.6764,59.6764,59.3712,5.7081800000000005,0.396825,0.763126,59.9206,41.1783,49.2979,35.0733,52.2283,33.3028,50.0305,2.77778,0.396825,1077.52,172.028,1439.89,0.0,1.0,1.0,1.0,1.0,0.0,0.07783949999999999,43.0968,43.0968,42.6297,43.0968,0.129731,14.5538,96.8223,90.3849,88.3502,96.425,0.0,7.95055,62.6452,0.0,0.0,-14.128,99.5781,95.1803,43.106,322.415,50.2307,285.4120000000001,287.825,50.0266,424.687,425.811,422.642,528.062,499.432,601.0,429.267,422.57,533.0,497.427,602.365,412.04,409.323,515.795,515.08,613.138,411.102,410.02,516.01,514.507,616.133,430.677,430.533,535.976,535.403,614.5509999999998,431.61300000000006,430.749,535.26,535.69,613.257,600.211,601.934,21.917,403.657,1145.5
2020-11-22 07:57:00,96.7949,97.5275,97.2833,98.6264,80.3724,80.7998,81.2271,81.105,37.8816,37.4542,38.0037,38.3089,15.1099,14.8046,15.7814,15.7814,15.7814,14.6825,14.9878,15.4151,50.5494,21.6361,26.0317,35.2137,94.5055,131.233,91.5751,76.8254,59,59,59,59,58.9438,59.4933,59.2491,59.6764,59,59,59,59,11.4469,11.2027,11.2637,11.3248,10.5311,11.3858,11.0195,11.7521,11.8132,12.4847,12.4847,11.8132,54.4872,56.1355,55.9524,55.5861,26.4652,25.7936,26.0379,26.0989,44.6581,58.5165,43.6203,43.6813,32.9365,33.3028,31.044,34.5849,28.5409,27.9304,28.2357,28.602,43.5592,43.9866,43.1929,43.6203,33.8523,33.9744,33.8523,33.8523,25.2442,25.5495,25.8547,25.9158,43.254,43.8034,43.0708,43.9255,33.2418,33.3639,33.547,32.8755,25.9768,26.221,26.2821,30.2503,43.315,44.2918,43.1319,43.3761,15.6593,15.232,30.9829,15.4762,15.293,15.1099,38.9194,14.9878,16.0867,15.232,16.453,15.4151,35.3175,35.5006,36.0501,35.6838,97.2222,98.0769,97.2222,98.138,59.9817,59.188,60.1038,59.7375,59,59,59,59,59.6764,59.6764,59.6764,59.3712,5.7081800000000005,0.396825,0.763126,59.9206,41.1783,49.2979,36.9658,52.2283,33.3028,50.0305,2.77778,0.396825,1076.3,172.028,1432.86,0.0,1.0,1.0,1.0,1.0,0.0,0.07783949999999999,43.0968,43.0968,42.6297,43.0968,0.129731,15.2742,96.8988,90.2607,88.3502,96.425,0.0,7.95055,63.0048,0.0,0.0,-42.8438,99.5781,95.1803,43.106,321.258,48.8502,281.932,287.825,50.0266,424.687,425.811,422.642,528.062,499.432,599.995,429.267,422.57,533.0,497.427,602.365,411.006,409.323,515.795,515.08,613.138,410.068,410.02,516.01,514.507,616.133,430.677,430.533,535.976,535.403,614.5509999999998,431.61300000000006,430.749,535.26,535.69,613.257,600.211,601.934,21.917,403.657,1144.96
2020-11-22 07:57:05,96.7949,97.5275,97.2833,98.6264,80.3724,80.7998,81.2271,81.105,37.2711,37.4542,38.0037,38.3089,15.1099,14.8046,15.7814,15.7814,15.7814,14.6825,14.9878,15.4151,49.5726,22.6129,26.0317,35.2137,94.5055,131.233,92.7473,75.8486,59,59,59,59,58.9438,59.4933,59.2491,59.6764,59,59,59,59,11.4469,11.2027,11.2637,11.3248,9.85959,11.3858,11.0195,11.7521,11.8132,12.4847,12.4847,11.8132,54.4872,56.1355,55.9524,55.5861,26.4652,25.7936,26.0379,26.0989,44.6581,58.5165,43.6203,43.6813,32.9365,33.3028,31.044,34.5849,28.5409,27.9304,28.2357,28.602,43.5592,43.9866,43.1929,43.0708,33.8523,33.9744,33.8523,33.8523,25.2442,25.5495,25.8547,25.9158,43.254,43.8034,43.0708,43.9255,33.2418,33.3639,33.547,32.8755,25.9768,25.5495,26.2821,30.2503,43.315,44.2918,43.1319,43.3761,15.6593,15.232,30.9829,15.4762,15.293,15.1099,38.9194,14.9878,16.0867,15.232,16.453,15.4151,35.3175,35.5006,36.0501,35.6838,97.2222,98.0769,97.2222,98.138,59.9817,59.188,60.1038,59.7375,59,59,59,59,59.6764,59.6764,59.6764,59.3712,5.7081800000000005,0.396825,0.763126,59.9206,41.1783,49.2979,36.9658,52.2283,33.3028,50.0305,2.77778,0.396825,1075.09,172.028,1433.64,0.0,1.0,1.0,1.0,1.0,0.0,0.07783949999999999,43.0968,43.0968,42.6297,43.0968,0.129731,15.2742,97.3169,90.4872,88.1168,95.3017,0.0,7.95055,64.7901,0.0,0.0,-30.8519,99.5781,95.1803,42.5492,322.728,48.8502,280.86400000000003,287.825,50.0266,424.687,425.811,422.642,528.062,499.432,599.995,429.267,422.57,533.0,497.427,602.365,411.006,409.323,515.795,515.08,613.138,410.068,408.985,516.01,514.507,616.133,430.677,430.533,535.976,535.403,614.5509999999998,431.61300000000006,430.749,535.26,535.69,613.257,599.205,601.934,21.917,403.657,1143.71
2020-11-22 07:57:10,96.7949,97.5275,97.2833,98.6264,80.3724,80.7998,81.2271,81.105,36.5385,36.6606,35.6227,37.4542,15.1099,14.8046,15.7814,15.7814,15.7814,14.6825,14.9878,15.4151,49.5726,22.6129,26.0317,35.2137,93.431,131.233,92.7473,74.8718,59,59,59,59,58.9438,59.4933,59.2491,59.6764,59,59,59,59,11.4469,11.2027,11.2637,11.3248,10.5311,11.3858,11.0195,11.2027,11.8132,12.4847,12.4847,11.8132,54.4872,56.1355,55.9524,55.5861,26.4652,25.7936,26.0379,26.0989,44.6581,58.5165,43.6203,43.6813,32.9365,33.3028,32.6923,34.0354,28.5409,27.9304,28.2357,28.602,43.5592,43.9866,43.1929,43.0708,33.8523,33.9744,33.8523,33.8523,25.2442,25.5495,25.8547,25.9158,43.254,43.8034,43.0708,43.9255,33.2418,33.3639,33.547,32.8755,25.9768,26.221,26.2821,30.2503,43.315,44.2918,43.1319,43.3761,15.6593,15.232,30.9829,15.4762,15.293,15.1099,38.9194,14.9878,16.0867,15.232,16.453,15.4151,35.3175,35.5006,36.0501,35.6838,97.2222,98.0769,97.2222,98.138,59.9817,59.188,60.1038,59.7375,59,59,59,59,59.6764,59.6764,59.6764,59.3712,5.7081800000000005,0.396825,0.763126,59.9206,41.1783,49.2979,36.9658,52.2283,33.3028,50.0305,2.77778,0.396825,1073.79,172.028,1430.7,0.0,1.0,1.0,1.0,1.0,0.0,0.07783949999999999,43.0968,43.0968,42.6297,43.0968,0.129731,14.6568,96.3839,89.0158,89.3155,96.1014,0.0,7.95055,64.7587,0.0,0.0,-60.0102,99.5781,95.1803,42.5492,324.743,48.15600000000001,280.341,287.825,50.0266,424.687,425.811,422.642,528.062,500.434,599.995,429.267,422.57,533.0,497.427,601.359,411.006,409.323,515.795,515.08,613.138,410.068,408.985,516.01,514.507,616.133,430.677,430.533,535.976,535.403,614.5509999999998,431.61300000000006,430.749,535.26,535.69,613.257,599.205,600.929,21.917,404.715,1143.17
2020-11-22 07:57:15,96.7949,97.5275,97.2833,98.6264,80.3724,80.7998,81.2271,81.105,35.8669,35.5006,35.6227,36.2943,15.1099,14.8046,15.7814,15.7814,15.7814,14.6825,14.9878,15.4151,49.5726,23.5897,24.9573,36.0928,92.2588,129.963,91.5751,74.8718,59,59,59,59,58.9438,59.4933,59.2491,59.6764,59,59,59,59,11.4469,11.2027,11.2637,11.3248,10.5311,11.3858,11.0195,11.2027,11.8132,12.4847,12.4847,11.8132,54.4872,56.1355,55.9524,55.5861,26.4652,25.7936,26.0379,26.0989,44.6581,58.5165,43.0708,43.6813,32.9365,33.3028,32.6923,33.3028,28.5409,27.9304,28.2357,28.602,43.5592,43.9866,43.1929,43.0708,33.8523,33.9744,33.8523,33.8523,25.2442,25.5495,25.8547,25.9158,43.254,43.8034,43.0708,43.9255,33.2418,33.3639,33.547,32.8755,25.9768,26.221,26.2821,30.2503,43.315,44.2918,43.1319,43.3761,15.6593,15.232,30.9829,15.4762,15.293,15.1099,38.9194,14.9878,16.0867,15.232,16.453,15.4151,35.3175,35.5006,36.0501,35.6838,97.2222,98.0769,97.2222,98.138,59.9817,59.188,60.1038,59.7375,59,59,59,59,59.6764,59.6764,59.6764,59.3712,5.7081800000000005,0.396825,0.763126,59.9206,41.1783,49.2979,36.9658,52.2283,33.3028,50.0305,2.77778,0.396825,1075.09,172.028,1433.58,0.0,1.0,1.0,1.0,1.0,0.0,0.07783949999999999,43.0968,43.0968,42.6297,43.0968,0.129731,14.6568,94.7543,89.0158,88.7809,96.1014,0.0,7.95055,64.7795,0.0,0.0,-41.482,99.5781,95.1803,43.6595,322.598,48.15600000000001,279.305,287.825,50.0266,424.687,425.811,422.642,528.062,500.434,599.995,429.267,422.57,532.857,497.427,601.359,411.006,409.323,515.795,515.08,613.138,410.068,408.985,516.01,514.507,616.133,430.677,430.533,535.976,535.403,614.5509999999998,431.61300000000006,430.749,536.262,535.69,613.257,599.205,600.929,21.917,404.186,1142.53
2020-11-22 07:57:20,96.7949,97.5275,97.2833,98.6264,80.3724,80.7998,81.2271,81.105,35.8669,34.3407,35.6227,35.7448,15.1099,15.3541,15.7814,15.7814,15.7814,14.6825,14.9878,15.4151,50.4518,22.7106,24.9573,36.0928,92.2588,129.963,91.5751,74.8718,59,59,59,59,58.9438,59.4933,59.2491,59.6764,59,59,59,59,11.4469,11.2027,11.2637,11.3248,10.5311,11.3858,11.0195,11.2027,11.8132,12.4847,12.4847,11.8132,54.4872,56.1355,55.9524,55.5861,26.4652,25.7936,26.0379,26.0989,44.6581,58.5165,43.0708,43.6813,32.9365,33.3028,32.6923,33.3028,28.5409,27.9304,28.2357,28.602,43.5592,43.9866,43.1929,42.4603,33.8523,33.9744,33.8523,33.8523,25.2442,25.5495,25.8547,25.9158,43.254,43.8034,43.0708,43.9255,33.2418,33.3639,33.547,32.8755,25.9768,26.221,26.2821,30.2503,43.315,44.2918,43.1319,43.3761,15.6593,15.232,30.9829,15.4762,15.293,15.1099,38.9194,14.9878,16.0867,15.232,16.453,15.4151,35.3175,35.5006,36.0501,35.6838,97.2222,98.0769,97.2222,98.138,59.9817,59.188,60.1038,59.7375,59,59,59,59,59.6764,59.6764,59.6764,59.3712,5.7081800000000005,0.396825,0.763126,59.9206,41.1783,50.0916,36.9658,52.2283,33.3028,50.0305,2.77778,0.396825,1078.81,172.028,1423.64,0.0,1.0,1.0,1.0,1.0,0.0,0.07783949999999999,43.0968,43.0968,42.6297,43.0968,0.129731,14.6568,96.8855,89.6162,90.4762,95.4994,0.0,7.95055,66.1153,0.0,0.0,-46.6279,99.5781,95.1803,44.2035,321.436,48.15600000000001,279.305,287.825,50.0266,424.687,425.811,422.642,528.062,500.434,599.995,429.267,422.57,532.857,497.427,601.359,411.006,408.264,515.795,515.08,613.138,410.068,408.985,516.01,514.507,616.133,430.677,430.533,535.976,535.403,614.5509999999998,431.61300000000006,430.749,536.262,535.69,613.257,599.205,600.929,21.917,404.186,1142.53
2020-11-22 07:57:25,96.7949,97.5275,97.2833,98.6264,80.3724,80.7998,81.2271,81.105,33.9744,34.3407,35.0122,35.1343,15.1099,15.3541,15.7814,14.9267,15.7814,14.6825,14.9878,15.4151,50.4518,21.7338,23.9805,35.0183,93.2356,129.963,92.4542,74.8718,59,59,59,59,58.9438,59.4933,59.2491,59.6764,59,59,59,59,11.4469,11.2027,11.2637,11.3248,10.5311,11.3858,11.0195,11.2027,11.8132,12.4847,12.4847,11.8132,54.4872,56.1355,55.9524,55.5861,26.4652,25.7936,26.0379,26.0989,44.6581,58.5165,43.0708,43.6813,32.9365,33.3028,32.6923,32.6313,28.5409,27.9304,28.2357,28.602,43.5592,43.9866,43.1929,43.0098,33.8523,33.9744,33.8523,33.8523,25.2442,25.5495,25.8547,25.9158,43.254,43.8034,42.5214,43.9255,33.2418,33.3639,33.547,32.8755,25.9768,24.9389,26.2821,30.2503,43.315,44.2918,43.1319,43.3761,15.6593,15.232,30.9829,15.4762,15.293,15.1099,38.9194,15.5372,16.0867,15.232,16.453,15.4151,35.3175,35.5006,36.0501,35.6838,97.2222,98.0769,97.2222,98.138,59.9817,59.188,60.1038,59.7375,59,59,59,59,59.6764,59.6764,59.6764,59.3712,5.7081800000000005,0.396825,0.763126,59.9206,41.1783,50.0916,36.9658,52.2283,33.3028,50.0305,2.77778,0.396825,1080.02,172.028,1425.28,0.0,1.0,1.0,1.0,1.0,0.0,0.07783949999999999,43.0968,43.0968,42.6297,43.0968,0.129731,14.6568,96.1396,91.1897,90.2532,94.888,0.0,7.95055,64.5835,0.0,0.0,-42.1717,99.5781,95.1803,45.5164,318.41,48.15600000000001,278.803,287.825,50.0266,424.687,425.811,422.642,528.062,500.434,599.995,429.267,422.57,532.857,497.427,601.359,411.006,408.264,515.795,515.08,613.138,410.068,408.985,516.01,514.507,616.133,430.677,430.533,535.976,535.403,614.5509999999998,431.61300000000006,430.749,536.262,535.69,613.257,599.205,600.929,21.917,403.657,1142.53
2020-11-22 07:57:30,96.7949,97.5275,97.2833,98.6264,80.3724,80.7998,80.5556,81.105,33.9744,34.3407,33.8523,34.4017,15.1099,15.3541,15.7814,15.6593,15.7814,14.6825,14.9878,15.4151,51.3309,20.8547,23.9805,35.0183,94.2124,127.814,92.4542,73.895,59,59,59,59,58.9438,59.4933,59.2491,59.6764,59,59,59,59,11.4469,11.2027,11.2637,11.3248,10.5311,11.3858,11.0195,11.2027,11.8132,12.4847,12.4847,11.8132,54.4872,56.1355,55.9524,55.5861,26.4652,25.7936,26.0379,26.0989,44.6581,58.5165,43.0708,43.6813,32.9365,33.3028,32.6923,32.0818,28.5409,27.9304,28.2357,28.602,43.5592,43.9866,43.1929,43.0098,33.8523,33.9744,33.8523,33.8523,25.2442,25.5495,25.8547,25.9158,43.254,43.8034,42.5214,43.9255,33.2418,33.3639,33.547,32.8755,25.9768,26.0989,26.2821,29.7009,43.315,44.2918,43.1319,43.3761,15.6593,15.232,30.9829,15.4762,15.293,15.1099,38.9194,15.5372,16.0867,15.232,16.453,15.4151,35.3175,35.5006,36.0501,35.6838,97.2222,98.0769,97.2222,98.138,59.9817,59.188,60.1038,59.7375,59,59,59,59,59.6764,59.6764,59.6764,59.3712,5.7081800000000005,0.396825,0.763126,59.9206,41.1783,50.0916,36.9658,52.2283,33.3028,50.0305,2.77778,0.396825,1082.44,172.028,1428.38,0.0,1.0,1.0,1.0,1.0,0.0,0.07783949999999999,43.0968,43.0968,42.6297,43.0968,0.129731,15.2742,98.6179,88.4227,89.8434,96.0255,0.0,7.95055,64.8046,0.0,0.0,-58.0439,99.5781,95.1803,46.6562,313.951,48.7112,276.198,287.825,50.0266,424.687,425.811,422.642,528.062,500.434,599.995,429.267,422.57,532.857,497.427,601.359,411.006,408.264,515.795,515.08,613.138,410.068,408.985,516.01,514.507,616.133,430.677,430.533,535.976,535.403,614.5509999999998,431.61300000000006,430.749,536.262,535.69,613.257,599.205,600.929,21.917,403.657,1142.53
2020-11-22 07:57:35,96.7949,97.5275,97.2833,98.6264,80.3724,80.7998,80.0061,80.3114,33.9744,34.3407,33.8523,34.4017,15.1099,15.3541,15.7814,15.6593,15.7814,14.6825,14.9878,15.4151,52.3077,20.8547,23.9805,34.0415,94.2124,128.01,92.4542,73.895,59,59,59,59,58.9438,59.4933,59.2491,59.6764,59,59,59,59,11.4469,11.2027,11.2637,11.3248,10.5311,11.3858,11.0195,11.2027,11.8132,12.4847,11.8742,12.3626,54.4872,56.1355,55.9524,55.5861,26.4652,25.7936,26.0379,26.0989,44.6581,58.5165,44.4139,43.6813,32.9365,33.3028,32.6923,31.4713,28.5409,27.9304,28.2357,28.0525,43.5592,43.9866,43.1929,43.0098,33.8523,33.9744,33.8523,33.8523,25.2442,25.5495,25.8547,25.9158,43.254,43.8034,42.5214,43.9255,33.2418,33.3639,33.547,32.8755,25.9768,26.0989,26.2821,29.7009,43.315,44.2918,43.1319,43.3761,15.6593,15.232,30.9829,15.4762,15.293,15.1099,38.9194,15.5372,16.0867,15.232,16.453,15.4151,35.3175,35.5006,36.0501,35.6838,97.2222,98.0769,97.2222,98.138,59.9817,59.188,60.1038,59.7375,59,59,59,59,59.6764,59.6764,59.6764,59.3712,5.7081800000000005,0.396825,0.763126,59.9206,41.1783,50.0916,36.9658,52.2283,35.0122,50.0305,2.77778,0.396825,1086.05,172.028,1423.17,0.0,1.0,1.0,1.0,1.0,0.0,0.07783949999999999,43.0968,43.0968,42.6297,43.0968,0.129731,15.2742,97.8502,87.4851,89.8434,96.018,0.0,7.95055,64.4644,0.0,0.0,-69.1145,99.5781,95.1803,47.2504,312.25,47.848,275.421,287.825,50.0266,424.687,425.811,422.642,528.062,500.434,599.995,429.267,422.57,532.857,497.427,601.359,411.006,408.264,515.795,515.08,613.138,410.068,408.985,516.01,514.507,616.133,430.677,430.533,535.976,535.403,614.5509999999998,431.61300000000006,430.749,536.262,535.69,613.257,599.205,600.929,21.917,403.657,1143.1
2020-11-22 07:57:40,96.7949,97.5275,97.2833,98.6264,78.9683,80.7998,80.0061,79.5788,33.9744,34.3407,33.2418,33.8523,15.1099,15.3541,15.7814,15.6593,15.7814,14.6825,14.9878,15.4151,52.3077,19.5849,23.9805,34.0415,94.2124,128.01,92.4542,73.895,59,59,59,59,58.9438,59.4933,59.2491,59.6764,59,59,59,59,11.4469,11.2027,11.2637,11.3248,11.0806,11.3858,11.0195,11.2027,11.8132,12.4847,11.8742,12.3626,54.4872,56.1355,55.9524,55.5861,26.4652,25.7936,26.0379,26.0989,44.6581,58.5165,44.4139,43.6813,32.9365,33.3028,32.6923,30.5556,28.5409,27.9304,28.2357,28.0525,43.5592,43.9866,43.1929,43.0098,33.8523,33.9744,33.8523,33.8523,25.2442,25.5495,25.8547,25.9158,43.254,43.8034,42.5214,43.9255,33.2418,33.3639,33.547,32.8755,25.9768,25.5495,26.2821,29.7009,43.315,44.2918,43.1319,43.3761,15.6593,15.232,30.9829,15.4762,15.293,15.1099,38.9194,15.5372,16.0867,15.232,16.453,15.4151,35.3175,35.5006,36.0501,35.6838,97.2222,98.0769,97.2222,98.138,59.9817,59.188,60.1038,59.7375,59,59,59,59,59.6764,59.6764,59.6764,59.3712,5.7081800000000005,0.396825,0.763126,59.9206,41.1783,50.0916,36.9658,52.2283,35.0122,50.0305,2.77778,0.396825,1085.97,172.028,1426.27,0.0,1.0,1.0,1.0,1.0,0.0,0.07783949999999999,43.0968,43.0968,42.6297,43.0968,0.129731,15.2742,97.0795,87.7442,89.8434,95.1138,0.0,7.95055,64.0141,0.0,0.0,-75.2178,99.5781,95.1803,47.2504,312.25,47.848,275.939,287.825,50.0266,424.687,425.811,422.642,529.111,500.434,599.995,429.267,422.57,532.857,497.427,601.359,411.006,408.264,515.795,515.08,613.138,410.068,408.985,516.01,514.507,616.133,430.677,430.533,535.976,535.403,614.5509999999998,431.61300000000006,430.749,536.262,535.69,613.257,599.205,600.929,21.917,403.657,1144.22
2020-11-22 07:57:45,96.7949,97.5275,97.2833,98.6264,78.9683,77.0757,79.0904,78.7851,33.9744,34.3407,32.6923,33.8523,15.1099,15.3541,15.7814,15.6593,15.7814,14.6825,14.9878,15.4151,52.3077,19.5849,22.906,34.0415,94.2124,129.28,93.431,73.895,59,59,59,59,58.9438,59.4933,59.2491,59.6764,59,59,59,59,11.4469,11.2027,11.2637,11.3248,11.63,11.3858,11.0195,11.2027,11.8132,12.4847,11.8742,12.3626,54.4872,56.1355,55.9524,55.5861,26.4652,25.7936,26.0379,26.0989,44.6581,58.5165,44.4139,43.6813,32.9365,33.3028,32.6923,30.5556,28.5409,27.9304,28.2357,28.0525,43.5592,43.9866,43.1929,43.0098,33.8523,33.9744,33.8523,33.8523,25.2442,25.5495,25.8547,25.9158,43.254,43.8034,42.5214,43.9255,33.2418,33.3639,33.547,32.8755,25.9768,26.221,26.2821,29.7009,43.315,44.2918,43.1319,43.3761,15.6593,15.232,30.9829,15.4762,15.293,15.1099,38.9194,15.5372,16.0867,15.232,16.453,15.4151,35.3175,35.5006,36.0501,35.6838,97.2222,98.0769,97.2222,98.138,59.9817,59.188,60.1038,59.7375,59,59,59,59,59.6764,59.6764,59.6764,59.3712,5.7081800000000005,0.396825,0.763126,59.9206,41.1783,50.0916,36.9658,52.2283,35.0122,50.0305,2.77778,0.396825,1084.85,172.601,1427.75,0.0,1.0,1.0,1.0,1.0,0.0,0.07783949999999999,43.0968,43.0968,42.6297,43.0968,0.129731,15.2742,96.7196,87.6382,88.9797,95.7397,0.0,7.95055,65.237,0.0,0.0,-74.3435,99.5781,95.1803,46.739,312.816,47.848,277.235,287.825,50.0266,424.687,425.811,423.698,529.111,500.434,599.995,429.267,422.57,532.976,497.427,601.359,411.006,408.264,515.795,515.08,613.138,410.068,408.985,516.01,514.507,616.133,430.677,430.533,535.976,535.403,614.5509999999998,431.61300000000006,430.749,536.262,535.69,613.257,599.205,600.929,21.917,403.657,1144.74
2020-11-22 07:57:50,96.7949,97.5275,97.2833,98.6264,78.9683,77.0757,78.4799,78.7851,33.9744,34.3407,32.6923,33.8523,15.1099,15.3541,15.7814,15.6593,15.7814,14.6825,14.9878,15.4151,52.3077,19.5849,22.906,34.0415,94.2124,129.28,93.431,74.7741,59,59,59,59,58.9438,59.4933,59.2491,59.6764,59,59,59,59,11.4469,11.2027,11.2637,11.3248,10.8364,11.3858,11.0195,11.2027,11.8132,12.4847,12.4237,12.3626,54.4872,56.1355,55.9524,55.5861,26.4652,25.7936,26.0379,26.0989,44.6581,58.5165,44.4139,43.6813,32.9365,33.3028,32.6923,33.1197,28.5409,27.9304,28.2357,28.0525,43.5592,43.9866,43.1929,43.0098,33.8523,33.9744,33.8523,33.8523,25.2442,25.5495,25.8547,25.9158,43.254,43.8034,42.5214,43.9255,33.2418,33.3639,33.547,32.8755,25.9768,26.221,26.2821,29.7009,43.315,44.2918,43.1319,43.3761,15.6593,15.232,30.9829,15.4762,15.293,15.1099,38.9194,15.5372,16.0867,15.232,16.453,15.4151,35.3175,35.5006,36.0501,35.6838,97.2222,98.0769,97.2222,98.138,59.9817,59.188,60.1038,59.7375,59,59,59,59,59.6764,59.6764,59.6764,59.3712,5.7081800000000005,0.396825,0.763126,59.9206,41.1783,50.0916,36.9658,52.2283,35.0122,50.0305,2.77778,0.396825,1084.85,172.601,1426.98,0.0,1.0,1.0,1.0,1.0,0.0,0.07783949999999999,43.0968,43.0968,42.6297,43.0968,0.129731,15.2742,96.3181,90.7051,89.1014,95.7397,0.0,7.95055,65.071,0.0,0.0,-91.6248,99.5781,95.1803,46.739,310.762,47.2569,278.531,287.825,50.0266,424.687,425.811,423.698,529.111,501.436,599.995,429.267,422.57,533.143,497.427,601.359,411.006,408.264,515.795,515.08,613.138,410.068,408.985,516.01,514.507,616.133,430.677,430.533,535.976,535.403,614.5509999999998,431.61300000000006,430.749,536.262,535.69,613.257,599.205,600.929,21.917,403.657,1145.46
2020-11-22 07:57:55,96.7949,97.5275,97.2833,98.6264,77.381,76.5263,78.4799,78.7851,33.9744,34.3407,32.6923,33.8523,15.1099,15.3541,15.7814,15.6593,15.7814,14.6825,14.9878,15.4151,50.4518,18.4127,21.8315,34.9206,92.1612,129.28,93.431,74.7741,59,59,59,59,58.9438,59.4933,59.2491,59.6764,59,59,59,59,11.4469,11.2027,11.2637,11.3248,10.7753,11.3858,11.0195,11.2027,11.8132,12.4847,12.4237,12.3626,54.4872,56.1355,55.9524,55.5861,26.4652,25.7936,26.0379,26.0989,44.6581,58.5165,44.4139,43.6813,32.9365,33.3028,32.6923,33.1197,28.5409,27.9304,28.2357,28.0525,43.5592,43.9866,43.1929,43.0098,33.8523,33.9744,33.8523,33.8523,25.2442,25.5495,25.8547,25.9158,43.254,43.8034,42.5214,43.9255,33.2418,33.3639,33.547,32.8755,25.9768,25.4884,26.2821,29.7009,43.315,44.2918,43.1319,43.3761,15.6593,15.232,30.9829,15.4762,15.293,15.1099,38.9194,15.5372,16.0867,15.232,16.453,15.4151,35.3175,35.5006,36.0501,35.6838,97.2222,98.0769,97.2222,98.138,59.9817,59.188,60.1038,59.7375,59,59,59,59,59.6764,59.6764,59.6764,59.3712,5.7081800000000005,0.396825,0.763126,59.9206,41.1783,50.0916,36.9658,52.2283,35.0122,50.0305,2.77778,0.396825,1086.13,172.601,1423.31,0.0,1.0,1.0,1.0,1.0,0.0,0.07783949999999999,43.0968,43.0968,42.6297,43.0968,0.129731,15.2742,96.3181,88.7303,90.6993,96.0838,0.0,7.95055,61.9656,0.0,0.0,-57.5072,99.5781,95.1803,48.034,307.543,46.5933,281.134,287.825,50.0266,424.687,425.811,423.698,529.111,501.436,599.995,430.274,422.57,533.262,497.427,601.359,411.006,408.264,515.795,515.08,613.138,410.068,408.985,516.01,514.507,616.133,430.677,430.533,535.976,535.403,614.5509999999998,431.61300000000006,430.749,536.262,535.69,613.257,599.205,600.929,21.917,404.186,1146.05
2020-11-22 07:58:00,96.7949,97.5275,97.2833,98.6264,77.381,76.5263,77.6252,77.6862,33.9744,34.3407,34.4628,33.3028,15.1099,15.3541,15.7814,15.6593,15.7814,14.6825,14.9878,15.4151,49.1819,18.4127,21.8315,33.8461,92.1612,128.4,93.431,75.7509,59,59,59,59,58.9438,59.4933,59.2491,59.6764,59,59,59,59,11.4469,11.2027,11.2637,11.3248,10.7753,11.3858,11.0195,11.2027,11.8132,12.4847,12.4237,12.3626,54.4872,56.1355,55.9524,55.5861,26.4652,25.2442,26.0379,26.0989,44.6581,58.5165,44.4139,43.6813,32.9365,33.3028,32.6923,33.1197,28.5409,27.9304,28.2357,28.0525,44.2918,43.9866,43.1929,43.0098,33.8523,33.9744,33.8523,33.8523,25.2442,25.5495,25.8547,25.9158,43.254,43.8034,42.5214,43.9255,33.2418,33.3639,33.547,32.8755,25.9768,26.0379,26.2821,29.7009,43.315,44.2918,43.1319,43.3761,15.6593,15.232,30.9829,15.4762,15.293,15.1099,38.9194,15.5372,16.0867,15.232,16.453,15.4151,35.3175,35.5006,36.0501,35.6838,97.2222,98.0769,97.2222,98.138,59.9817,59.188,60.1038,59.7375,59,59,59,59,59.6764,59.6764,59.6764,59.3712,5.7081800000000005,0.396825,0.763126,59.9206,41.1783,50.0916,36.9658,52.2283,35.0122,50.0305,2.77778,0.396825,1087.25,172.601,1427.58,0.0,1.0,1.0,1.0,1.0,0.0,0.07783949999999999,43.0968,43.0968,42.6297,43.0968,0.129731,15.2742,95.7927,88.7303,89.9217,96.0838,0.0,7.95055,62.2611,0.0,0.0,-34.8313,99.5781,95.1803,49.3312,306.746,45.7935,282.693,287.825,50.0266,424.687,425.811,423.698,529.111,501.436,599.995,430.274,422.57,533.405,497.427,601.359,411.006,408.264,515.795,515.08,613.138,410.068,408.985,516.01,514.507,616.133,430.677,430.533,535.976,535.403,614.5509999999998,431.61300000000006,430.749,536.262,535.69,613.257,599.205,600.929,21.917,403.657,1146.6
2020-11-22 07:58:05,96.7949,97.5275,97.2833,98.6264,77.381,76.5263,77.6252,77.6862,33.9744,34.3407,34.4628,33.3028,15.1099,15.3541,15.7814,15.6593,15.7814,14.6825,14.9878,15.4151,47.619,19.3895,23.1013,32.8694,93.7241,129.377,93.431,74.8718,59,59,59,59,58.9438,59.4933,59.2491,59.6764,59,59,59,59,11.4469,11.2027,11.2637,11.3248,10.7753,11.3858,11.0195,11.2027,11.8132,12.4847,12.4237,12.3626,54.4872,56.1355,55.9524,55.5861,26.4652,25.2442,26.0379,26.0989,44.6581,58.5165,44.4139,43.6813,32.9365,33.3028,32.6923,33.1197,28.5409,27.9304,28.2357,28.0525,44.2918,43.9866,43.1929,43.0098,33.8523,33.9744,33.8523,33.8523,25.2442,25.5495,25.8547,25.9158,43.254,43.8034,42.5214,43.9255,33.2418,33.3639,33.547,32.8755,25.9768,26.0379,26.2821,29.7009,43.315,44.2918,43.1319,43.3761,15.6593,15.232,30.9829,15.4762,15.293,15.1099,38.9194,15.5372,16.0867,15.232,16.453,15.4151,35.3175,35.5006,36.0501,35.6838,97.2222,98.0769,97.2222,98.138,59.9817,59.188,60.1038,59.7375,59,59,59,59,59.6764,59.6764,59.6764,59.3712,5.7081800000000005,0.396825,0.763126,59.9206,41.1783,50.0916,38.6752,52.2283,35.0122,50.0305,2.77778,0.396825,1087.25,172.601,1419.25,0.0,1.0,1.0,1.0,1.0,0.0,0.07783949999999999,43.0968,43.0968,42.6297,43.0968,0.129731,15.2742,95.7927,88.8699,89.0103,96.0838,0.0,7.95055,64.9942,0.0,0.0,-32.6684,99.5781,95.1803,49.3312,308.531,45.0928,283.967,287.825,50.0266,424.687,426.819,423.698,529.111,501.436,599.995,430.274,422.57,533.572,497.427,601.359,411.006,408.264,515.795,515.08,613.138,410.068,408.985,516.01,514.507,616.133,430.677,430.533,535.976,535.403,614.5509999999998,431.61300000000006,430.749,536.262,535.69,613.257,599.205,600.929,21.917,404.186,1146.6
2020-11-22 07:58:10,96.7949,97.5275,97.2833,98.6264,77.381,76.5263,76.8926,77.6862,33.9744,34.3407,34.4628,33.3028,15.1099,15.3541,15.7814,15.6593,15.7814,14.6825,14.9878,15.4151,46.7399,19.3895,24.2735,32.8694,92.3565,129.377,92.5519,74.8718,59,59,59,59,58.9438,59.4933,59.2491,59.6764,59,59,59,59,11.4469,11.2027,11.2637,11.3248,10.7753,11.3858,11.0195,11.2027,11.8132,12.4847,12.4237,12.3626,54.4872,56.1355,55.9524,55.5861,26.4652,25.2442,26.0379,26.0989,44.6581,58.5165,44.4139,43.6813,32.9365,33.3028,32.6923,33.1197,28.5409,27.9304,28.2357,28.0525,44.2918,43.9866,43.1929,43.0098,33.8523,33.9744,33.8523,33.8523,25.2442,25.5495,25.8547,25.9158,43.254,43.8034,42.5214,43.9255,33.2418,33.3639,33.547,32.8755,25.9768,26.0379,26.2821,29.7009,43.315,44.2918,43.1319,43.3761,15.6593,15.232,30.9829,15.4762,15.293,15.1099,38.9194,15.5372,16.0867,15.232,16.453,15.4151,35.3175,35.5006,36.0501,35.6838,97.2222,98.0769,97.2222,98.138,59.9817,59.188,60.1038,59.7375,59,59,59,59,59.6764,59.6764,59.6764,59.3712,5.7081800000000005,0.396825,0.763126,60.8364,41.1783,50.0916,38.6752,52.2283,35.0122,50.0305,2.77778,0.396825,1084.93,172.601,1425.48,0.0,1.0,1.0,1.0,1.0,0.0,0.07783949999999999,43.0968,43.0968,42.6297,43.0968,0.129731,15.2742,94.6882,89.8304,88.6359,96.7589,0.0,7.95055,64.2883,0.0,0.0,-51.3352,99.5781,95.1803,49.8689,311.445,45.7948,285.225,287.825,50.0266,424.687,426.819,423.698,529.111,501.436,599.995,430.274,422.57,533.572,498.429,601.359,411.006,408.264,515.795,515.08,613.138,410.068,408.985,516.01,514.507,616.133,430.677,430.533,535.976,535.403,614.5509999999998,431.61300000000006,430.749,536.262,535.69,613.257,599.205,600.929,21.917,404.715,1147.15
2020-11-22 07:58:15,96.7949,97.5275,97.2833,98.6264,75.6105,76.5263,76.8926,76.9536,33.9744,34.3407,34.4628,33.3028,15.1099,15.3541,15.7814,15.6593,15.7814,14.6825,14.9878,15.4151,46.7399,20.464,25.1526,31.7949,92.3565,128.205,90.8913,74.8718,59,59,59,59,58.9438,59.4933,59.2491,59.6764,59,59,59,59,11.4469,11.2027,11.2637,11.3248,10.7753,10.7753,11.0195,11.2027,11.8132,12.4847,11.8742,12.3626,54.4872,56.1355,55.4029,55.5861,26.4652,25.2442,26.0379,26.0989,44.6581,58.5165,43.7424,43.6813,32.9365,33.3028,32.6923,33.1197,28.5409,27.9304,28.2357,28.0525,43.7424,43.9866,43.1929,43.0098,33.8523,33.9744,33.8523,33.8523,25.2442,25.5495,25.8547,25.9158,43.254,43.8034,42.5214,43.9255,33.2418,33.3639,33.547,32.8755,25.9768,25.4274,26.2821,29.7009,43.315,44.2918,43.1319,43.3761,15.6593,15.232,30.9829,15.4762,15.293,15.1099,38.9194,15.5372,16.0867,15.232,16.453,15.4151,35.3175,35.5006,36.0501,35.6838,97.2222,98.0769,97.2222,98.138,59.9817,59.188,60.1038,59.7375,59,59,59,59,59.6764,59.6764,59.6764,59.3712,5.7081800000000005,0.396825,0.763126,60.8364,41.1783,50.0916,38.6752,52.2283,35.0122,50.0305,2.77778,0.396825,1085.01,172.601,1425.16,0.0,1.0,1.0,1.0,1.0,0.0,0.07783949999999999,43.0968,43.0968,42.6297,43.0968,0.129731,15.8916,97.3903,91.5457,89.5863,96.3979,0.0,7.95055,65.1425,0.0,0.0,-40.6324,99.5781,95.1803,48.9067,314.21,45.7948,289.366,287.825,50.0266,424.687,426.819,423.698,530.137,502.4380000000001,598.99,430.274,422.57,533.691,498.429,601.359,411.006,408.264,515.795,515.08,613.138,410.068,408.985,516.01,514.507,616.133,430.677,430.533,535.976,535.403,614.5509999999998,431.61300000000006,430.749,536.262,535.69,613.257,599.205,600.929,21.917,404.186,1147.7
2020-11-22 07:58:20,96.7949,97.5275,97.2833,98.6264,75.6105,76.5263,76.3431,76.9536,34.5849,34.3407,34.4628,32.7534,15.1099,15.3541,15.7814,15.6593,15.7814,14.6825,14.9878,15.4151,46.7399,20.464,25.1526,31.7949,92.3565,129.377,90.8913,74.8718,59,59,59,59,58.9438,59.4933,59.2491,59.6764,59,59,59,59,11.4469,11.2027,11.2637,11.3248,10.7753,10.7753,11.0195,11.2027,11.8132,12.4847,11.8742,12.3626,54.4872,56.1355,55.4029,55.5861,26.4652,25.2442,26.0379,26.0989,44.6581,58.5165,43.1319,43.6813,32.9365,33.3028,32.6923,33.1197,28.5409,27.9304,28.2357,28.0525,43.7424,43.9866,43.1929,43.0098,33.8523,33.9744,33.8523,33.8523,25.2442,25.5495,25.8547,25.9158,43.254,43.8034,42.5214,43.9255,33.2418,33.3639,33.547,32.8755,25.9768,26.16,26.2821,29.7009,43.315,44.2918,43.1319,43.3761,15.6593,15.232,30.9829,15.4762,15.293,15.1099,38.9194,15.5372,16.0867,15.232,16.453,15.4151,35.3175,35.5006,36.0501,35.6838,97.2222,98.0769,97.2222,98.138,59.9817,59.188,60.1038,59.7375,59,59,59,59,59.6764,59.6764,59.6764,59.3712,5.7081800000000005,0.396825,0.763126,60.8364,41.1783,50.0916,38.6752,52.2283,35.0122,50.0305,2.77778,0.396825,1087.33,172.601,1424.46,0.0,1.0,1.0,1.0,1.0,0.0,0.07783949999999999,43.0968,43.0968,42.6297,43.0968,0.129731,15.8916,97.3903,89.8795,89.5379,97.3921,0.0,7.95055,64.3425,0.0,0.0,-27.8488,99.5781,95.1803,47.412,318.646,45.0594,292.286,287.825,51.0345,424.687,426.819,423.698,530.137,502.4380000000001,598.99,430.274,423.578,533.859,498.429,601.359,411.006,408.264,515.795,515.08,613.138,410.068,408.985,516.01,514.507,616.133,430.677,430.533,535.976,535.403,614.5509999999998,431.61300000000006,430.749,536.262,535.69,613.257,599.205,600.929,21.917,403.657,1148.29
2020-11-22 07:58:25,96.7949,97.5275,97.2833,98.6264,75.6105,76.5263,76.3431,76.9536,34.5849,34.3407,34.4628,32.7534,15.1099,15.3541,15.7814,14.9267,15.7814,14.6825,14.9878,15.4151,47.9121,20.464,25.1526,30.9158,91.2821,126.447,91.8681,76.044,59,59,59,59,58.9438,59.4933,59.2491,59.6764,59,59,59,59,11.4469,11.2027,11.2637,11.3248,10.7753,10.7753,11.0195,11.2027,11.8132,12.4847,12.4237,12.3626,55.0366,56.1355,55.4029,55.5861,26.4652,25.2442,26.0379,26.0989,44.6581,58.5165,43.9866,43.6813,32.9365,33.3028,32.6923,33.1197,28.5409,27.9304,28.2357,28.0525,43.7424,43.9866,43.1929,43.0098,33.8523,33.9744,33.8523,33.8523,25.2442,25.5495,25.8547,25.9158,43.254,43.8034,42.5214,43.9255,33.2418,33.3639,33.547,32.8755,25.9768,26.16,26.2821,29.7009,43.315,44.2918,43.1319,43.3761,15.6593,15.232,30.9829,15.4762,15.293,15.1099,38.9194,15.5372,16.0867,15.232,16.453,15.4151,35.3175,35.5006,36.0501,35.6838,97.2222,98.0769,97.2222,98.138,59.9817,59.188,60.1038,59.7375,59,59,59,59,59.6764,59.6764,59.6764,59.3712,5.7081800000000005,0.396825,0.763126,60.8364,41.1783,50.0916,38.6752,52.2283,35.0122,50.0305,2.77778,0.396825,1086.13,172.601,1420.71,0.0,1.0,1.0,1.0,1.0,0.0,0.07783949999999999,43.0968,43.0968,42.6297,43.0968,0.129731,15.2007,95.512,89.7594,89.5379,97.141,0.0,7.95055,62.44600000000001,0.0,0.0,-41.2411,99.5781,95.1803,46.7341,320.626,45.7522,295.271,287.825,51.0345,424.687,426.819,423.698,530.137,502.4380000000001,598.99,430.274,423.578,534.002,499.432,600.354,411.006,408.264,515.795,515.08,613.138,410.068,408.985,516.01,514.507,616.133,430.677,430.533,535.976,535.403,614.5509999999998,431.61300000000006,430.749,536.262,535.69,613.257,599.205,599.923,21.917,403.657,1148.29
2020-11-22 07:58:30,96.7949,97.5275,97.2833,98.6264,75.6105,76.5263,76.3431,76.9536,34.5849,34.3407,34.4628,32.7534,15.1099,15.3541,15.7814,15.4762,15.7814,14.6825,14.9878,15.4151,48.9866,20.464,26.0317,30.9158,90.2076,126.447,91.8681,75.1648,59,59,59,59,58.9438,59.4933,59.2491,59.6764,59,59,59,59,11.4469,11.2027,11.2637,11.3248,10.7753,10.7753,11.0195,11.2027,11.8132,12.4847,12.4237,12.3626,55.0366,56.1355,55.4029,55.5861,26.4652,25.2442,26.0379,26.0989,44.6581,58.5165,43.9866,43.6813,32.9365,33.3028,32.6923,33.1197,28.5409,27.9304,28.2357,28.0525,43.7424,43.9866,43.1929,43.0098,33.8523,33.9744,33.8523,33.8523,25.2442,25.5495,25.8547,25.9158,43.254,43.8034,42.5214,43.9255,33.2418,33.3639,33.547,32.8755,25.9768,25.6105,26.2821,29.7009,43.315,44.2918,43.1319,43.3761,15.6593,15.232,30.9829,15.4762,15.293,15.1099,38.9194,15.5372,16.0867,15.232,16.453,15.4151,35.3175,35.5006,36.0501,35.6838,97.2222,98.0769,97.2222,98.138,59.9817,59.188,60.1038,59.7375,59,59,59,59,59.6764,59.6764,59.6764,59.3712,5.7081800000000005,0.396825,0.763126,60.8364,41.1783,50.0916,38.6752,52.2283,35.0122,48.9927,2.77778,0.396825,1087.33,172.601,1418.05,0.0,1.0,1.0,1.0,1.0,0.0,0.07783949999999999,43.0968,43.0968,42.6297,43.0968,0.129731,15.2007,95.3048,89.2428,89.5379,95.9172,0.0,7.95055,64.1431,0.0,0.0,-58.9497,99.5781,95.1803,45.9706,323.427,45.7522,297.224,287.825,51.0345,424.687,426.819,423.698,530.137,502.4380000000001,598.99,430.274,423.578,534.145,499.432,600.354,411.006,408.264,515.795,515.08,613.138,410.068,408.985,516.01,514.507,616.133,430.677,430.533,535.976,535.403,614.5509999999998,431.61300000000006,430.749,536.262,535.69,613.257,599.205,599.923,21.917,404.186,1148.29
2020-11-22 07:58:35,96.7949,97.5275,97.2833,98.6264,75.6105,76.5263,75.6716,76.0379,34.5849,34.3407,34.4628,32.7534,15.1099,15.3541,15.7814,15.4762,15.7814,14.6825,14.9878,15.4151,48.9866,20.464,26.0317,30.9158,90.2076,127.326,91.8681,75.1648,59,59,59,59,58.9438,59.4933,59.2491,59.6764,59,59,59,59,11.4469,11.2027,11.2637,11.3248,10.7753,10.7753,11.0195,11.2027,11.8132,12.4847,12.4237,12.3626,55.0366,56.1355,55.4029,55.5861,26.4652,25.2442,26.0379,26.0989,44.6581,58.5165,43.9866,43.6813,32.9365,33.3028,32.6923,33.1197,28.5409,27.9304,28.2357,28.0525,43.7424,43.9866,43.1929,43.0098,33.8523,33.9744,33.8523,33.8523,25.2442,25.5495,25.8547,25.9158,43.254,43.8034,42.5214,43.9255,33.2418,33.3639,33.547,32.8755,25.9768,26.4042,26.2821,29.7009,43.315,44.2918,43.1319,43.3761,15.6593,15.232,30.9829,15.4762,15.293,15.1099,38.9194,15.5372,16.0867,15.232,16.453,15.4151,35.3175,35.5006,36.0501,35.6838,97.2222,98.0769,97.2222,98.138,59.9817,59.188,60.1038,59.7375,59,59,59,59,59.6764,59.6764,59.6764,59.3712,5.7081800000000005,0.396825,0.763126,60.8364,41.1783,50.0916,38.6752,52.2283,35.0122,48.9927,2.77778,0.396825,1088.53,172.601,1427.67,0.0,1.0,1.0,1.0,1.0,0.0,0.07783949999999999,43.0968,43.0968,42.6297,43.0968,0.129731,15.8328,96.7368,91.004,89.6978,95.2042,0.0,7.95055,64.6507,0.0,0.0,-41.9792,99.5781,95.1803,45.9706,325.918,46.9159,297.813,287.825,51.0345,424.687,426.819,423.698,530.137,502.4380000000001,598.99,430.274,423.578,534.145,499.432,600.354,411.006,408.264,515.795,515.08,613.138,410.068,408.985,516.01,514.507,616.133,430.677,430.533,535.976,535.403,614.5509999999998,431.61300000000006,430.749,536.262,535.69,613.257,599.205,599.923,21.917,403.129,1148.89
2020-11-22 07:58:40,96.7949,97.5275,97.2833,98.6264,74.3895,76.5263,75.6716,76.0379,34.5849,34.3407,34.4628,32.7534,15.1099,15.3541,15.7814,15.4762,15.7814,14.6825,14.9878,15.4151,48.9866,20.464,26.9109,30.9158,91.1844,128.498,91.8681,74.2857,59,59,59,59,58.9438,59.4933,59.2491,59.6764,59,59,59,59,11.4469,11.2027,11.2637,11.3248,10.7753,10.7753,11.0195,11.2027,11.8132,12.4847,12.4237,12.3626,55.0366,56.1355,55.4029,55.5861,26.4652,25.2442,26.0379,26.0989,44.6581,58.5165,43.9866,43.6813,32.9365,33.3028,32.6923,33.1197,28.5409,27.9304,28.2357,28.0525,43.7424,43.9866,43.1929,43.0098,33.8523,33.9744,33.8523,33.8523,25.2442,25.5495,25.8547,25.9158,43.254,43.8034,42.5214,43.9255,33.2418,33.3639,33.547,32.8755,25.9768,26.4042,26.2821,29.7009,43.315,44.2918,43.1319,43.3761,15.6593,15.232,30.9829,15.4762,15.293,15.1099,38.9194,15.5372,16.0867,15.232,16.453,15.4151,35.3175,35.5006,36.0501,35.6838,97.2222,98.0769,97.2222,98.138,59.9817,59.188,60.1038,59.7375,59,59,59,59,59.6764,59.6764,59.6764,59.3712,5.7081800000000005,0.396825,0.763126,60.8364,41.1783,50.0916,38.6752,52.2283,36.7827,48.9927,2.77778,0.396825,1087.33,172.601,1421.74,0.0,1.0,1.0,1.0,1.0,0.0,0.07783949999999999,43.0968,43.0968,42.6297,43.0968,0.129731,15.8328,96.7368,89.7578,89.6978,97.6215,0.0,7.95055,64.5639,0.0,0.0,-35.988,99.5781,95.1803,46.5482,325.918,46.5737,293.598,287.825,51.0345,425.695,426.819,423.698,530.137,502.4380000000001,598.99,430.274,423.578,534.288,499.432,600.354,411.006,408.264,515.795,515.08,613.138,410.068,408.985,516.01,514.507,616.133,430.677,430.533,535.976,535.403,614.5509999999998,431.61300000000006,430.749,536.262,535.69,613.257,599.205,599.923,21.917,404.186,1149.42
2020-11-22 07:58:45,96.7949,97.5275,97.2833,98.6264,74.3895,76.5263,75.6716,76.0379,34.5849,34.3407,34.4628,32.7534,15.1099,15.3541,15.7814,15.4762,15.7814,14.6825,14.9878,15.4151,48.9866,21.3431,26.9109,32.2833,90.5983,129.67,92.7473,74.2857,59,59,59,59,58.9438,59.4933,59.2491,59.6764,59,59,59,59,11.4469,11.2027,11.2637,11.3248,10.7753,10.7753,11.0195,11.2027,11.8132,12.4847,12.4237,12.3626,55.0366,56.1355,55.4029,55.5861,26.4652,25.2442,25.4884,26.0989,44.6581,58.5165,43.9866,43.6813,32.9365,33.3028,32.6923,33.1197,28.5409,27.9304,28.2357,28.0525,43.7424,43.9866,43.1929,43.0098,33.8523,33.9744,33.8523,33.8523,25.2442,25.5495,25.8547,25.9158,43.254,43.8034,42.5214,43.9255,33.2418,33.3639,33.547,32.8755,25.9768,26.4042,26.2821,29.7009,43.315,44.2918,43.1319,43.3761,15.6593,15.232,30.9829,15.4762,15.293,15.1099,38.9194,15.5372,16.0867,15.232,16.453,15.4151,35.3175,35.5006,36.0501,35.6838,97.2222,98.0769,97.2222,98.138,59.9817,59.188,60.1038,59.7375,59,59,59,59,59.6764,59.6764,59.6764,59.3712,5.7081800000000005,0.396825,0.763126,60.8364,41.1783,50.0916,38.6752,51.0073,36.7827,48.9927,2.77778,0.396825,1090.93,172.601,1417.58,0.0,1.0,1.0,1.0,1.0,0.0,0.07783949999999999,43.0968,43.0968,42.6297,43.0968,0.129731,15.8328,94.7016,87.5485,89.4958,96.454,0.0,7.95055,64.8813,0.0,0.0,-35.165,99.5781,95.1803,46.5482,323.274,47.4053,287.946,287.825,51.0345,425.695,426.819,423.698,530.137,502.4380000000001,598.99,430.274,423.578,534.288,499.432,600.354,411.006,408.264,515.795,515.08,613.138,410.068,408.985,516.01,514.507,616.133,430.677,430.533,535.976,535.403,614.5509999999998,431.61300000000006,430.749,536.262,535.69,613.257,599.205,599.923,21.917,403.657,1150.0
2020-11-22 07:58:50,96.7949,97.5275,97.2833,98.0769,74.3895,76.5263,75.6716,76.0379,34.5849,34.3407,34.4628,32.7534,15.1099,15.3541,15.7814,15.4762,15.7814,14.6825,14.9878,15.4151,47.326,21.3431,26.9109,33.1624,90.5983,130.549,94.1148,73.4066,59,59,59,59,58.9438,59.4933,59.2491,59.6764,59,59,59,59,11.4469,11.2027,11.2637,11.3248,10.7753,10.7753,11.0195,11.2027,11.8132,12.4847,11.8742,12.3626,55.0366,56.1355,55.4029,55.5861,26.4652,25.2442,25.4884,26.0989,44.6581,58.5165,43.9866,43.6813,32.9365,33.3028,32.6923,32.5092,28.5409,27.9304,28.2357,28.0525,43.7424,43.9866,43.1929,43.0098,33.8523,33.9744,33.8523,33.8523,25.2442,25.5495,25.8547,25.9158,43.254,43.8034,42.5214,43.9255,33.2418,33.3639,33.547,32.8755,25.9768,25.3053,26.2821,29.7009,43.315,44.2918,43.1319,43.3761,15.6593,15.232,30.9829,15.4762,15.293,15.1099,38.9194,15.5372,16.0867,15.232,16.453,15.4151,35.3175,35.5006,36.0501,35.6838,97.2222,98.0769,97.2222,98.138,59.9817,59.188,60.1038,59.7375,59,59,59,59,59.6764,59.6764,59.6764,59.3712,5.7081800000000005,0.396825,0.763126,60.8364,41.1783,50.0916,38.6752,51.0073,36.7827,48.9927,2.77778,0.396825,1088.53,172.601,1422.29,0.0,1.0,1.0,1.0,1.0,0.0,0.07783949999999999,43.0968,43.0968,42.6297,43.0968,0.129731,16.4356,97.0027,89.6397,88.7729,95.7932,0.0,7.95055,64.8164,0.0,0.0,-49.1027,99.5781,95.1803,47.7432,319.564,49.3741,284.753,287.825,51.0345,425.695,426.819,423.698,530.137,502.4380000000001,598.99,430.274,423.578,534.288,499.432,600.354,409.971,408.264,515.795,515.08,613.138,410.068,408.985,516.01,514.507,616.133,430.677,430.533,535.976,535.403,614.5509999999998,431.61300000000006,430.749,536.262,535.69,613.257,599.205,599.923,21.917,402.6,1150.52
2020-11-22 07:58:55,96.7949,97.5275,97.2833,98.0769,74.3895,76.5263,75.6716,76.0379,34.5849,34.3407,34.4628,32.7534,15.1099,15.3541,15.7814,15.4762,15.7814,14.6825,14.9878,15.4151,47.326,19.9756,25.7387,33.1624,89.1331,129.67,93.138,73.4066,59,59,59,59,58.9438,59.4933,59.2491,59.6764,59,59,59,59,11.4469,11.2027,11.2637,11.3248,10.7753,10.7753,11.0195,11.2027,11.8132,12.4847,11.8742,12.3626,55.0366,56.1355,56.3187,55.5861,26.4652,25.2442,25.4884,26.0989,44.6581,58.5165,43.9866,43.6813,32.9365,33.3028,32.6923,32.5092,28.5409,27.9304,28.2357,28.0525,43.1929,43.9866,43.1929,43.0098,33.8523,33.9744,33.8523,33.8523,25.2442,25.5495,25.8547,25.9158,43.254,43.8034,42.5214,43.9255,33.2418,33.3639,33.547,32.8755,25.9768,26.221,26.2821,29.7009,43.315,44.2918,43.1319,43.3761,15.6593,15.232,30.9829,15.4762,15.293,14.5604,38.9194,15.5372,16.0867,15.232,16.453,15.4151,35.3175,35.5006,36.0501,35.6838,97.2222,98.0769,97.2222,98.138,59.9817,59.188,60.1038,59.7375,59,59,59,59,59.6764,59.6764,59.6764,59.3712,5.7081800000000005,0.396825,0.763126,60.8364,41.1783,50.0916,38.6752,51.0073,36.7827,48.9927,2.77778,0.396825,1087.36,172.601,1417.07,0.0,1.0,1.0,1.0,1.0,0.0,0.07783949999999999,43.0968,43.0968,42.6297,43.0968,0.129731,16.4356,95.6266,89.1828,88.7729,95.0133,0.0,7.95055,61.6291,0.0,0.0,-60.7932,99.5781,95.1803,49.0624,317.342,49.3741,284.218,287.825,51.0345,425.695,426.819,423.698,530.137,502.4380000000001,598.99,430.274,423.578,534.431,499.432,600.354,409.971,408.264,515.795,515.08,613.138,410.068,408.985,516.01,514.507,616.133,430.677,430.533,535.976,535.403,614.5509999999998,431.61300000000006,430.749,536.262,535.69,613.257,599.205,599.923,21.917,403.657,1150.52
2020-11-22 07:59:00,96.7949,97.5275,97.2833,98.0769,74.3895,76.5263,75.6716,74.939,34.5849,34.3407,34.4628,32.7534,15.1099,15.3541,15.7814,15.4762,15.7814,14.6825,14.9878,15.4151,47.326,19.9756,25.7387,33.1624,89.1331,129.67,94.1148,72.5275,59,59,59,59,58.9438,59.4933,59.2491,59.6764,59,59,59,59,11.4469,11.2027,11.2637,11.3248,10.7753,10.7753,11.0195,11.2027,11.8132,12.4847,12.5458,12.3626,55.0366,56.1355,55.4029,55.5861,26.4652,25.2442,26.16,26.0989,44.6581,58.5165,43.9866,43.6813,32.9365,33.3028,32.6923,32.5092,28.5409,27.9304,28.2357,28.0525,43.1929,43.9866,43.1929,43.0098,33.8523,33.9744,33.8523,33.8523,25.2442,25.5495,25.8547,25.9158,43.254,43.8034,42.5214,43.9255,33.2418,33.3639,33.547,32.8755,25.9768,26.221,26.2821,29.7009,43.315,44.2918,43.1319,43.3761,15.6593,15.232,30.9829,15.4762,15.293,14.5604,38.9194,15.5372,16.0867,15.232,16.453,15.4151,35.3175,35.5006,36.0501,35.6838,97.2222,98.0769,97.2222,98.138,59.9817,59.188,60.1038,59.7375,59,59,59,59,59.6764,59.6764,59.6764,59.3712,5.7081800000000005,0.396825,0.763126,60.2869,41.1783,50.0916,38.6752,51.0073,36.7827,48.9927,2.77778,0.396825,1088.73,171.38099999999997,1425.15,0.0,1.0,1.0,1.0,1.0,0.0,0.07783949999999999,43.0968,43.0968,42.1627,43.0968,0.129731,16.4356,95.1698,88.7332,89.3783,94.9118,0.0,7.95055,65.0701,0.0,0.0,-46.5993,99.5781,95.1803,49.5732,316.195,47.5925,286.784,287.825,51.0345,425.695,426.819,423.698,530.137,502.4380000000001,598.99,430.274,423.578,534.431,499.432,600.354,409.971,408.264,515.795,515.08,613.138,410.068,408.985,516.01,514.507,616.133,430.677,430.533,535.976,536.453,614.5509999999998,431.61300000000006,430.749,536.262,535.69,613.257,599.205,599.923,21.917,403.657,1150.52
2020-11-22 07:59:05,96.7949,97.5275,97.2833,98.0769,74.3895,76.5263,75.6716,74.939,34.5849,34.3407,34.4628,32.7534,15.1099,14.9267,15.7814,15.4762,15.7814,14.6825,14.9878,15.4151,48.2051,19.9756,25.7387,33.1624,89.1331,128.596,94.1148,73.5043,59,59,59,59,58.9438,59.4933,59.2491,59.6764,59,59,59,59,11.4469,11.2027,11.2637,11.3248,10.7753,10.7753,11.0195,11.2027,11.8132,12.4847,12.5458,12.3626,55.0366,56.1355,55.4029,55.5861,26.4652,25.2442,26.16,26.0989,44.6581,58.5165,43.9866,43.6813,32.9365,33.3028,32.6923,31.7766,28.5409,27.9304,28.2357,28.0525,43.1929,43.9866,43.1929,43.0098,33.8523,33.9744,33.8523,33.8523,25.2442,25.5495,25.8547,25.9158,43.254,43.8034,42.5214,43.9255,33.2418,33.3639,33.547,32.8755,25.9768,26.221,26.2821,29.7009,43.315,44.2918,43.1319,43.3761,15.6593,15.232,30.9829,15.4762,15.293,14.5604,38.9194,15.5372,16.0867,15.232,16.453,15.4151,35.3175,35.5006,36.0501,35.6838,97.2222,98.0769,97.2222,98.138,59.9817,59.188,60.1038,59.7375,59,59,59,59,59.6764,59.6764,59.6764,59.3712,5.7081800000000005,0.396825,0.763126,60.2869,41.1783,49.2979,38.6752,51.0073,36.7827,48.9927,2.77778,0.396825,1083.83,170.261,1420.81,0.0,1.0,1.0,1.0,1.0,0.0,0.07783949999999999,42.5778,42.6297,41.6957,42.5778,0.129731,16.4356,96.7723,90.1399,90.0992,95.4383,0.0,7.95055,61.3705,0.0,0.0,-64.5382,99.5781,95.1803,50.0889,313.53,47.5925,287.547,287.825,51.0345,425.695,426.819,423.698,531.139,502.4380000000001,598.99,430.274,423.578,534.431,499.432,600.354,409.971,408.264,515.795,515.08,613.138,409.033,408.985,516.01,514.507,616.133,430.677,430.533,535.976,536.453,614.5509999999998,431.61300000000006,430.749,536.262,535.69,613.257,599.205,599.923,21.917,403.657,1150.52
2020-11-22 07:59:10,96.7949,97.5275,97.2833,98.0769,74.3895,76.5263,75.6716,74.939,34.5849,34.3407,34.4628,32.7534,15.1099,14.9267,15.7814,15.4762,15.7814,14.6825,14.9878,15.4151,48.2051,19.0965,25.7387,33.1624,90.0122,128.596,93.2356,73.5043,59,59,59,59,58.9438,59.4933,59.2491,59.6764,59,59,59,59,11.4469,11.2027,11.2637,11.3248,10.7753,10.7753,11.0195,11.2027,11.8132,12.4847,12.5458,12.3626,55.0366,56.1355,55.4029,55.5861,26.4652,25.2442,26.16,26.0989,44.6581,58.5165,43.9866,43.6813,32.9365,33.3028,32.6923,31.7766,27.9915,27.9304,28.2357,28.0525,43.1929,43.9866,43.1929,43.0098,33.8523,33.9744,33.8523,33.8523,25.2442,25.5495,25.8547,25.9158,43.254,43.8034,42.5214,43.9255,33.2418,33.3639,33.547,32.8755,25.9768,25.9158,26.2821,29.7009,43.315,44.2918,43.1319,43.3761,15.6593,15.232,30.9829,15.4762,15.293,14.5604,38.9194,15.5372,16.0867,15.232,16.453,15.4151,35.3175,35.5006,36.0501,35.6838,97.2222,98.0769,97.2222,98.138,59.9817,59.188,60.1038,59.7375,59,59,59,59,59.6764,59.6764,59.6764,59.3712,5.7081800000000005,0.396825,0.763126,58.3333,41.1783,48.13800000000001,38.6752,49.6642,36.7827,47.6496,2.77778,0.396825,1080.21,167.412,1421.4,0.0,1.0,1.0,1.0,1.0,0.0,0.07783949999999999,41.9551,41.6957,41.2286,42.0589,0.129731,16.4356,95.8348,90.7597,90.3444,96.1889,0.0,7.95055,61.6578,0.0,0.0,-69.4902,99.5781,95.1803,51.4819,311.433,49.1777,287.547,287.825,51.0345,425.695,426.819,423.698,531.139,502.4380000000001,598.99,430.274,423.578,534.431,499.432,600.354,409.971,408.264,515.795,515.08,613.138,409.033,408.985,516.01,514.507,616.133,430.677,430.533,535.976,536.453,614.5509999999998,431.61300000000006,430.749,536.262,535.69,613.257,599.205,599.923,21.917,402.6,1149.2
2020-11-22 07:59:15,96.7949,97.5275,97.2833,98.0769,74.3895,76.5263,75.6716,74.939,34.5849,34.3407,34.4628,32.7534,15.1099,14.9267,15.7814,15.4762,15.7814,14.6825,14.9878,15.4151,48.2051,19.0965,25.7387,34.3346,90.0122,128.596,92.3565,73.5043,59,59,59,59,58.9438,59.4933,59.2491,59.6764,59,59,59,59,11.4469,11.2027,11.2637,11.3248,10.7753,10.7753,11.0195,11.2027,11.8132,12.4847,12.5458,12.3626,55.0366,56.1355,55.4029,55.5861,26.4652,25.2442,26.16,26.0989,44.6581,58.5165,43.9866,43.6813,32.9365,33.3028,32.6923,30.9219,27.9915,27.9304,28.2357,28.0525,43.1929,43.315,43.1929,43.0098,33.8523,33.9744,33.8523,33.8523,25.2442,25.5495,25.8547,25.9158,43.254,43.8034,42.5214,43.0708,33.2418,33.3639,33.547,32.8755,25.9768,25.9158,26.2821,29.7009,43.315,44.2918,43.1319,43.3761,15.6593,15.232,30.9829,15.4762,15.293,14.5604,38.9194,15.5372,16.0867,15.232,16.453,15.4151,35.3175,35.5006,36.0501,35.6838,97.2222,98.0769,97.2222,98.138,59.9817,59.188,60.1038,59.7375,59,59,59,59,59.6764,59.6764,59.6764,59.3712,5.7081800000000005,0.396825,0.763126,58.3333,41.1783,48.13800000000001,38.6752,49.6642,36.7827,47.6496,2.77778,0.396825,1076.58,166.445,1423.06,0.0,1.0,1.0,1.0,1.0,0.0,0.07783949999999999,41.4362,41.6957,40.7616,41.54,0.129731,16.4356,97.8768,88.0574,89.1886,94.7098,0.0,7.95055,64.3128,0.0,0.0,-65.7658,99.5781,95.1803,52.7116,311.433,48.63399999999999,287.547,287.825,51.0345,425.695,426.819,423.698,531.139,502.4380000000001,598.99,430.274,423.578,534.431,499.432,600.354,409.971,408.264,515.795,515.08,613.138,409.033,407.951,516.01,514.507,616.133,430.677,430.533,535.976,536.453,614.5509999999998,431.61300000000006,430.749,536.262,535.69,613.257,599.205,599.923,21.917,402.6,1148.53
2020-11-22 07:59:20,96.7949,97.5275,97.2833,97.5275,74.3895,76.5263,75.6716,74.939,34.5849,34.3407,34.4628,32.7534,15.1099,14.9267,15.7814,15.4762,15.7814,14.6825,14.9878,15.4151,48.2051,19.0965,25.7387,33.4554,90.989,129.67,92.3565,73.5043,59,59,59,59,58.9438,59.4933,59.2491,59.6764,59,59,59,59,11.4469,11.2027,11.2637,11.3248,10.7753,10.7753,11.0195,11.2027,11.8132,12.4847,12.5458,12.3626,55.0366,56.1355,55.4029,55.5861,26.4652,25.2442,26.16,25.5495,44.6581,58.5165,43.4371,42.9487,32.9365,33.3028,32.6923,30.9219,27.9915,27.9304,28.2357,28.0525,43.1929,43.315,43.1929,43.0098,33.8523,33.9744,33.8523,33.8523,25.2442,25.5495,25.8547,25.9158,42.3993,43.8034,42.5214,43.0708,33.2418,33.3639,33.547,32.8755,25.9768,25.9158,26.2821,29.7009,43.315,44.2918,43.1319,43.3761,15.6593,15.232,30.9829,15.4762,15.293,15.1099,38.9194,15.5372,16.0867,15.232,16.453,15.4151,35.3175,35.5006,36.0501,35.6838,97.2222,98.0769,97.2222,98.138,59.9817,59.188,60.1038,59.7375,59,59,59,59,59.6764,59.6764,59.6764,59.3712,5.7081800000000005,0.396825,0.763126,58.3333,41.1783,48.13800000000001,38.6752,49.6642,36.7827,47.6496,2.77778,0.396825,1070.49,164.903,1426.0,0.0,1.0,1.0,1.0,1.0,0.0,0.07783949999999999,41.4362,41.1767,40.7616,41.54,0.129731,15.8328,96.4056,87.0278,87.6418,96.7135,0.0,7.95055,62.7876,0.0,0.0,-28.9561,99.5781,95.1803,53.2509,310.899,49.2423,288.749,287.825,51.0345,425.695,426.819,423.698,531.139,502.4380000000001,598.99,430.274,423.578,534.431,499.432,600.354,409.971,408.264,515.795,515.08,613.138,409.033,407.951,516.01,514.507,616.133,430.677,430.533,535.976,536.453,614.5509999999998,431.61300000000006,430.749,536.262,535.69,613.257,598.2,599.923,21.917,402.071,1146.24
2020-11-22 07:59:25,96.7949,97.5275,97.2833,97.5275,74.3895,76.5263,75.6716,74.939,34.5849,34.3407,34.4628,32.7534,15.1099,14.9267,15.7814,15.4762,15.7814,14.6825,14.9878,15.4151,49.475,19.0965,25.7387,32.0879,91.9658,129.67,91.0867,73.5043,59,59,59,59,58.9438,59.4933,59.2491,59.6764,59,59,59,59,11.4469,11.2027,11.2637,11.3248,10.7753,10.7753,11.0195,11.2027,11.8132,12.4847,12.5458,12.3626,54.4872,56.1355,55.4029,55.5861,26.4652,25.2442,26.16,25.5495,43.8645,58.5165,42.8877,42.9487,32.9365,33.3028,32.6923,30.3114,27.9915,27.9304,28.2357,28.0525,43.1929,43.315,42.6435,42.3382,33.8523,33.9744,33.8523,33.8523,25.2442,25.5495,25.8547,25.9158,42.5214,43.1319,42.5214,43.0708,33.2418,33.3639,33.547,32.8755,25.9768,25.9158,26.2821,29.7009,42.7045,43.7424,42.3382,42.7045,15.6593,15.232,30.9829,15.4762,15.293,15.1099,38.9194,15.5372,16.0867,15.232,16.453,15.4151,35.3175,35.5006,36.0501,35.6838,97.2222,98.0769,97.2222,98.138,59.9817,59.188,60.1038,59.7375,59,59,59,59,59.6764,59.6764,59.6764,59.3712,5.7081800000000005,0.396825,0.763126,58.3333,41.1783,48.13800000000001,38.6752,49.6642,36.7827,47.6496,2.77778,0.396825,1068.1,163.72299999999996,1423.93,0.0,1.0,1.0,1.0,1.0,0.0,0.07783949999999999,41.4362,41.1767,40.7616,41.073,0.129731,15.8328,97.2255,89.6411,88.4866,95.8957,0.0,7.95055,61.1359,0.0,0.0,-39.7312,99.5781,95.1803,53.7901,310.899,50.2536,291.675,287.825,51.0345,425.695,426.819,423.698,531.139,502.4380000000001,598.99,430.274,423.578,534.431,499.432,600.354,409.971,407.229,515.795,515.08,613.138,409.033,407.951,516.01,514.507,616.133,430.677,430.533,535.976,536.453,614.5509999999998,431.61300000000006,430.749,536.262,535.69,613.257,598.2,599.923,21.917,401.014,1143.93
2020-11-22 07:59:30,96.7949,97.5275,97.2833,97.5275,74.3895,76.5263,75.6716,74.939,34.5849,34.3407,34.4628,32.7534,15.1099,14.9267,15.7814,14.9267,15.7814,14.6825,14.9878,15.4151,50.4518,19.0965,26.8132,31.1111,92.9426,130.745,92.0635,74.3834,59,59,59,59,58.9438,59.4933,59.2491,59.6764,59,59,59,59,11.4469,11.2027,11.2637,11.3248,10.7753,10.7753,11.0195,11.2027,11.8132,12.4847,11.9963,12.3626,54.4872,56.1355,55.4029,55.5861,26.4652,25.2442,26.16,25.5495,43.8645,58.5165,42.2772,42.9487,32.9365,33.3028,32.6923,30.3114,27.9915,27.9304,27.6862,28.0525,43.1929,43.315,42.6435,42.3382,33.8523,33.9744,33.1197,33.8523,25.2442,24.9389,25.8547,25.1832,41.9719,42.5824,42.5214,43.0708,33.2418,33.3639,33.547,32.8755,25.9768,25.9158,26.2821,29.7009,42.7045,43.7424,42.3382,42.7045,15.6593,15.232,30.9829,15.4762,15.293,15.1099,38.9194,15.5372,16.0867,15.232,16.453,15.4151,35.3175,35.5006,36.0501,35.6838,97.2222,98.0769,97.2222,98.138,59.9817,59.188,60.1038,59.7375,59,59,59,59,59.6764,59.6764,59.6764,59.3712,5.7081800000000005,0.396825,0.763126,58.3333,41.1783,48.13800000000001,38.6752,49.6642,36.7827,46.4286,2.77778,0.396825,1066.79,163.72299999999996,1426.7,0.0,1.0,1.0,1.0,1.0,0.0,0.07783949999999999,40.9692,41.1767,40.2946,41.073,0.129731,15.8328,97.2255,90.2466,89.3119,96.9368,0.0,7.95055,60.615,0.0,0.0,-40.7231,99.5781,95.1803,54.3826,310.395,50.1832,294.362,287.825,51.0345,425.695,426.819,423.698,531.139,503.48800000000006,598.99,430.274,423.578,534.431,499.432,600.354,409.971,407.229,515.795,515.08,613.138,409.033,407.951,516.01,514.507,616.133,430.677,430.533,535.976,536.453,614.5509999999998,431.61300000000006,430.749,536.262,535.69,613.257,598.2,599.923,21.917,399.957,1142.32
2020-11-22 07:59:35,96.7949,97.5275,97.2833,98.2601,74.3895,76.5263,75.6716,74.939,34.5849,34.3407,34.4628,32.7534,15.1099,14.9267,15.7814,16.0867,15.7814,14.6825,14.9878,15.4151,50.4518,19.0965,26.8132,31.1111,93.8217,129.475,92.0635,74.3834,59,59,59,59,58.9438,59.4933,59.2491,59.6764,59,59,59,59,11.4469,11.2027,11.2637,11.3248,10.2259,10.7753,11.0195,11.2027,11.8132,12.4847,11.9963,12.3626,54.4872,56.1355,55.4029,55.5861,25.8547,25.2442,25.4274,25.5495,43.8645,57.90600000000001,42.7656,42.3993,32.9365,33.3028,32.6923,29.7009,27.9915,27.9304,27.6862,28.0525,43.1929,43.0098,42.033,41.7888,33.8523,33.9744,33.1197,33.8523,25.2442,24.9389,25.8547,25.1832,41.9719,42.5824,41.9719,43.0708,32.5702,33.3639,33.547,32.2039,25.3053,25.9158,26.2821,29.7009,42.7045,43.7424,42.3382,42.7045,15.6593,15.232,30.9829,15.4762,15.293,15.1099,38.9194,15.5372,16.0867,15.232,16.453,15.4151,35.3175,35.5006,36.0501,35.6838,97.2222,98.0769,97.2222,98.138,59.9817,59.188,60.1038,59.7375,59,59,59,59,59.6764,59.6764,59.6764,59.3712,5.7081800000000005,0.396825,0.763126,58.3333,41.1783,48.13800000000001,38.6752,48.4432,36.7827,46.4286,2.77778,0.396825,1064.34,162.596,1426.71,0.0,1.0,1.0,1.0,1.0,0.0,0.07783949999999999,40.9692,40.7097,40.2946,40.6059,0.129731,15.8328,96.4017,89.1732,89.3119,97.687,0.0,8.04945,63.331,0.0,0.0,-7.935860000000001,99.5781,95.1803,55.6804,309.7990000000001,50.1832,292.449,287.825,51.0345,425.695,426.819,423.698,531.139,503.48800000000006,598.99,430.274,423.578,534.5740000000002,499.432,600.354,409.971,407.229,515.795,515.08,613.138,409.033,407.951,516.01,514.507,616.133,430.677,430.533,535.976,536.453,614.5509999999998,431.61300000000006,430.749,536.262,535.69,613.257,598.2,599.923,22.0879,399.957,1139.74
2020-11-22 07:59:40,96.7949,97.5275,97.2833,98.2601,74.3895,76.5263,75.6716,74.939,34.5849,34.3407,34.4628,32.7534,15.1099,14.9267,15.7814,16.0867,15.7814,14.6825,14.9878,15.4151,49.3773,19.0965,26.8132,31.1111,92.8449,128.498,91.0867,74.3834,59,59,59,59,58.9438,59.4933,59.2491,59.6764,59,59,59,59,11.4469,11.2027,11.2637,11.3248,10.2259,11.3248,11.0195,11.2027,11.8132,12.4847,11.9963,12.3626,54.4872,56.1355,55.4029,55.5861,25.8547,25.2442,25.4274,25.5495,43.315,57.90600000000001,42.7656,42.3993,32.9365,33.3028,32.6923,29.7009,27.9915,27.9304,27.6862,28.0525,43.1929,42.8266,42.033,41.7888,33.8523,33.9744,33.1197,33.8523,24.5116,24.9389,25.8547,25.1832,41.9719,42.5824,41.9719,42.2161,32.5702,32.7534,33.547,32.2039,25.3053,24.8168,26.2821,29.7009,42.7045,43.1929,41.4835,42.7045,15.6593,15.232,30.9829,15.4762,15.293,15.1099,38.9194,15.5372,16.0867,15.232,16.453,15.4151,35.3175,35.5006,36.0501,35.6838,97.2222,98.0769,97.2222,98.138,59.9817,59.188,60.1038,59.7375,59,59,59,59,59.6764,59.6764,59.6764,59.3712,5.7081800000000005,0.396825,0.763126,57.3565,41.1783,48.13800000000001,38.6752,48.4432,36.7827,46.4286,2.77778,0.396825,1063.13,161.444,1419.46,0.0,1.0,1.0,1.0,1.0,0.0,0.07783949999999999,40.5021,40.2427,39.8275,40.6059,0.129731,15.1713,97.173,87.9004,88.6444,95.5183,0.0,8.04945,60.7444,0.0,0.0,2.83365,99.5781,95.1803,56.2223,308.6140000000001,51.0135,287.678,287.825,51.0345,425.695,426.819,423.698,531.139,503.48800000000006,598.99,430.274,423.578,534.5740000000002,499.432,600.354,409.971,407.229,515.795,515.08,613.138,409.033,407.951,516.01,514.507,616.133,430.677,430.533,535.976,536.453,614.5509999999998,431.61300000000006,430.749,536.262,535.69,613.257,598.2,599.923,22.0879,398.899,1137.33
2020-11-22 07:59:45,96.7949,97.5275,97.2833,98.8095,74.3895,76.5263,75.0611,74.939,34.5849,34.3407,34.4628,32.7534,15.1099,14.9267,15.7814,15.5372,15.7814,14.6825,14.9878,15.4151,49.3773,20.0733,26.8132,31.9902,91.8681,128.498,91.0867,74.3834,59,59,59,59,58.9438,59.4933,59.2491,59.6764,59,59,59,59,11.4469,11.2027,11.2637,11.3248,10.2259,11.9353,11.0195,11.2027,11.8132,12.4847,12.5458,12.3626,54.4872,56.1355,55.4029,55.5861,25.8547,25.2442,25.4274,25.5495,43.315,57.90600000000001,42.7656,42.3993,32.9365,33.3028,32.6923,29.1514,27.9915,27.9304,27.6862,28.0525,42.6435,42.3382,42.033,41.7888,33.1197,33.3028,33.1197,33.8523,24.5116,24.9389,25.8547,25.1832,41.4225,42.5824,41.9719,42.2161,32.5702,32.7534,32.265,32.2039,25.3053,25.5495,26.2821,29.7009,42.7045,43.1929,41.4835,42.6435,15.6593,15.232,30.9829,15.4762,15.293,15.1099,38.9194,15.5372,16.0867,15.232,16.453,15.4151,35.3175,35.5006,36.0501,35.6838,97.2222,98.0769,97.2222,98.138,59.9817,59.188,60.1038,59.7375,59,59,59,59,59.6764,59.6764,59.6764,59.3712,5.7081800000000005,0.396825,0.763126,56.746,41.1783,48.13800000000001,38.6752,48.4432,36.7827,46.4286,2.77778,0.396825,1061.9,160.798,1412.87,0.0,1.0,1.0,1.0,1.0,0.0,0.07783949999999999,40.5021,40.2427,39.3605,40.1389,0.129731,15.1713,95.0621,90.0251,88.6341,95.5398,0.0,8.04945,62.1623,0.0,0.0,-32.8786,99.5781,95.1803,56.2223,308.75,51.6984,284.039,287.825,51.0345,425.695,426.819,423.698,531.139,503.48800000000006,598.99,430.274,423.578,534.5740000000002,499.432,600.354,409.971,407.229,515.795,515.08,613.138,409.033,407.951,516.01,514.507,616.133,430.677,430.533,535.976,536.453,614.5509999999998,431.61300000000006,430.749,536.262,535.69,613.257,598.2,599.923,22.0879,398.899,1135.71
2020-11-22 07:59:50,96.7949,97.5275,97.2833,98.2601,74.3895,76.5263,75.0611,74.939,34.5849,34.3407,34.4628,32.7534,15.1099,14.9267,15.7814,14.8657,15.7814,14.6825,14.9878,15.4151,49.3773,18.9988,26.8132,31.9902,90.696,127.521,93.2356,73.5043,59,59,59,59,58.9438,59.4933,59.2491,59.6764,59,59,59,59,11.4469,11.2027,11.2637,11.3248,10.2259,11.0195,11.0195,11.2027,11.8132,12.4847,12.5458,12.3626,54.4872,56.1355,55.4029,55.5861,25.8547,25.2442,24.8779,25.5495,42.7656,56.9292,41.4835,42.3993,32.265,33.3028,32.6923,36.7216,27.9915,27.9304,27.6862,28.0525,42.6435,42.3382,41.4835,41.7888,33.1197,33.3028,33.1197,33.8523,24.5116,24.9389,24.8779,25.1832,41.4225,41.9109,41.3614,41.6056,32.5702,32.7534,32.265,32.2039,25.3053,25.5495,26.2821,29.7009,41.8498,42.3993,41.4835,41.6667,15.6593,15.232,30.9829,15.4762,15.293,15.1099,38.9194,15.5372,16.0867,15.232,16.453,15.4151,35.3175,35.5006,36.0501,35.6838,97.2222,98.0769,97.2222,98.138,59.9817,59.188,60.1038,59.7375,59,59,59,59,59.6764,59.6764,59.6764,59.3712,5.7081800000000005,0.396825,0.763126,56.746,41.1783,46.917,38.6752,48.4432,36.7827,46.4286,2.77778,0.396825,1056.98,159.739,1414.16,0.0,1.0,1.0,1.0,1.0,0.0,0.07783949999999999,40.0351,40.2427,39.3605,39.6719,0.129731,15.1713,96.809,88.7145,89.3145,96.1898,0.0,7.95055,61.0196,0.0,0.0,-49.1949,99.5781,95.1803,55.1385,311.214,51.6984,283.525,287.825,51.0345,425.695,426.819,423.698,531.139,503.48800000000006,598.99,430.274,423.578,534.717,499.432,600.354,409.971,407.229,515.795,515.08,613.138,409.033,407.951,516.01,514.507,615.102,430.677,430.533,535.976,536.453,614.5509999999998,431.61300000000006,430.749,536.262,535.69,613.257,598.2,599.923,22.0879,398.371,1133.0
2020-11-22 07:59:55,96.7949,97.5275,97.2833,97.7106,73.3516,73.1074,74.0843,74.0843,34.5849,34.3407,34.4628,32.7534,15.1099,14.9267,15.7814,14.8657,15.7814,14.6825,14.9878,15.4151,50.7448,18.9988,26.8132,31.9902,90.696,127.521,95.1893,72.6252,59,59,59,59,58.9438,59.4933,59.2491,59.6764,59,59,59,59,11.4469,11.2027,11.2637,11.3248,10.2259,11.0195,11.0195,11.2027,11.8132,12.4847,12.5458,12.3626,54.4872,56.1355,55.4029,55.5861,25.8547,25.2442,24.8779,24.8779,42.7656,56.9292,41.4835,41.6056,32.265,33.3028,32.6923,36.7216,27.9915,27.9304,27.6862,28.0525,39.9573,42.3382,41.4835,41.2393,33.1197,33.3028,33.1197,33.8523,24.5116,24.0232,24.8779,24.6337,40.7509,41.9109,41.3614,41.6056,32.5702,32.7534,32.265,32.2039,25.3053,25.1221,26.2821,29.7009,41.8498,42.3993,41.4835,41.6667,15.6593,15.232,30.9829,15.4762,15.293,15.1099,38.9194,15.5372,16.0867,15.232,16.453,15.4151,35.3175,35.5006,36.0501,35.6838,97.2222,98.0769,97.2222,98.138,59.9817,59.188,60.1038,59.7375,59,59,59,59,59.6764,59.6764,59.6764,59.3712,5.7081800000000005,0.396825,0.763126,56.746,41.8498,46.917,40.4457,48.4432,36.7827,46.4286,2.77778,0.396825,1050.78,159.168,1413.26,0.0,1.0,1.0,1.0,1.0,0.0,0.07783949999999999,40.0351,40.2427,39.3605,39.6719,0.129731,15.1713,100.536,88.6835,89.0535,97.3173,0.0,7.95055,57.6253,0.0,0.0,-76.253,99.5781,95.1803,55.7353,313.31,51.1959,285.343,287.825,51.0345,425.695,426.819,423.698,531.139,503.48800000000006,598.99,430.274,423.578,534.717,499.432,600.354,409.971,407.229,515.795,515.08,613.138,409.033,407.951,516.01,514.507,615.102,430.677,430.533,535.976,536.453,614.5509999999998,431.61300000000006,430.749,536.262,535.69,613.257,598.2,599.923,22.0879,397.3130000000001,1130.86
2020-11-22 08:00:00,96.7949,97.5275,97.2833,99.1148,73.3516,73.1074,74.0843,74.0843,34.5849,34.3407,34.4628,32.7534,15.1099,14.9267,15.7814,14.8657,15.7814,14.6825,14.9878,15.4151,50.7448,18.9988,25.8364,30.7204,90.696,126.642,94.3101,71.74600000000002,59,59,59,59,58.9438,59.4933,59.2491,59.6764,59,59,59,59,11.4469,11.2027,11.2637,11.3248,10.2259,11.0195,11.0195,11.2027,11.8132,12.4847,12.5458,12.3626,54.4872,56.1355,55.4029,55.5861,25.0,25.2442,24.2674,24.8779,42.7656,56.9292,41.4835,41.6056,32.265,32.6923,32.6923,36.1722,27.2589,27.9304,27.6862,26.8926,40.87300000000001,42.3382,41.4835,41.2393,33.1197,33.3028,33.1197,33.8523,24.5116,24.0232,24.8779,24.6337,40.7509,41.9109,41.3614,41.6056,32.5702,32.7534,32.265,32.2039,25.3053,25.1221,26.2821,29.0293,41.1172,42.3993,41.4835,40.9951,15.6593,15.232,30.9829,15.4762,15.293,15.1099,38.9194,15.5372,16.0867,15.232,16.453,15.4151,35.3175,35.5006,36.0501,35.6838,97.2222,98.0769,97.2222,98.138,59.9817,59.188,60.1038,59.7375,59,59,59,59,59.6764,59.6764,59.6764,59.3712,5.7081800000000005,0.396825,2.71673,56.746,42.9487,47.8327,40.4457,48.4432,36.7827,46.4286,2.77778,0.396825,1049.58,160.009,1406.29,0.0,1.0,1.0,1.0,1.0,0.0,0.07783949999999999,40.5021,40.2427,39.8794,40.2946,0.129731,15.8034,95.8241,88.6835,88.9779,96.1064,0.0,7.95055,58.4381,0.0,0.0,-68.6226,99.5781,95.1803,55.7353,314.482,49.0298,287.168,287.825,51.0345,425.695,426.819,423.698,531.139,503.48800000000006,598.99,430.274,423.578,534.717,499.432,600.354,409.971,407.229,515.795,515.08,613.138,409.033,407.951,516.01,514.507,615.102,430.677,430.533,537.025,536.453,614.5509999999998,431.61300000000006,430.749,536.262,535.69,613.257,598.2,599.923,22.0879,396.256,1127.02
2020-11-22 08:00:05,96.7949,97.5275,97.2833,98.199,72.8022,73.1074,73.0464,73.2906,34.5849,34.3407,34.4628,32.7534,15.1099,14.9267,15.7814,14.8657,15.7814,14.6825,14.9878,15.4151,49.6703,18.9988,25.8364,30.7204,90.696,126.642,93.431,71.74600000000002,59,59,59,59,58.9438,59.4933,59.2491,59.6764,59,59,59,59,11.4469,11.2027,11.2637,11.3248,10.7753,11.0195,11.0195,11.2027,11.8132,12.4847,11.9963,12.3626,54.4872,56.1355,55.4029,55.5861,25.0,25.2442,24.2674,24.8779,42.094,56.9292,41.4835,41.6056,32.265,32.6923,32.6923,35.1343,27.2589,27.9304,27.6862,26.8926,40.87300000000001,41.7888,40.7509,40.6899,33.1197,33.3028,33.1197,33.8523,24.5116,24.0232,24.8779,24.6337,40.7509,41.9109,40.812,41.0562,32.5702,32.7534,32.265,32.2039,25.0,25.1221,26.2821,29.0293,41.1172,42.3993,41.4835,40.9951,15.6593,15.232,30.9829,15.4762,15.293,15.1099,38.9194,15.5372,16.0867,15.232,16.453,15.4151,35.3175,35.5006,36.0501,35.6838,97.2222,98.0769,97.2222,98.138,59.9817,59.188,60.1038,59.7375,59,59,59,59,59.6764,59.6764,59.6764,59.3712,5.7081800000000005,0.396825,2.71673,58.0891,42.9487,47.8327,42.3382,48.4432,38.2479,46.4286,2.77778,0.396825,1051.99,161.687,1400.68,0.0,1.0,1.0,1.0,1.0,0.0,0.07783949999999999,41.0211,40.7097,40.3465,40.7616,0.129731,15.8034,96.2389,86.7999,90.0306,96.1064,0.0,7.95055,61.4419,0.0,0.0,-78.2216,99.5781,95.1803,54.9758,314.482,47.4328,289.788,287.825,51.0345,425.695,426.819,423.698,531.139,503.48800000000006,598.99,430.274,423.578,534.717,499.432,600.354,409.971,407.229,515.795,515.08,613.138,409.033,407.951,516.01,514.507,615.102,430.677,430.533,537.025,536.453,614.5509999999998,431.61300000000006,430.749,536.262,535.69,613.257,598.2,599.923,22.0879,396.785,1125.28
2020-11-22 08:00:10,96.7949,97.5275,97.2833,98.199,71.8864,73.1074,72.1917,72.4359,34.5849,34.3407,34.4628,32.7534,15.1099,14.9267,15.7814,14.8657,15.7814,14.6825,14.9878,15.4151,49.6703,18.9988,25.8364,30.7204,88.84,126.642,93.431,70.8669,59,59,59,59,58.9438,59.4933,59.2491,59.6764,59,59,59,59,11.4469,11.2027,11.2637,11.3248,11.5079,11.0195,11.0195,11.2027,11.8132,12.4847,11.9963,12.3626,54.4872,56.1355,55.4029,55.5861,25.0,24.6948,24.2674,24.8779,42.094,56.3797,41.4835,41.6056,32.265,32.6923,32.6923,34.4628,27.2589,27.9304,27.6862,26.8926,40.87300000000001,41.7888,40.7509,40.6899,33.1197,33.3028,33.1197,33.8523,24.5116,24.0232,24.8779,24.6337,40.7509,41.1783,40.812,41.0562,32.5702,32.7534,32.265,32.2039,25.0,24.1453,25.6105,29.0293,41.1172,42.3993,41.4835,40.9951,15.6593,15.232,30.9829,15.4762,15.293,15.1099,38.9194,15.5372,16.0867,15.232,16.453,15.4151,35.3175,35.5006,36.0501,35.6838,97.2222,98.0769,97.2222,98.138,59.9817,59.188,60.1038,59.7375,59,59,59,59,59.6764,59.6764,59.6764,59.3712,5.7081800000000005,0.396825,2.71673,58.0891,44.2918,48.7485,42.3382,48.4432,38.2479,46.4286,2.77778,0.396825,1059.42,162.96,1395.5,0.0,1.0,1.0,1.0,1.0,0.0,0.07783949999999999,41.0211,40.7097,40.3465,40.7616,0.129731,15.1125,95.3227,88.9509,89.6739,98.1334,0.0,7.95055,58.6536,0.0,0.0,-98.4412,99.5781,95.1803,55.5735,312.8520000000001,48.5431,292.4170000000001,287.825,51.0345,425.695,426.819,423.698,531.139,503.48800000000006,598.99,430.274,423.578,534.717,499.432,600.354,409.971,407.229,515.795,515.08,613.138,409.033,407.951,516.01,514.507,615.102,430.677,430.533,537.025,536.453,614.5509999999998,431.61300000000006,430.749,536.262,535.69,613.257,598.2,599.923,22.0879,396.785,1122.97
2020-11-22 08:00:15,96.7949,97.5275,97.2833,98.199,70.3602,70.116,71.4591,71.5812,34.5849,34.3407,34.4628,32.7534,15.1099,14.9267,15.7814,14.8657,15.7814,14.6825,14.9878,15.4151,49.6703,18.9988,25.8364,31.6972,87.8633,124.298,93.431,69.9878,59,59,59,59,58.9438,59.4933,59.2491,59.6764,59,59,59,59,11.4469,11.2027,11.2637,11.3248,11.5079,11.0195,11.0195,11.2027,11.8132,12.4847,11.9963,12.3626,54.4872,56.1355,55.4029,55.5861,25.0,24.6948,24.2674,24.8779,42.094,56.3797,41.4835,41.6056,32.265,32.6923,32.6923,34.4628,27.2589,27.9304,27.6862,26.8926,40.87300000000001,41.7888,40.7509,40.6899,33.1197,33.3028,33.1197,33.8523,24.5116,24.0232,24.8779,24.6337,40.7509,41.1783,40.812,41.0562,32.5702,32.7534,32.265,32.2039,25.0,24.9389,24.9389,29.0293,41.1172,42.3993,41.4835,40.9951,15.6593,15.232,30.9829,15.4762,15.293,15.1099,38.9194,15.5372,16.0867,15.232,16.453,15.4151,35.3175,35.5006,36.0501,35.6838,97.2222,98.0769,97.2222,98.138,59.9817,59.188,60.1038,59.7375,59,59,59,59,59.6764,59.6764,59.6764,59.3712,5.7081800000000005,0.396825,4.60928,58.0891,44.2918,48.7485,42.3382,49.7863,38.2479,46.4286,2.77778,0.396825,1059.42,164.734,1398.1,0.0,1.0,1.0,1.0,1.0,0.0,0.07783949999999999,41.4881,41.2286,40.8135,41.3324,0.129731,15.1125,95.7815,90.0584,89.4737,97.488,0.0,7.85165,60.7761,0.0,0.0,-101.785,99.5781,95.1803,56.8761,311.559,48.5431,294.014,287.825,51.0345,425.695,425.811,423.698,531.139,504.514,598.99,430.274,423.578,534.717,499.432,600.354,409.971,407.229,515.795,515.08,613.138,409.033,407.951,516.01,514.507,615.102,430.677,430.533,537.025,536.453,614.5509999999998,431.61300000000006,430.749,536.262,535.69,613.257,598.2,599.923,22.0879,396.256,1122.41
2020-11-22 08:00:20,96.7949,97.5275,97.2833,97.6496,70.3602,69.5666,70.7876,70.9096,34.5849,34.3407,34.4628,32.7534,15.1099,14.9267,15.7814,14.8657,15.7814,14.6825,14.9878,15.4151,48.6935,18.9988,24.9573,31.6972,86.8864,123.321,92.5519,69.9878,59,59,59,59,58.9438,59.4933,59.2491,59.6764,59,59,59,59,11.4469,11.2027,11.2637,11.3248,11.5079,11.0195,11.0195,11.2027,11.8132,12.4847,12.5458,12.3626,54.4872,56.1355,55.4029,55.5861,25.0,24.6948,24.2674,24.8779,42.094,56.3797,41.4835,41.6056,32.265,32.6923,32.6923,33.4249,27.2589,27.9304,27.6862,26.8926,40.87300000000001,41.7888,40.7509,40.6899,33.1197,33.3028,33.1197,33.8523,24.5116,24.0232,24.8779,24.6337,40.7509,41.1783,40.812,41.0562,32.5702,32.7534,32.265,32.2039,25.0,24.9389,24.9389,29.0293,41.1172,42.3993,41.4835,40.9951,15.6593,15.232,30.9829,15.4762,15.293,15.1099,38.9194,15.5372,16.0867,15.232,16.453,15.4151,35.3175,35.5006,36.0501,35.6838,97.2222,98.0769,97.2222,98.138,59.9817,59.188,60.1038,59.7375,59,59,59,59,59.6764,59.6764,59.6764,59.3712,5.7081800000000005,0.396825,4.60928,59.2491,44.2918,48.7485,42.3382,49.7863,38.2479,47.8938,2.77778,0.396825,1065.55,166.25,1387.84,0.0,1.0,1.0,1.0,1.0,0.0,0.07783949999999999,41.9551,42.1627,41.2805,41.7994,0.129731,15.1125,95.8489,89.5543,90.1885,96.3907,0.0,7.85165,62.6418,0.0,0.0,-86.1782,99.5781,95.1803,57.4191,311.559,47.8937,294.5490000000001,287.825,51.0345,425.695,425.811,423.698,531.139,504.514,598.99,430.274,423.578,534.5740000000002,499.432,600.354,409.971,407.229,515.795,515.08,613.138,409.033,407.951,516.01,514.507,615.102,430.677,430.533,537.025,536.453,614.5509999999998,431.61300000000006,430.749,536.262,536.739,613.257,598.2,599.923,22.0879,396.785,1122.41
2020-11-22 08:00:25,96.7949,97.5275,97.2833,97.6496,70.3602,69.5666,69.8718,69.9939,34.5849,34.3407,34.4628,32.7534,15.1099,14.9267,15.7814,14.8657,15.7814,14.6825,14.9878,15.4151,48.6935,18.9988,24.9573,30.8181,86.8864,123.419,91.4774,69.01100000000001,59,59,59,59,58.9438,59.4933,59.2491,59.6764,59,59,59,59,11.4469,11.2027,11.2637,11.3248,11.5079,11.63,11.0195,11.2027,11.8132,12.4847,12.5458,12.3626,54.4872,56.1355,55.4029,55.5861,25.0,24.1453,24.2674,24.8779,42.094,56.3797,41.4835,41.6056,32.265,32.6923,32.6923,33.4249,27.2589,27.381,27.6862,26.8926,40.87300000000001,41.7888,40.7509,40.6899,33.1197,33.3028,33.1197,33.8523,24.5116,24.0232,24.8779,24.6337,40.7509,41.1783,40.812,41.0562,32.5702,32.7534,32.265,32.2039,25.0,24.3284,24.9389,29.0293,41.1172,42.3993,41.4835,40.9951,15.6593,15.232,30.9829,15.4762,15.293,15.1099,38.9194,15.5372,16.0867,15.232,16.453,15.4151,35.3175,35.5006,36.0501,35.6838,97.2222,98.0769,97.2222,98.138,59.9817,59.188,60.1038,59.7375,59,59,59,59,59.6764,59.6764,59.6764,59.3712,5.7081800000000005,0.396825,4.60928,59.2491,44.2918,49.8474,42.3382,49.7863,38.2479,47.8938,2.77778,0.396825,1065.54,167.95,1393.37,0.0,1.0,1.0,1.0,1.0,0.0,0.07783949999999999,41.9551,42.1627,41.7476,42.2665,0.129731,15.1125,96.1251,87.9792,91.2979,96.3907,0.0,7.85165,59.0774,0.0,0.0,-72.5121,99.5781,95.1803,59.6359,311.363,49.4806,293.7390000000001,287.825,51.0345,425.695,425.811,423.698,531.139,504.514,598.99,430.274,423.578,534.431,499.432,600.354,409.971,407.229,515.795,515.08,613.138,409.033,407.951,516.01,514.507,615.102,430.677,430.533,537.025,536.453,614.5509999999998,431.61300000000006,430.749,536.262,536.739,613.257,598.2,599.923,22.0879,396.785,1122.92
2020-11-22 08:00:30,96.7949,97.5275,97.2833,99.0537,68.2234,69.0171,69.1392,68.8339,34.5849,34.3407,34.4628,32.7534,15.1099,14.9267,15.7814,14.8657,15.7814,14.6825,14.9878,15.4151,47.5214,18.9988,24.9573,30.8181,86.8864,123.419,90.2076,69.9878,59,59,59,59,58.9438,59.4933,59.2491,59.6764,59,59,59,59,11.4469,11.2027,11.2637,11.3248,11.5079,11.2027,11.0195,11.2027,11.8132,12.4847,12.5458,12.3626,54.4872,56.1355,55.4029,55.5861,25.0,24.1453,24.2674,24.8779,42.094,56.3797,41.4835,41.6056,32.265,32.6923,32.1429,32.8755,27.2589,27.381,27.6862,26.8926,40.87300000000001,41.7888,40.7509,40.6899,33.1197,33.3028,33.1197,33.8523,24.5116,24.0232,24.8779,24.6337,40.7509,41.1783,40.812,41.0562,32.5702,32.7534,32.265,32.2039,25.0,25.1221,24.9389,29.0293,41.1172,42.3993,41.4835,40.9951,15.6593,15.232,30.9829,15.4762,15.293,15.1099,38.9194,15.5372,16.0867,15.232,16.453,15.4151,35.3175,35.5006,36.0501,35.6838,97.2222,98.0769,97.2222,98.138,59.9817,59.188,60.1038,59.7375,59,59,59,59,59.6764,59.6764,59.6764,59.3712,5.7081800000000005,0.396825,4.60928,59.2491,44.2918,49.8474,42.3382,49.7863,38.2479,47.8938,2.77778,0.396825,1069.21,168.525,1387.1,0.0,1.0,1.0,1.0,1.0,0.0,0.07783949999999999,42.4222,42.1627,41.7476,42.2665,0.129731,14.4803,96.9024,90.0042,90.7869,97.1485,0.0,7.85165,61.4048,0.0,0.0,-54.7377,99.5781,95.1803,60.1496,313.567,49.924,290.586,287.825,51.0345,425.695,425.811,423.698,531.139,504.514,598.99,430.274,423.578,534.288,499.432,600.354,409.971,407.229,515.795,515.08,613.138,409.033,407.951,516.01,514.507,615.102,430.677,430.533,537.025,536.453,614.5509999999998,431.61300000000006,430.749,536.262,536.739,613.257,598.2,599.923,22.0879,397.842,1123.5
2020-11-22 08:00:35,96.7949,97.5275,97.2833,98.199,68.2234,69.0171,68.1013,68.1013,34.5849,34.3407,34.4628,32.7534,15.1099,14.9267,15.7814,15.7814,15.7814,14.6825,14.9878,15.4151,46.3492,18.9988,24.9573,29.9389,85.7143,122.54,89.2308,68.8156,59,59,59,59,58.9438,59.4933,59.2491,59.6764,59,59,59,59,11.4469,11.2027,11.2637,11.3248,11.5079,11.2027,11.0195,11.2027,11.8132,12.4847,12.5458,12.3626,54.4872,56.1355,55.4029,55.5861,25.0,24.1453,24.2674,24.8779,42.094,56.3797,41.4835,41.6056,32.265,32.6923,32.1429,32.326,27.2589,27.381,27.6862,26.8926,41.4225,41.7888,40.7509,40.6899,33.1197,33.3028,33.1197,33.8523,24.5116,24.0232,24.8779,24.6337,40.7509,41.1783,40.812,41.0562,32.5702,32.7534,32.265,32.2039,25.0,25.1221,24.9389,29.0293,41.1172,42.3993,41.4835,40.9951,15.6593,15.232,30.9829,15.4762,15.293,15.1099,38.9194,15.5372,16.0867,15.232,16.453,15.4151,35.3175,35.5006,36.0501,35.6838,97.2222,98.0769,97.2222,98.138,59.9817,59.188,60.1038,59.7375,59,59,59,59,59.6764,59.6764,59.6764,59.3712,5.7081800000000005,0.396825,4.60928,59.2491,44.2918,49.8474,42.3382,49.7863,38.2479,47.8938,2.77778,0.396825,1071.65,169.03799999999995,1375.45,0.0,1.0,1.0,1.0,1.0,0.0,0.07783949999999999,42.4222,42.1627,41.7476,42.2665,0.129731,14.4803,95.8568,89.3889,90.0956,95.5293,0.0,7.85165,57.7135,0.0,0.0,-18.0291,99.5781,95.1803,60.7284,317.115,49.2695,286.709,287.825,51.0345,425.695,425.811,423.698,531.139,504.514,598.99,430.274,423.578,534.288,499.432,600.354,409.971,407.229,515.795,515.08,613.138,409.033,407.951,516.01,514.507,615.102,430.677,430.533,537.025,536.453,614.5509999999998,431.61300000000006,430.749,536.262,536.739,613.257,598.2,599.923,22.0879,396.785,1124.69
2020-11-22 08:00:40,96.0623,96.978,97.2833,98.199,66.6361,65.7204,67.4298,66.8193,34.5849,34.3407,34.4628,32.7534,15.1099,14.9267,15.7814,15.7814,15.7814,14.6825,14.9878,15.4151,46.3492,18.9988,24.9573,31.0134,87.1795,122.54,88.25399999999998,68.8156,59,59,59,59,58.9438,59.4933,59.2491,59.6764,59,59,59,59,11.4469,11.2027,11.2637,11.3248,11.5079,11.2027,11.0195,11.2027,11.8132,12.4847,12.5458,12.3626,55.0366,56.1355,55.4029,55.5861,25.0,24.1453,24.2674,24.8779,42.094,57.1123,41.4835,41.6056,32.265,32.6923,32.1429,31.7155,27.2589,27.381,27.6862,26.8926,41.4225,41.7888,40.7509,41.6056,33.1197,33.3028,33.1197,33.8523,24.5116,24.0232,24.8779,24.6337,40.7509,41.1783,40.812,41.0562,32.5702,32.7534,32.265,32.2039,25.0,25.1221,24.9389,29.0293,41.1172,42.3993,41.4835,40.9951,15.6593,15.232,30.9829,15.4762,15.293,15.1099,38.9194,15.5372,16.0867,15.232,16.453,15.4151,35.3175,35.5006,36.0501,35.6838,97.2222,98.0769,97.2222,98.138,59.9817,59.188,60.1038,59.7375,59,59,59,59,59.6764,59.6764,59.6764,59.3712,5.7081800000000005,0.396825,4.60928,59.2491,44.2918,49.8474,42.3382,49.7863,38.2479,47.8938,2.77778,0.396825,1070.4,169.60299999999995,1370.37,0.0,1.0,1.0,1.0,1.0,0.0,0.07783949999999999,42.4222,42.1627,41.7476,42.2665,0.129731,14.4803,97.5563,89.3889,91.0952,95.5293,0.0,7.85165,60.4173,0.0,0.0,-7.6152,99.5781,95.1803,59.6587,320.099,48.7095,283.871,287.825,50.0265,425.695,425.811,423.698,531.139,504.514,598.99,430.274,423.578,534.145,499.432,600.354,409.971,407.229,515.795,515.08,613.138,409.033,407.951,516.01,514.507,615.102,430.677,430.533,537.025,536.453,614.5509999999998,431.61300000000006,430.749,536.262,536.739,613.257,598.2,599.923,22.0879,399.957,1125.88
2020-11-22 08:00:45,96.0623,96.0012,96.3675,98.199,66.0867,65.7204,66.6361,66.8193,34.5849,34.3407,34.4628,32.7534,15.1099,14.9267,15.7814,15.7814,15.7814,14.6825,14.9878,15.4151,46.3492,18.9988,24.9573,31.8926,87.1795,121.661,88.25399999999998,68.8156,59,59,59,59,58.9438,59.4933,59.2491,59.6764,59,59,59,59,11.4469,11.2027,11.2637,11.3248,11.5079,11.2027,11.0195,11.2027,11.8132,12.4847,11.9353,12.3626,55.0366,56.1355,55.4029,55.5861,25.0,24.1453,24.2674,24.8779,42.094,57.1123,41.4835,41.6056,32.265,32.6923,31.5934,31.7155,27.2589,27.381,27.6862,26.8926,41.4225,41.7888,41.9719,41.6056,33.1197,33.3028,33.1197,33.8523,24.5116,24.0232,24.8779,24.6337,40.7509,41.1783,40.812,42.033,32.5702,32.7534,32.265,32.2039,25.0,25.1221,24.3895,29.0293,41.1172,42.9487,41.4835,41.8498,15.6593,15.232,30.9829,15.4762,15.293,15.1099,38.9194,15.5372,16.0867,15.232,16.453,15.4151,35.3175,35.5006,36.0501,35.6838,97.2222,98.0769,97.2222,98.138,59.9817,59.188,60.1038,59.7375,59,59,59,59,59.6764,59.6764,59.6764,59.3712,5.7081800000000005,0.396825,4.60928,59.2491,44.2918,49.8474,42.3382,49.7863,38.2479,47.8938,2.77778,0.396825,1074.14,169.60299999999995,1371.54,0.0,1.0,1.0,1.0,1.0,0.0,0.07783949999999999,42.4222,42.1627,41.7476,42.2665,0.129731,13.8041,95.5217,88.772,90.1258,96.2621,0.0,7.95055,60.1495,0.0,0.0,-9.22017,99.5781,95.1803,60.2098,320.099,49.4345,283.3520000000001,287.825,50.0265,425.695,425.811,422.69,531.139,504.514,598.99,430.274,423.578,534.145,499.432,600.354,409.971,407.229,515.795,515.08,613.138,409.033,407.951,516.01,514.507,615.102,430.677,430.533,537.025,536.453,614.5509999999998,431.61300000000006,430.749,536.262,536.739,613.257,598.2,599.923,22.0879,399.42800000000005,1127.05
2020-11-22 08:00:50,95.5128,96.0012,96.3675,96.6728,66.0867,65.7204,65.9035,65.8425,34.5849,34.3407,34.4628,32.7534,15.1099,14.9267,15.7814,15.7814,15.7814,15.232,14.9878,15.4151,47.2283,18.9988,24.9573,31.8926,87.1795,121.661,88.25399999999998,68.8156,59,59,59,59,58.9438,59.4933,59.2491,59.6764,59,59,59,59,11.4469,11.2027,11.2637,11.3248,11.5079,11.2027,11.0195,11.2027,11.8132,12.4847,12.4847,12.3626,55.0366,56.1355,55.4029,55.5861,25.5495,24.1453,24.2674,24.8779,42.094,57.1123,43.0098,42.7656,32.265,32.6923,31.5934,31.1661,27.2589,27.381,27.6862,26.8926,41.4225,41.7888,41.9719,41.6056,33.6691,33.3028,33.1197,33.8523,24.5116,24.0232,24.8779,24.6337,42.2161,41.1783,41.4835,42.033,32.5702,32.7534,32.265,32.2039,25.0,25.1221,24.3895,29.0293,41.1172,42.9487,41.4835,41.8498,15.6593,15.232,30.9829,15.4762,15.293,15.1099,38.9194,15.5372,16.0867,15.232,16.453,15.4151,35.3175,35.5006,36.0501,35.6838,97.2222,98.0769,97.2222,98.138,59.9817,59.188,60.1038,59.7375,59,59,59,59,59.6764,59.6764,59.6764,59.3712,5.7081800000000005,0.396825,4.60928,59.2491,44.2918,49.8474,42.3382,49.7863,38.2479,47.8938,2.77778,0.396825,1072.92,169.015,1369.16,0.0,1.0,1.0,1.0,1.0,0.0,0.07783949999999999,42.4222,42.1627,41.7476,42.2665,0.129731,13.8041,96.8046,91.8485,90.8029,96.2621,0.0,7.95055,62.0575,0.0,0.0,0.671197,99.5781,95.1803,59.5022,321.1690000000001,50.3962,282.819,287.825,50.0265,425.695,425.811,422.69,531.139,504.514,598.99,430.274,423.578,534.145,499.432,600.354,409.971,407.229,515.795,515.08,613.138,409.033,407.951,516.01,514.507,615.102,430.677,430.533,537.025,536.453,614.5509999999998,431.61300000000006,430.749,536.262,536.739,613.257,598.2,599.923,22.0879,399.957,1127.61
2020-11-22 08:00:55,95.5128,95.0244,95.8181,96.6728,64.1941,65.7204,64.8657,63.7668,34.5849,34.3407,34.4628,32.7534,15.1099,14.9267,15.7814,15.7814,15.7814,15.232,14.9878,15.4151,47.2283,18.9988,24.9573,31.8926,86.105,120.586,87.2772,67.9365,59,59,59,59,58.9438,59.4933,59.2491,59.6764,59,59,59,59,11.4469,11.2027,11.2637,11.3248,11.5079,11.2027,11.0195,11.2027,11.8132,12.4847,12.4847,12.3626,55.0366,56.1355,55.4029,55.5861,25.5495,24.1453,24.2674,24.8779,42.094,57.1123,43.0098,42.7656,32.265,32.6923,34.0354,30.5556,27.2589,27.381,27.6862,27.442,42.7045,41.7888,41.9719,41.6056,33.6691,33.3028,33.1197,33.8523,24.5116,24.0232,24.8779,24.6337,41.5446,41.1783,41.4835,42.033,32.5702,32.7534,32.265,32.2039,25.0,26.4042,24.3895,29.0293,42.2161,42.9487,42.033,41.8498,15.6593,15.232,30.9829,15.4762,15.293,15.1099,38.9194,15.5372,16.0867,15.232,16.453,15.4151,35.3175,35.5006,36.0501,35.6838,97.2222,98.0769,97.2222,98.138,59.9817,59.188,60.1038,59.7375,59,59,59,59,59.6764,59.6764,59.6764,59.3712,5.7081800000000005,0.396825,4.60928,59.2491,44.2918,48.8095,42.3382,49.7863,38.2479,47.8938,2.77778,0.396825,1063.15,169.015,1370.49,0.0,1.0,1.0,1.0,1.0,0.0,0.07783949999999999,42.4222,42.1627,41.7476,42.2665,0.129731,13.8041,96.8046,90.8659,90.8029,96.2621,0.0,7.95055,60.8112,0.0,0.0,3.55524,99.5781,95.1803,59.5022,319.607,50.8973,281.775,287.825,50.0265,425.695,425.811,422.69,531.139,504.514,598.99,430.274,423.578,534.145,499.432,600.354,409.971,407.229,515.795,515.08,613.138,409.033,407.951,516.01,514.507,615.102,430.677,430.533,537.025,536.453,614.5509999999998,431.61300000000006,430.749,536.262,536.739,613.257,598.2,599.923,21.917,400.485,1127.61
2020-11-22 08:01:00,93.4371,95.5739,95.8181,96.6728,64.1941,62.1795,63.6447,63.7668,34.5849,34.3407,34.4628,32.7534,15.1099,14.9267,15.7814,15.7814,15.7814,15.232,14.9878,15.4151,47.2283,18.1197,24.9573,32.7717,86.105,120.586,87.2772,67.9365,59,59,59,59,58.9438,59.4933,59.2491,59.6764,59,59,59,59,11.4469,11.2027,11.2637,11.3248,11.5079,11.2027,11.0195,11.2027,11.8132,12.4847,12.4847,12.3626,55.0366,56.1355,55.4029,55.5861,25.5495,24.1453,24.8168,24.8779,42.094,57.1123,43.0098,42.7656,32.265,32.6923,32.8144,30.5556,27.2589,27.381,27.6862,27.442,42.7045,41.7888,41.9719,41.6056,33.6691,33.3028,33.1197,33.8523,24.5116,24.0232,24.8779,24.6337,41.5446,41.1783,41.4835,42.033,32.5702,32.7534,32.265,32.2039,25.0,24.9389,24.3895,29.6398,42.2161,42.9487,42.033,41.8498,15.6593,15.232,30.9829,15.4762,15.293,15.1099,38.9194,15.5372,16.0867,15.232,16.453,15.4151,35.3175,35.5006,36.0501,35.6838,97.2222,98.0769,97.2222,98.138,59.9817,59.188,60.1038,59.7375,59,59,59,59,59.6764,59.6764,59.6764,59.3712,5.7081800000000005,0.396825,4.60928,59.2491,44.2918,48.8095,42.3382,49.7863,38.2479,47.8938,2.77778,0.396825,1058.31,169.741,1377.84,0.0,1.0,1.0,1.0,1.0,0.0,0.07783949999999999,42.8892,42.6816,42.2665,42.7335,0.129731,13.8041,98.0828,91.9801,90.0505,96.2621,0.0,7.95055,61.1484,0.0,0.0,6.32268,99.5781,95.1803,61.9872,316.969,51.5015,282.277,287.825,50.0265,425.695,424.778,422.69,531.139,504.514,598.99,430.274,423.578,534.145,499.432,600.354,409.971,407.229,515.795,515.08,613.138,409.033,407.951,516.01,514.507,615.102,430.677,430.533,537.025,536.453,614.5509999999998,431.61300000000006,430.749,536.262,536.739,613.257,598.2,598.894,21.917,399.957,1126.96
2020-11-22 08:01:05,94.7802,95.5739,95.8181,96.1233,63.2173,62.1795,62.6679,63.2173,34.5849,34.3407,34.4628,32.7534,15.1099,14.9267,15.7814,15.7814,15.7814,15.232,14.9878,15.4151,45.2747,18.1197,24.9573,32.7717,86.105,121.661,88.3516,68.8156,59,59,59,59,58.9438,59.4933,59.2491,59.6764,59,59,59,59,11.4469,11.2027,11.2637,11.3248,11.5079,11.2027,11.0195,11.2027,11.8132,12.4847,11.9353,12.3626,55.0366,56.1355,55.4029,55.5861,25.5495,24.6948,24.8168,24.8779,42.8266,57.1123,43.0098,42.7656,32.265,32.6923,32.8144,29.884,27.2589,27.381,27.6862,27.442,42.7045,41.7888,41.9719,41.6056,33.1197,33.3028,33.1197,33.8523,24.5116,24.0232,24.8779,24.6337,41.5446,41.7277,41.4835,42.033,32.5702,32.7534,32.265,32.2039,25.0,25.6105,24.3895,29.6398,42.2161,42.9487,42.033,41.8498,15.6593,15.232,30.9829,15.4762,15.293,15.1099,38.9194,15.5372,16.0867,15.232,16.453,15.4151,35.3175,35.5006,36.0501,35.6838,97.2222,98.0769,97.2222,98.138,59.9817,59.188,60.1038,59.7375,59,59,59,59,59.6764,59.6764,59.6764,59.3712,5.7081800000000005,0.396825,4.60928,59.2491,44.2918,48.8095,42.3382,49.7863,38.2479,47.8938,2.77778,0.396825,1060.83,170.25099999999995,1367.86,0.0,1.0,1.0,1.0,1.0,0.0,0.07783949999999999,42.8892,42.6816,42.2665,42.7335,0.129731,13.8041,97.9393,88.3483,90.2806,96.2108,0.0,7.95055,63.0,0.0,0.0,-15.7645,99.5781,95.1803,63.282,316.205,52.8479,283.3,287.825,50.0265,425.695,424.778,422.69,531.139,504.514,598.99,430.274,423.578,534.145,499.432,599.325,409.971,407.229,515.795,515.08,613.138,409.033,407.951,516.01,514.507,615.102,430.677,430.533,537.025,536.453,614.5509999999998,431.61300000000006,430.749,536.262,536.739,613.257,598.2,598.894,21.917,401.014,1125.89
2020-11-22 08:01:10,94.7802,95.0244,95.8181,96.1233,61.7521,62.1795,62.1184,61.4469,34.5849,34.3407,34.4628,32.7534,15.1099,14.9267,15.7814,15.7814,15.7814,15.232,14.9878,15.4151,45.2747,18.1197,24.9573,32.7717,84.9328,121.856,89.4261,68.8156,59,59,59,59,58.9438,59.4933,59.2491,59.6764,59,59,59,59,11.4469,11.2027,11.2637,11.3248,11.5079,11.2027,11.0195,11.2027,11.8132,12.4847,11.9353,12.3626,55.0366,56.1355,56.0134,55.5861,25.5495,24.6948,24.8168,24.8779,42.8266,57.1123,43.0098,42.7656,32.265,32.6923,32.8144,34.2186,27.9915,27.381,27.6862,27.442,42.7045,41.7888,41.9719,41.6056,33.1197,33.3028,33.1197,33.8523,25.0611,24.0232,24.8779,24.6337,42.3993,41.7277,41.4835,42.033,32.5702,32.7534,32.265,32.2039,25.0,25.6105,24.3895,29.6398,42.2161,42.9487,42.033,42.6435,15.6593,15.232,30.9829,15.4762,15.293,15.1099,38.9194,15.5372,16.0867,15.232,16.453,15.4151,35.3175,35.5006,36.0501,35.6838,97.2222,98.0769,97.2222,98.138,59.9817,59.188,60.1038,59.7375,59,59,59,59,59.6764,59.6764,59.6764,59.3712,5.7081800000000005,0.396825,4.60928,57.90600000000001,44.2918,48.8095,42.3382,49.7863,38.2479,47.8938,2.77778,0.396825,1063.53,170.767,1371.82,0.0,1.0,1.0,1.0,1.0,0.0,0.07783949999999999,42.8892,42.6816,42.2665,42.7335,0.129731,13.8041,95.2969,90.8062,89.6148,96.9005,0.0,7.95055,61.8082,0.0,0.0,-23.8429,99.5781,95.1803,61.6203,318.62,52.8479,283.824,287.825,50.0265,425.695,424.778,422.69,531.139,504.514,598.99,430.274,423.578,534.264,499.432,599.325,409.971,407.229,515.795,515.08,613.138,409.033,407.951,516.01,514.507,615.102,430.677,430.533,537.025,536.453,614.5509999999998,431.61300000000006,430.749,536.262,536.739,613.257,598.2,598.894,21.917,401.543,1125.89
2020-11-22 08:01:15,94.7802,95.0244,94.9634,96.1233,61.7521,62.1795,61.2637,61.4469,34.5849,34.3407,34.4628,32.7534,15.1099,14.9267,15.7814,15.7814,15.7814,15.232,14.9878,15.4151,45.2747,19.1941,23.8828,32.7717,84.9328,121.856,89.4261,69.6947,59,59,59,59,58.9438,59.4933,59.2491,59.6764,59,59,59,59,11.4469,11.2027,11.2637,11.3248,10.9585,11.2027,11.0195,11.2027,11.8132,12.4847,11.9353,12.3626,55.0366,56.1355,56.0134,55.5861,25.5495,24.6948,24.8168,24.8779,42.8266,57.1123,43.0098,42.7656,32.265,32.6923,32.8144,34.2186,27.9915,27.381,27.6862,27.442,42.7045,42.3382,41.9719,41.6056,33.1197,33.3028,33.1197,33.8523,25.0611,24.7558,24.8779,24.6337,42.3993,42.2772,41.4835,42.033,32.5702,32.7534,32.265,32.2039,25.0,24.8779,24.3895,29.6398,42.2161,42.9487,42.033,42.6435,15.6593,15.232,30.9829,15.4762,15.293,15.1099,38.9194,15.5372,16.0867,15.232,16.453,15.4151,35.3175,35.5006,36.0501,35.6838,97.2222,98.0769,97.2222,98.138,59.9817,59.188,60.1038,59.7375,59,59,59,59,59.6764,59.6764,59.6764,59.3712,5.7081800000000005,0.396825,4.60928,57.90600000000001,42.8266,47.4664,42.3382,48.5043,38.2479,46.5507,2.77778,0.396825,1062.19,170.106,1363.83,0.0,1.0,1.0,1.0,1.0,0.0,0.07783949999999999,42.8892,42.6816,41.7994,42.7335,0.129731,13.8041,95.9876,91.4815,89.6148,96.9005,0.0,8.04945,61.0571,0.0,0.0,0.127411,99.5781,95.1803,59.1668,321.885,52.8479,283.824,287.825,50.0265,425.695,424.778,422.69,531.139,504.514,598.99,429.242,422.546,534.264,499.432,599.325,409.971,407.229,515.795,515.08,613.138,409.033,407.951,516.01,514.507,615.102,430.677,430.533,537.025,536.453,614.5509999999998,431.61300000000006,430.749,536.262,536.739,613.257,598.2,598.894,21.917,400.485,1125.89
2020-11-22 08:01:20,94.7802,95.0244,94.9634,96.1233,59.8596,60.0427,60.4701,60.2259,34.5849,34.3407,34.4628,32.7534,15.1099,14.9267,15.7814,15.7814,15.7814,14.6215,14.9878,15.4151,45.2747,19.1941,23.8828,31.7949,84.9328,120.879,89.4261,69.6947,59,59,59,59,58.9438,59.4933,59.2491,59.6764,59,59,59,59,11.4469,11.2027,11.2637,11.3248,10.9585,11.2027,11.0195,11.2027,11.8132,12.4847,11.9353,12.3626,55.0366,56.1355,55.464,55.5861,25.5495,24.6948,24.8168,24.8779,42.8266,57.1123,43.0098,42.7656,32.265,32.6923,32.8144,34.2186,27.9915,27.381,27.6862,27.442,42.7045,42.3382,41.9719,41.6056,33.1197,33.3028,33.1197,33.8523,25.0611,24.7558,24.8779,24.6337,42.3993,42.8266,41.4835,42.033,32.5702,32.7534,33.0586,32.2039,25.0,25.4884,24.3895,29.6398,42.2161,42.9487,42.033,42.6435,15.6593,15.232,30.9829,15.4762,15.293,15.1099,38.9194,15.5372,16.0867,15.232,16.453,15.4151,35.3175,35.5006,36.0501,35.6838,97.2222,98.0769,97.2222,98.138,59.9817,59.188,60.1038,59.7375,59,59,59,59,59.6764,59.6764,59.6764,59.3712,5.7081800000000005,0.396825,4.60928,57.90600000000001,42.8266,47.4664,42.3382,48.5043,38.2479,46.5507,2.77778,0.396825,1062.24,168.62599999999995,1368.89,0.0,1.0,1.0,1.0,1.0,0.0,0.07783949999999999,41.9551,42.1627,41.2805,42.1627,0.129731,13.8041,95.6666,91.6575,90.378,96.9005,0.0,8.04945,58.2914,0.0,0.0,1.93314,99.5781,95.1803,59.1668,321.123,53.8209,282.277,287.825,50.0265,425.695,424.778,422.69,531.139,504.514,598.99,429.242,422.546,534.4069999999998,499.432,599.325,409.971,407.229,515.795,515.08,613.138,409.033,407.951,516.01,514.507,615.102,430.677,430.533,537.025,536.453,614.5509999999998,431.61300000000006,430.749,536.262,536.739,613.257,598.2,598.894,21.917,399.957,1125.36
2020-11-22 08:01:25,94.7802,95.0244,95.3297,96.1233,59.3101,60.348,59.7985,60.2259,34.5849,34.3407,34.4628,32.7534,15.1099,14.9267,15.7814,15.232,15.7814,14.6215,14.9878,15.4151,46.8376,19.1941,23.8828,31.7949,84.9328,120.879,88.54700000000003,70.5739,59,59,59,59,58.9438,59.4933,59.2491,59.6764,59,59,59,59,11.4469,11.2027,11.2637,11.3248,10.9585,11.2027,11.0195,11.2027,11.8132,12.4847,11.9353,12.3626,55.0366,56.1355,55.464,55.5861,25.5495,24.6948,24.8168,24.8779,42.8266,58.2723,43.0098,42.7656,32.265,32.6923,32.8144,34.2186,27.9915,27.381,27.6862,27.442,42.7045,42.3382,41.9719,41.6056,33.1197,33.3028,33.1197,33.8523,25.0611,25.3053,24.8779,24.6337,42.3993,42.8266,41.4835,42.033,32.5702,32.7534,33.0586,32.2039,25.0,25.4884,24.3895,29.6398,42.2161,42.9487,42.033,42.6435,15.6593,15.232,30.9829,15.4762,15.293,15.1099,38.9194,15.5372,16.0867,15.232,16.453,15.4151,35.3175,35.5006,36.0501,35.6838,97.2222,98.0769,97.2222,98.138,59.9817,59.188,60.1038,59.7375,59,59,59,59,59.6764,59.6764,59.6764,59.3712,5.7081800000000005,0.396825,4.60928,57.90600000000001,42.8266,47.4664,42.3382,48.5043,38.2479,46.5507,2.77778,0.396825,1053.72,167.11,1369.61,0.0,1.0,1.0,1.0,1.0,0.0,0.07783949999999999,41.9551,42.1627,41.2805,41.6957,0.129731,13.2014,96.6642,89.1766,89.7493,96.9005,0.0,8.04945,60.5155,0.0,0.0,-16.0069,99.5781,95.1803,60.5126,321.934,52.8401,283.547,287.825,50.0265,425.695,424.778,421.681,531.139,504.514,598.99,429.242,422.546,534.55,500.505,599.325,409.971,407.229,515.795,515.08,613.138,409.033,407.951,516.01,514.507,615.102,430.677,430.533,537.025,536.453,614.5509999999998,431.61300000000006,430.749,536.262,536.739,613.257,598.2,598.894,21.917,399.957,1124.8
2020-11-22 08:01:30,94.2308,94.2918,95.3297,96.1233,59.3101,57.1734,58.6386,58.6386,34.5849,34.3407,34.4628,32.7534,15.1099,14.9267,15.7814,15.232,15.7814,14.6215,14.9878,15.4151,48.2051,19.1941,23.8828,30.9158,84.9328,122.149,84.8352,69.5971,59,59,59,59,58.9438,59.4933,59.2491,59.6764,59,59,59,59,11.4469,11.2027,11.2637,11.3248,10.409,11.2027,11.0195,11.2027,11.8132,12.4847,11.9353,12.3626,55.0366,56.1355,55.464,55.5861,25.5495,24.6948,24.8168,24.8779,42.8266,58.2723,43.0098,42.7656,32.265,32.6923,32.8144,34.2186,27.9915,27.9304,27.6862,27.442,42.7045,42.3382,41.9719,41.6056,33.1197,33.3028,33.1197,33.8523,25.0611,25.3053,24.8779,24.6337,42.3993,41.7277,41.4835,42.033,32.5702,32.7534,33.0586,32.2039,25.0,25.4884,24.3895,29.6398,42.2161,42.9487,42.033,42.6435,15.6593,15.232,30.9829,15.4762,15.293,15.1099,38.9194,15.5372,16.0867,15.232,16.453,15.4151,35.3175,35.5006,36.0501,35.6838,97.2222,98.0769,97.2222,98.138,59.9817,59.188,60.1038,59.7375,59,59,59,59,59.6764,59.6764,59.6764,59.3712,5.7081800000000005,0.396825,4.60928,57.90600000000001,42.8266,47.4664,42.3382,48.5043,38.2479,46.5507,2.77778,0.396825,1041.36,166.393,1382.44,0.0,1.0,1.0,1.0,1.0,0.0,0.07783949999999999,41.9551,41.6957,41.2805,41.6957,0.129731,13.2014,97.941,90.798,91.15,96.6404,0.0,8.04945,58.6829,0.0,0.0,-10.6923,99.5781,95.1803,61.6203,323.842,53.3781,290.031,287.825,50.0265,425.695,424.778,421.681,531.139,504.514,598.99,429.242,422.546,534.836,500.505,599.325,409.971,407.229,515.795,515.08,613.138,409.033,407.951,516.01,514.507,615.102,430.677,430.533,537.025,536.453,614.5509999999998,431.61300000000006,430.749,537.312,536.739,613.257,598.2,598.894,21.917,399.42800000000005,1122.1
2020-11-22 08:01:35,94.2308,94.2918,94.7192,96.1233,57.5397,57.1734,57.90600000000001,58.6386,34.5849,34.3407,34.4628,32.7534,15.1099,14.9267,15.7814,15.232,15.7814,14.6215,14.9878,15.4151,49.2796,19.1941,22.8083,30.9158,86.105,122.149,83.956,69.5971,59,59,59,59,58.9438,59.4933,59.2491,59.6764,59,59,59,59,11.4469,11.2027,11.2637,11.3248,10.409,11.2027,11.0195,11.2027,11.8132,12.4847,11.9353,12.3626,55.0366,56.1355,55.464,55.5861,25.5495,24.6948,24.8168,24.8779,42.8266,58.2723,43.0098,42.7656,32.265,32.6923,32.8144,34.2186,27.9915,27.9304,27.6862,27.442,42.7045,42.3382,41.9719,41.6056,33.1197,33.3028,33.1197,33.8523,25.0611,25.3053,24.8779,24.6337,42.3993,41.7277,41.4835,42.033,32.5702,32.7534,33.0586,32.2039,25.0,24.8168,24.3895,29.6398,42.2161,42.9487,42.033,42.6435,15.6593,15.232,30.9829,15.4762,15.293,15.1099,38.9194,15.5372,16.0867,15.232,16.453,15.4151,35.3175,35.5006,36.0501,35.6838,97.2222,98.0769,97.2222,98.138,59.9817,59.188,60.1038,59.7375,59,59,59,59,59.6764,59.6764,59.6764,59.3712,5.7081800000000005,0.396825,4.60928,56.3187,42.8266,47.4664,42.3382,48.5043,38.2479,46.5507,2.77778,0.396825,1045.12,166.393,1377.43,0.0,1.0,1.0,1.0,1.0,0.0,0.07783949999999999,41.9551,41.6957,41.2805,41.6957,0.129731,13.2014,98.5528,91.4569,91.15,97.296,0.0,8.04945,58.3567,0.0,0.0,-28.8147,99.5781,95.1803,61.6203,325.845,52.2951,297.434,287.825,50.0265,425.695,424.778,421.681,531.139,504.514,598.99,429.242,422.546,534.836,500.505,599.325,409.971,407.229,515.795,515.08,613.138,409.033,407.951,516.01,514.507,615.102,430.677,430.533,537.025,536.453,614.5509999999998,431.61300000000006,430.749,537.312,536.739,613.257,598.2,598.894,21.917,397.842,1119.87
2020-11-22 08:01:40,94.2308,94.2918,94.1087,96.1233,56.9902,56.6239,56.9902,57.0513,34.5849,34.3407,34.4628,32.7534,15.1099,14.9267,15.7814,15.232,15.7814,14.6215,14.9878,15.4151,50.4518,20.0733,22.8083,30.7204,86.105,123.419,85.81200000000003,69.5971,59,59,59,59,58.9438,59.4933,59.2491,59.6764,59,59,59,59,11.4469,11.2027,11.2637,11.3248,10.409,11.2027,11.0195,11.2027,11.8132,12.4847,11.9353,12.3626,54.4872,56.1355,56.0745,55.5861,25.5495,24.6948,24.8168,24.8779,42.8266,58.2723,43.0098,42.7656,32.265,32.6923,32.8144,34.2186,27.9915,27.9304,27.6862,27.442,42.7045,42.3382,41.9719,41.6056,33.1197,33.3028,33.1197,33.8523,25.0611,25.3053,24.8779,24.6337,42.3993,41.7277,41.4835,42.033,32.5702,32.7534,33.0586,32.2039,25.0,25.5495,24.3895,29.6398,42.2161,42.9487,42.033,42.6435,15.6593,15.232,30.9829,15.4762,15.293,15.1099,38.9194,15.5372,16.0867,15.232,16.453,15.4151,35.3175,35.5006,36.0501,35.6838,97.2222,98.0769,97.2222,98.138,59.9817,59.188,60.1038,59.7375,59,59,59,59,59.6764,59.6764,59.6764,59.3712,5.7081800000000005,0.396825,4.60928,56.3187,42.8266,47.4664,42.3382,48.5043,38.2479,45.6349,2.77778,0.396825,1046.3,165.88299999999995,1379.21,0.0,1.0,1.0,1.0,1.0,0.0,0.07783949999999999,41.9551,41.6957,41.2805,41.6957,0.129731,13.2014,96.0542,89.0592,89.8287,97.296,0.0,8.04945,60.7315,0.0,0.0,-10.2687,99.5781,95.1803,61.0365,326.936,53.0698,305.747,287.825,50.0265,425.695,424.778,421.681,531.139,504.514,598.99,429.242,422.546,535.123,500.505,599.325,409.971,407.229,515.795,515.08,613.138,409.033,407.951,516.01,514.507,615.102,430.677,430.533,537.025,536.453,614.5509999999998,431.61300000000006,430.749,537.312,536.739,613.257,598.2,598.894,21.917,396.785,1117.76
2020-11-22 08:01:45,94.2308,94.2918,94.1087,96.1233,56.9902,56.0745,56.9902,57.0513,34.5849,34.3407,34.4628,32.7534,15.1099,14.9267,15.7814,15.232,15.7814,14.6215,14.9878,15.4151,50.4518,20.0733,22.8083,32.1856,85.2259,123.419,88.6447,68.7179,59,59,59,59,58.9438,59.4933,59.2491,59.6764,59,59,59,59,11.4469,11.2027,11.2637,11.3248,10.409,11.2027,11.0195,11.2027,11.8132,12.4847,11.9353,12.3626,54.4872,56.1355,56.0745,55.5861,25.5495,24.6948,24.8168,24.8779,43.3761,58.2723,43.0098,42.7656,32.265,32.6923,32.8144,34.2186,27.9915,27.9304,27.6862,27.442,42.7045,42.3382,41.9719,41.6056,33.1197,33.3028,33.1197,33.8523,25.0611,25.3053,24.8779,24.6337,42.3993,41.7277,41.4835,42.033,32.5702,32.7534,33.0586,32.2039,25.0,25.5495,24.3895,29.6398,42.2161,42.9487,42.033,42.6435,15.6593,15.232,30.9829,15.4762,15.293,15.1099,38.9194,15.5372,16.0867,15.232,16.453,15.4151,35.3175,35.5006,36.0501,35.6838,97.2222,98.0769,97.2222,98.138,59.9817,59.188,60.1038,59.7375,59,59,59,59,59.6764,59.6764,59.6764,59.3712,5.7081800000000005,0.396825,4.60928,56.3187,42.8266,47.4664,42.3382,47.1001,38.2479,45.6349,2.77778,0.396825,1047.62,165.25799999999995,1382.28,0.0,1.0,1.0,1.0,1.0,0.0,0.07783949999999999,41.4881,41.2286,40.7616,41.1767,0.129731,13.2014,95.7257,88.3357,89.8287,97.296,0.0,8.04945,61.0395,0.0,0.0,-14.6695,99.5781,95.1803,60.4585,328.571,52.9605,311.18,287.825,50.0265,425.695,424.778,421.681,531.139,504.514,598.99,429.242,422.546,535.409,500.505,599.325,409.971,407.229,515.795,515.08,613.138,409.033,407.951,516.01,514.507,615.102,430.677,430.533,537.025,536.453,614.5509999999998,431.61300000000006,430.749,537.312,536.739,613.257,598.2,598.894,21.917,396.785,1115.91
2020-11-22 08:01:50,94.2308,94.9023,94.1087,95.5739,56.9902,56.9292,56.9902,56.5018,34.5849,34.3407,34.4628,32.7534,15.1099,14.9267,15.7814,15.232,15.7814,14.6215,14.9878,15.4151,50.4518,19.1941,22.8083,33.2601,85.2259,124.396,89.6215,69.6947,59,59,59,59,58.9438,59.4933,59.2491,59.6764,59,59,59,59,11.4469,11.2027,11.2637,11.3248,10.409,11.2027,11.0195,11.2027,11.8132,12.4847,11.9353,12.3626,54.4872,56.1355,56.0745,55.5861,25.5495,24.6948,24.8168,24.8779,43.3761,58.2723,43.0098,42.7656,32.265,32.6923,32.8144,34.2186,27.9915,27.9304,27.6862,27.442,42.7045,42.3382,41.9719,41.6056,33.1197,33.3028,33.1197,33.8523,25.0611,25.3053,24.8779,24.6337,42.3993,41.7277,41.4835,42.033,32.5702,32.7534,33.0586,32.2039,25.0,24.9389,24.3895,29.6398,42.2161,42.9487,42.033,42.6435,15.6593,15.232,30.9829,15.4762,15.293,15.1099,38.9194,15.5372,16.0867,15.232,16.453,15.4151,35.3175,35.5006,36.0501,35.6838,97.2222,98.0769,97.2222,98.138,59.9817,59.188,60.1038,59.7375,59,59,59,59,59.6764,59.6764,59.6764,59.3712,5.7081800000000005,0.396825,4.60928,55.3419,42.8266,46.3675,42.3382,47.1001,38.2479,44.4139,2.77778,0.396825,1047.7,163.793,1385.49,0.0,1.0,1.0,1.0,1.0,0.0,0.07783949999999999,40.9692,40.7616,40.2427,40.6059,0.129731,13.2014,97.1409,89.1063,90.5385,97.9275,0.0,8.04945,62.1942,0.0,0.0,-6.30583,99.5781,95.1803,59.3361,331.625,52.9605,313.883,287.825,50.0265,425.695,424.778,421.681,531.139,504.514,598.99,429.242,422.546,535.552,500.505,599.325,409.971,407.229,515.795,515.08,613.138,409.033,407.951,516.01,514.507,615.102,430.677,430.533,537.025,536.453,614.5509999999998,431.61300000000006,430.749,537.312,536.739,613.257,598.2,598.894,21.917,396.256,1114.81
